67
1
67
1
2
3
4
5
6
7
8
9
10
11
12
13
14
15
16
17
18
19
20
21
22
23
24
25
26
27
28
29
30
31
32
33
34
35
36
37
38
39
40
41
42
43
44
45
46
47
48
49
50
51
52
53
54
55
56
57
58
60
61
62
63
64
65
66
67
68
1105236.660
1105289.690
1104645.530
1104717.980
1104767.260
1104820.210
1105122.390
1105187.550
1105198.910
1105207.450
1104982.980
1104836.160
1104791.170
1104898.300
1104782.120
1104767.010
1105360.950
1105327.590
1105340.570
1105369.360
1105377.230
1105384.830
1105222.770
1105258.050
1105209.040
1105288.340
1105351.480
1105329.630
1105015.830
1105320.720
1105180.500
1105168.270
1105249.940
1105294.360
1105496.840
1105670.050
1105828.460
1105644.910
1105650.920
1105339.230
1105447.980
1105529.410
1105556.260
1105629.200
1105638.540
1105718.260
1105095.760
1105615.980
1105018.990
1105191.560
1105199.390
1105347.210
1105142.420
1105299.690
1104607.360
1105075.170
1104626.230
1104845.820
1105377.300
1105828.430
1106332.260
1105949.840
1105839.860
1104619.870
1105001.000
1105108.050
1105491.840
960523.900
960618.760
961412.360
961312.440
961077.790
960925.300
960382.760
960479.390
960452.670
960469.500
961308.450
960880.480
960974.990
961197.270
961084.130
961080.520
960725.160
960708.300
960733.640
960721.660
960718.390
960736.290
960530.460
960600.750
960711.690
960662.970
961012.690
960999.790
960805.300
961013.590
961036.650
961306.360
961173.650
961076.370
961023.560
961273.420
961478.810
961238.610
961246.370
961337.820
961229.370
961110.730
961146.520
961241.040
961254.470
961365.580
960319.670
961418.690
960140.270
960469.080
960464.920
960750.580
960403.040
960614.040
961228.500
960294.250
961042.210
961236.940
960922.570
961094.130
961137.090
961582.850
961514.170
961160.040
960923.000
960195.270
960149.500
941.2280
943.7330
935.2980
936.0110
937.9660
939.2850
940.6970
940.0790
940.1660
940.0660
935.7210
939.5180
938.9390
937.1040
937.9410
937.9380
942.7940
942.3880
941.9880
943.1910
943.5620
943.7150
940.9710
943.1830
940.0000
942.6060
939.2350
939.1760
940.0000
938.9990
938.6850
935.2530
937.2020
938.2970
942.0120
939.8140
939.4020
939.8790
939.8660
935.7650
937.8720
940.2340
940.0850
939.7710
939.7400
939.4980
940.9370
938.5930
943.4220
940.1140
940.1100
941.9530
940.5350
944.0560
936.5300
940.9630
937.9570
936.5690
940.0000
947.1350
962.5820
939.8280
939.2430
937.0020
940.0000
943.2400
945.0000
0.051219290000
0.008282291000
0.019980613000
0.064470598000
0.014510314000
0.028590715000
0.083982468000
0.071926747000
0.088823061000
0.047994466000
0.023949780000
0.086022397000
0.058933264000
0.044742026000
0.056731592000
0.037018975000
0.004059405000
0.026509550000
0.012437335000
0.002782124000
0.013679243000
0.048895019000
0.046974625000
0.051101068000
0.140410790000
0.034614104000
0.023613789000
0.047110990000
0.120688682000
0.029653221000
0.079799087000
0.044654737000
0.065166293000
0.051715911000
0.107557538000
0.067100945000
0.120575204000
0.018800461000
0.006921761000
0.035511586000
0.080110237000
0.053365251000
0.069793628000
0.045501539000
0.009983972000
0.126863480000
0.057452999000
0.032163430000
0.027878505000
0.005557694000
0.000924820000
0.080186245000
0.076656143000
0.038236330000
0.032332376000
0.033917888000
0.047722300000
0.025510686000
0.169579830000
0.079052858000
0.088379755000
0.105194182000
0.040654633000
0.025364224000
0.036902550000
0.078462636000
0.114739742000
970.799000
971.168000
970.378000
970.378000
970.382000
970.409000
970.653000
970.711000
970.721000
970.724000
970.379000
970.422000
970.396000
970.379000
970.381000
970.382000
971.693000
971.510000
971.613000
971.696000
971.698000
971.703000
970.787000
970.735000
970.691000
970.693000
970.557000
970.557000
970.549000
970.554000
970.548000
970.547000
970.548000
970.549000
971.681000
971.622000
971.591000
971.624000
971.624000
971.617000
971.611000
971.612000
971.613000
971.618000
971.620000
971.614000
970.716000
971.613000
970.716000
971.699000
971.699000
971.702000
971.698000
971.168000
970.378000
970.652000
970.395000
970.379000
970.578000
971.619000
971.584000
971.589000
971.613000
970.381000
970.408000
970.714000
970.711000
100
1105585.1400
960662.9500
971.7670
971.76700
1
2
3
4
5
6
7
8
9
10
11
12
13
14
15
16
17
18
19
20
21
22
23
24
25
26
27
28
29
30
31
32
33
34
35
36
37
38
39
40
41
42
43
44
45
46
47
48
49
50
51
52
53
54
55
56
57
58
59
60
61
62
63
64
65
66
67
48
9
47
6
16
39
46
45
44
43
42
41
40
39
38
37
37
36
36
35
34
33
32
31
30
29
28
27
26
25
24
23
22
21
20
17
19
18
17
16
15
14
14
13
12
11
1
10
9
8
7
7
6
5
4
4
3
2
2
1
47
49
13
52
51
50
53
46
68
67
66
65
45
64
46
45
44
43
43
44
36
39
63
62
37
61
38
30
34
33
34
28
30
60
28
60
26
26
24
100
22
21
20
17
19
35
5
5
15
58
57
7
14
23
1
10
10
8
56
12
13
16
55
4
18
54
2
9
47
6
22
52
51
50
76.200
76.200
76.200
76.200
76.200
76.200
76.200
76.200
76.200
76.200
76.200
76.200
76.200
101.600
152.400
76.200
76.200
76.200
76.200
101.600
76.200
76.200
76.200
76.200
76.200
76.200
76.200
76.200
76.200
76.200
76.200
76.200
152.400
152.400
152.400
152.400
76.200
76.200
152.400
76.200
76.200
76.200
76.200
76.200
76.200
76.200
76.200
76.200
76.200
76.200
76.200
76.200
76.200
76.200
76.200
76.200
76.200
76.200
76.200
76.200
76.200
76.200
76.200
76.200
76.200
76.200
76.200
115.6900
649.6900
198.8200
214.0500
186.4100
14.8000
192.5700
136.7500
16.3600
119.3900
44.7400
137.3300
308.0600
33.1300
9.8200
159.8700
658.3400
259.9200
310.6500
261.0900
68.0900
106.9400
155.8300
120.5800
16.4300
369.2500
90.7400
25.3700
291.2400
93.0700
69.1900
78.6500
213.3100
19.4600
8.5200
9.1100
22.0800
28.4700
330.6000
2.7400
16.1600
168.8300
65.7900
214.9200
633.2800
139.7600
15.3600
61.7400
18.8700
22.2300
116.8400
100.3100
47.5700
105.5500
239.6300
138.8700
123.7200
97.2400
11.0600
108.6700
168.8900
195.1400
57.5600
40.2400
321.6500
8.8600
82.8300
0.00
0.00
0.00
0.00
0.00
0.00
0.00
0.00
0.00
0.00
0.00
0.00
0.00
0.00
0.00
0.00
0.00
0.00
0.00
0.00
0.00
0.00
0.00
0.00
0.00
0.00
0.00
0.00
0.00
0.00
0.00
0.00
0.00
0.00
0.00
0.00
0.00
0.00
0.00
0.00
0.00
0.00
0.00
0.00
0.00
0.00
0.00
0.00
0.00
0.00
0.00
0.00
0.00
0.00
0.00
0.00
0.00
0.00
0.00
0.00
0.00
0.00
0.00
0.00
0.00
0.00
0.00
-0.03200
0.11500
0.07800
0.03700
0.02500
0.49400
0.04100
0.20000
-0.28400
-0.20300
-0.05300
-0.08000
-0.03600
0.46000
0.96100
0.10500
0.08800
0.31400
0.07900
0.98000
-0.24100
-0.11000
-0.04500
-0.08000
-0.39200
-0.12100
-0.46200
-0.02400
0.63200
-0.14000
0.80700
0.85800
-3.57000
-3.35800
-3.34400
-3.34100
-2.25000
-2.23700
1.08800
-0.17900
-0.15100
-0.09400
0.02600
0.04800
-0.60300
-0.02400
0.90500
-1.20800
-0.36700
-0.79300
-0.72100
0.03400
-0.51700
-0.34500
-0.11700
0.03200
-0.02000
-2.21100
0.03800
-2.16400
-0.16400
-0.02800
-0.45100
-0.16300
-0.08300
-0.08200
-0.07700
