394
1.0000
94.0000
205.0000
0.5000
8.0000
2.0000
5.0000
3.0000
2.0000
2.0000
338.0000
107.0000
167.0000
115.0000
95.3600
33.6700
38.8000
83.3400
1.0000
7.3400
15.6500
13.4300
15.3400
12.3700
1235.0000
14.0000
29.5600
243.0000
225.1300
21.8600
252.4900
795.0000
15.0300
468.0000
9.9600
472.4400
303.0000
240.0000
697.0000
203.0000
63.0000
226.0000
280.0000
33.0000
190.0000
10.5300
3.0000
320.0000
300.0000
220.0000
326.0000
104.0000
180.0000
11.2000
104.8000
22.0000
180.0000
180.0000
943.0000
2.0000
804.0000
80.0000
256.0000
25.0000
119.0000
380.0000
280.0000
460.0000
22.0000
1696.0000
725.0000
462.0000
320.0000
184.6100
584.0000
28.7100
730.0000
670.0000
1120.0000
40.0000
520.0000
430.0000
450.0000
170.0000
313.1800
6.8000
17.2700
480.0000
65.0000
320.0000
602.0000
177.0000
716.0000
108.0000
40.0000
250.0000
209.3700
70.0000
13.0000
300.0000
240.0000
8.0000
280.0000
8.8800
232.3600
6.9000
15.0000
180.0000
170.0000
20.0000
591.0000
246.0000
342.0000
5.0000
270.0000
727.4600
22.3400
1850.0000
10.0000
170.0000
23.2600
137.0000
14.6300
159.4700
249.0000
317.0000
9.6400
672.6500
7.1000
16.0000
18.7400
14.1000
125.7600
100.0000
1.0000
1.0000
440.0000
427.0000
11.0000
465.6300
3.7100
92.0000
86.0000
96.0000
85.0000
96.0000
90.0000
9.2300
9.9400
88.5000
87.0000
91.0000
52.0000
97.0000
10.0000
94.0000
97.0000
82.0000
93.0000
93.0000
45.2200
60.0000
70.0000
52.0000
90.0000
90.0000
60.0000
85.0000
50.0000
188.0000
115.0000
88.0000
40.0000
60.0000
60.0000
44.6800
4.7900
12.8300
43.0000
87.0000
80.0000
50.0000
87.0000
30.0000
2.0000
150.2000
89.0000
1.0000
13.8400
100.0000
7.3000
60.0000
11.8800
83.0000
8.4700
12.8000
5.0000
5.0000
90.0000
2.5000
4.7800
70.0000
89.0000
87.0000
10.7300
10.8800
0.5000
85.0000
34.0000
85.0000
92.0000
14.4300
28.7400
90.0000
5.0000
85.0000
90.0000
6.4400
13.9200
1.0000
9.0400
14.9300
0.5000
53.0000
9.9600
80.0000
6.6200
1.0000
1.0000
11.3200
1.0000
50.0000
238.0000
86.0000
9.2000
226.0000
24.9700
10.0000
90.0000
86.0000
1.0000
85.0000
8.7600
1.0000
90.0900
205.3600
94.0000
76.0000
11.9200
13.7200
142.0000
188.0000
98.0000
14.7700
5.0000
1.0000
90.0000
9.3500
91.0000
200.0000
90.0000
1.0000
53.0000
34.0000
13.6600
11.6100
39.4000
90.0000
95.0000
10.7500
5.3700
90.0000
68.0000
5.0000
152.0000
1.0000
143.0000
1.0000
1.0000
90.0000
90.0000
92.0000
2.0000
2.0000
5.0000
80.0000
2.0000
4.9900
70.0000
40.0000
66.0000
80.0000
132.0000
90.0000
240.0000
25.0500
44.0000
1.0000
90.0000
3.7000
1.0000
105.0000
133.0400
22.7300
111.0000
129.0000
32.3100
4.7200
21.1400
150.0000
699.0000
32.8800
70.0000
165.0000
3.5800
7.9800
10.0700
8.7800
6.0300
6.4000
15.5700
1.0000
93.0000
19.0100
20.0000
240.0000
26.1100
10.0000
1.0000
118.0000
80.0000
85.1000
111.2000
202.8000
8.3600
9.2200
105.0000
29.0000
105.0000
26.0000
35.0000
35.0000
33.0000
3.2400
19.9800
37.0000
25.4700
14.3500
84.0000
94.0000
37.5900
44.4000
4.3300
57.0000
68.0000
46.0000
6.8000
3.9900
65.0000
477.0000
105.8000
116.0000
24.3300
1.0000
1.0000
17.8000
41.0000
41.0000
12.0000
177.0000
264.0000
80.0000
27.8700
36.0000
48.0100
53.9000
8.5800
3.8000
1.0000
3.0000
1.0000
6.3700
192.0000
18.0000
15.4400
31.0000
160.0000
1.0000
1.0000
1.0000
85.0000
1.4800
11.3200
30.0000
203.20
203.20
76.20
76.20
203.20
203.20
76.20
76.20
76.20
76.20
76.20
76.20
76.20
76.20
101.60
101.60
76.20
101.60
76.20
76.20
76.20
76.20
76.20
76.20
76.20
76.20
76.20
76.20
76.20
76.20
76.20
76.20
76.20
76.20
76.20
76.20
76.20
76.20
76.20
76.20
76.20
76.20
76.20
76.20
76.20
76.20
76.20
76.20
76.20
76.20
76.20
76.20
76.20
76.20
76.20
76.20
76.20
76.20
76.20
76.20
76.20
76.20
76.20
76.20
76.20
76.20
76.20
76.20
76.20
76.20
76.20
76.20
76.20
76.20
76.20
76.20
76.20
76.20
76.20
76.20
76.20
76.20
76.20
76.20
76.20
76.20
76.20
76.20
76.20
76.20
76.20
76.20
76.20
76.20
76.20
76.20
76.20
76.20
76.20
76.20
76.20
76.20
76.20
76.20
76.20
76.20
76.20
76.20
76.20
76.20
76.20
76.20
76.20
76.20
76.20
76.20
76.20
76.20
76.20
76.20
76.20
76.20
76.20
76.20
76.20
76.20
76.20
76.20
76.20
76.20
76.20
76.20
76.20
76.20
76.20
76.20
76.20
76.20
76.20
76.20
76.20
76.20
76.20
76.20
76.20
76.20
76.20
76.20
76.20
101.60
76.20
76.20
76.20
76.20
76.20
203.20
76.20
76.20
76.20
76.20
76.20
76.20
76.20
76.20
76.20
76.20
76.20
76.20
76.20
76.20
76.20
76.20
76.20
76.20
76.20
76.20
76.20
76.20
76.20
76.20
76.20
76.20
76.20
76.20
76.20
76.20
76.20
76.20
76.20
76.20
76.20
76.20
76.20
76.20
76.20
76.20
76.20
76.20
76.20
152.40
76.20
203.20
76.20
76.20
76.20
76.20
76.20
76.20
76.20
76.20
76.20
76.20
76.20
76.20
76.20
76.20
76.20
76.20
76.20
101.60
76.20
101.60
76.20
76.20
76.20
101.60
76.20
76.20
76.20
76.20
76.20
76.20
76.20
76.20
76.20
76.20
76.20
76.20
76.20
76.20
76.20
152.40
101.60
76.20
76.20
76.20
101.60
101.60
101.60
76.20
101.60
101.60
101.60
101.60
76.20
76.20
101.60
76.20
76.20
76.20
76.20
76.20
76.20
76.20
76.20
76.20
76.20
76.20
76.20
76.20
76.20
76.20
76.20
76.20
76.20
76.20
76.20
76.20
76.20
76.20
76.20
76.20
76.20
76.20
76.20
76.20
76.20
76.20
76.20
76.20
76.20
76.20
76.20
76.20
76.20
76.20
76.20
76.20
76.20
76.20
76.20
76.20
76.20
76.20
76.20
76.20
76.20
76.20
76.20
76.20
76.20
76.20
76.20
76.20
76.20
76.20
76.20
76.20
76.20
76.20
76.20
76.20
76.20
76.20
76.20
76.20
76.20
76.20
76.20
76.20
76.20
76.20
76.20
76.20
76.20
76.20
76.20
76.20
76.20
76.20
76.20
76.20
76.20
76.20
76.20
76.20
76.20
76.20
76.20
76.20
76.20
76.20
76.20
76.20
76.20
76.20
76.20
76.20
76.20
76.20
76.20
76.20
76.20
76.20
76.20
76.20
76.20
76.20
76.20
76.20
76.20
76.20
76.20
76.20
76.20
76.20
76.20
76.20
76.20
76.20
76.20
76.20
76.20
76.20
76.20
76.20
76.20
76.20
76.20
203.20
76.20
76.20
76.20
76.20
203.20
203.20
76.20
76.20
203.20
203.20
76.20
76.20
76.20
101.60
76.20
76.20
76.20
76.20
101.60
101.60
76.20
101.60
76.20
76.20
101.60
76.20
76.20
76.20
76.20
76.20
76.20
76.20
76.20
76.20
76.20
76.20
76.20
76.20
76.20
76.20
76.20
76.20
76.20
76.20
76.20
76.20
76.20
76.20
76.20
101.60
76.20
76.20
76.20
76.20
76.20
76.20
76.20
76.20
76.20
76.20
76.20
76.20
76.20
76.20
76.20
76.20
76.20
76.20
76.20
76.20
76.20
76.20
76.20
76.20
76.20
76.20
76.20
76.20
76.20
76.20
76.20
76.20
76.20
76.20
76.20
76.20
76.20
76.20
76.20
76.20
76.20
76.20
76.20
76.20
76.20
76.20
76.20
76.20
76.20
76.20
76.20
76.20
76.20
76.20
76.20
76.20
76.20
76.20
76.20
76.20
76.20
76.20
76.20
76.20
76.20
76.20
76.20
76.20
76.20
101.60
76.20
76.20
76.20
76.20
76.20
76.20
76.20
76.20
76.20
76.20
76.20
76.20
76.20
76.20
76.20
76.20
76.20
76.20
76.20
76.20
76.20
101.60
76.20
76.20
76.20
76.20
76.20
76.20
76.20
76.20
76.20
76.20
76.20
101.60
76.20
76.20
76.20
76.20
76.20
203.20
76.20
76.20
76.20
76.20
101.60
76.20
76.20
76.20
76.20
76.20
76.20
76.20
76.20
76.20
76.20
76.20
76.20
76.20
76.20
76.20
101.60
76.20
76.20
76.20
76.20
76.20
76.20
76.20
76.20
76.20
76.20
76.20
76.20
76.20
76.20
76.20
76.20
76.20
76.20
76.20
76.20
76.20
76.20
152.40
76.20
203.20
76.20
76.20
76.20
76.20
76.20
76.20
76.20
76.20
101.60
76.20
76.20
76.20
76.20
76.20
76.20
76.20
76.20
101.60
76.20
101.60
76.20
76.20
76.20
101.60
76.20
76.20
76.20
76.20
76.20
76.20
76.20
76.20
76.20
76.20
76.20
76.20
76.20
76.20
76.20
152.40
101.60
101.60
76.20
76.20
101.60
101.60
101.60
76.20
101.60
101.60
101.60
101.60
76.20
76.20
101.60
76.20
76.20
76.20
76.20
76.20
101.60
76.20
76.20
76.20
76.20
76.20
76.20
76.20
101.60
76.20
76.20
76.20
76.20
76.20
76.20
76.20
101.60
76.20
76.20
76.20
76.20
76.20
76.20
76.20
76.20
76.20
76.20
76.20
76.20
76.20
76.20
76.20
76.20
76.20
76.20
76.20
76.20
76.20
76.20
76.20
76.20
76.20
76.20
76.20
76.20
76.20
76.20
76.20
76.20
76.20
76.20
76.20
76.20
76.20
76.20
76.20
101.60
76.20
76.20
76.20
76.20
76.20
76.20
76.20
76.20
76.20
76.20
76.20
76.20
76.20
76.20
101.60
76.20
76.20
76.20
76.20
76.20
76.20
76.20
76.20
76.20
76.20
76.20
76.20
76.20
76.20
76.20
76.20
76.20
76.20
76.20
76.20
101.60
76.20
76.20
101.60
76.20
76.20
76.20
76.20
76.20
76.20
76.20
76.20
76.20
76.20
76.20
76.20
76.20
76.20
76.20
76.20
76.20
76.20
76.20
101.60
76.20
101.60
76.20
76.20
76.20
76.20
76.20
76.20
76.20
76.20
76.20
203.20
76.20
76.20
76.20
76.20
203.20
203.20
76.20
76.20
203.20
203.20
76.20
76.20
76.20
101.60
76.20
76.20
76.20
152.40
152.40
101.60
76.20
101.60
76.20
76.20
101.60
76.20
76.20
76.20
76.20
76.20
76.20
76.20
76.20
76.20
76.20
76.20
76.20
76.20
76.20
76.20
76.20
76.20
76.20
76.20
76.20
152.40
76.20
76.20
152.40
76.20
76.20
76.20
76.20
76.20
76.20
76.20
76.20
76.20
76.20
76.20
152.40
76.20
76.20
76.20
76.20
76.20
76.20
76.20
76.20
76.20
76.20
76.20
76.20
76.20
76.20
76.20
76.20
152.40
76.20
76.20
76.20
76.20
76.20
76.20
76.20
76.20
76.20
76.20
76.20
76.20
76.20
76.20
76.20
76.20
76.20
76.20
76.20
76.20
76.20
76.20
76.20
76.20
76.20
76.20
76.20
76.20
76.20
76.20
76.20
76.20
76.20
76.20
76.20
76.20
76.20
76.20
76.20
76.20
76.20
101.60
76.20
76.20
76.20
76.20
152.40
76.20
76.20
152.40
76.20
76.20
76.20
76.20
76.20
76.20
76.20
76.20
76.20
76.20
76.20
76.20
76.20
101.60
76.20
76.20
76.20
76.20
76.20
76.20
76.20
76.20
76.20
76.20
76.20
101.60
76.20
76.20
76.20
76.20
76.20
203.20
76.20
76.20
152.40
76.20
101.60
76.20
76.20
76.20
76.20
76.20
76.20
76.20
76.20
76.20
76.20
76.20
76.20
76.20
76.20
76.20
101.60
76.20
76.20
76.20
76.20
76.20
152.40
76.20
76.20
76.20
152.40
152.40
76.20
76.20
76.20
76.20
76.20
76.20
76.20
76.20
76.20
76.20
76.20
152.40
76.20
203.20
76.20
76.20
76.20
76.20
76.20
76.20
76.20
76.20
101.60
76.20
76.20
76.20
76.20
76.20
76.20
76.20
76.20
101.60
76.20
101.60
152.40
76.20
76.20
101.60
76.20
152.40
76.20
76.20
76.20
76.20
76.20
76.20
76.20
76.20
152.40
76.20
76.20
76.20
76.20
152.40
101.60
101.60
76.20
76.20
152.40
101.60
152.40
76.20
101.60
101.60
101.60
101.60
76.20
76.20
101.60
76.20
76.20
76.20
76.20
76.20
101.60
76.20
76.20
76.20
76.20
152.40
76.20
76.20
101.60
76.20
76.20
76.20
76.20
152.40
76.20
76.20
101.60
152.40
76.20
76.20
76.20
76.20
76.20
76.20
76.20
76.20
76.20
76.20
76.20
76.20
76.20
76.20
76.20
76.20
76.20
76.20
76.20
76.20
76.20
76.20
152.40
76.20
76.20
76.20
76.20
76.20
76.20
76.20
76.20
76.20
76.20
76.20
76.20
76.20
152.40
76.20
101.60
76.20
76.20
76.20
76.20
76.20
76.20
76.20
76.20
76.20
76.20
76.20
76.20
76.20
76.20
101.60
76.20
76.20
76.20
76.20
76.20
76.20
76.20
76.20
76.20
152.40
76.20
76.20
76.20
76.20
76.20
76.20
76.20
76.20
76.20
76.20
101.60
76.20
76.20
101.60
76.20
76.20
76.20
76.20
76.20
76.20
76.20
76.20
76.20
76.20
76.20
76.20
76.20
76.20
76.20
76.20
76.20
76.20
76.20
101.60
76.20
101.60
76.20
76.20
76.20
76.20
76.20
152.40
76.20
76.20
76.20
203.20
76.20
76.20
76.20
76.20
76.20
152.40
152.40
152.40
152.40
76.20
76.20
152.40
152.40
76.20
152.40
76.20
76.20
76.20
76.20
76.20
76.20
152.40
76.20
76.20
152.40
76.20
76.20
152.40
152.40
76.20
152.40
152.40
76.20
76.20
76.20
152.40
76.20
152.40
152.40
76.20
76.20
76.20
76.20
76.20
152.40
76.20
76.20
76.20
152.40
76.20
152.40
152.40
76.20
152.40
76.20
152.40
76.20
76.20
76.20
76.20
152.40
152.40
76.20
76.20
152.40
76.20
76.20
152.40
76.20
76.20
76.20
76.20
76.20
76.20
152.40
76.20
76.20
76.20
76.20
76.20
76.20
76.20
76.20
76.20
76.20
76.20
76.20
152.40
76.20
152.40
152.40
152.40
76.20
76.20
76.20
76.20
76.20
152.40
76.20
152.40
76.20
76.20
76.20
152.40
152.40
152.40
76.20
76.20
152.40
152.40
76.20
76.20
76.20
76.20
76.20
76.20
76.20
152.40
76.20
76.20
152.40
76.20
152.40
76.20
152.40
76.20
152.40
76.20
76.20
152.40
152.40
76.20
76.20
152.40
76.20
152.40
76.20
76.20
152.40
76.20
76.20
76.20
76.20
76.20
152.40
152.40
76.20
152.40
76.20
152.40
152.40
152.40
152.40
76.20
76.20
76.20
76.20
76.20
152.40
152.40
152.40
76.20
76.20
152.40
152.40
152.40
152.40
76.20
76.20
76.20
152.40
152.40
76.20
76.20
76.20
152.40
152.40
152.40
152.40
76.20
76.20
76.20
76.20
152.40
76.20
76.20
152.40
152.40
152.40
152.40
76.20
152.40
76.20
76.20
76.20
152.40
76.20
152.40
152.40
152.40
152.40
76.20
76.20
152.40
76.20
76.20
152.40
76.20
152.40
76.20
152.40
76.20
76.20
76.20
152.40
76.20
152.40
76.20
76.20
76.20
76.20
76.20
152.40
76.20
76.20
152.40
76.20
76.20
152.40
152.40
76.20
152.40
76.20
76.20
76.20
152.40
152.40
152.40
76.20
152.40
76.20
76.20
76.20
152.40
76.20
76.20
76.20
76.20
76.20
254.00
76.20
76.20
152.40
76.20
76.20
76.20
76.20
76.20
152.40
76.20
76.20
76.20
76.20
76.20
76.20
152.40
152.40
152.40
76.20
152.40
76.20
76.20
76.20
76.20
76.20
152.40
76.20
152.40
152.40
76.20
152.40
152.40
152.40
152.40
152.40
152.40
76.20
152.40
152.40
152.40
152.40
76.20
76.20
76.20
76.20
152.40
152.40
76.20
76.20
152.40
76.20
76.20
152.40
152.40
152.40
152.40
152.40
152.40
76.20
152.40
76.20
76.20
152.40
76.20
76.20
152.40
152.40
76.20
152.40
76.20
76.20
76.20
152.40
76.20
152.40
152.40
76.20
76.20
76.20
76.20
152.40
76.20
76.20
152.40
76.20
76.20
76.20
76.20
152.40
152.40
152.40
152.40
152.40
152.40
152.40
76.20
152.40
152.40
152.40
152.40
76.20
76.20
76.20
76.20
152.40
152.40
152.40
76.20
152.40
76.20
152.40
152.40
76.20
76.20
76.20
76.20
76.20
76.20
76.20
76.20
76.20
152.40
152.40
152.40
152.40
76.20
76.20
152.40
152.40
76.20
76.20
152.40
76.20
76.20
152.40
152.40
76.20
152.40
76.20
76.20
76.20
76.20
76.20
203.20
152.40
152.40
76.20
152.40
76.20
152.40
152.40
76.20
76.20
152.40
152.40
76.20
76.20
152.40
76.20
152.40
76.20
76.20
152.40
152.40
152.40
152.40
152.40
76.20
152.40
76.20
152.40
152.40
76.20
76.20
76.20
152.40
152.40
76.20
152.40
152.40
152.40
152.40
76.20
76.20
152.40
76.20
76.20
152.40
152.40
76.20
152.40
76.20
152.40
76.20
152.40
76.20
152.40
152.40
152.40
76.20
152.40
76.20
152.40
76.20
152.40
76.20
76.20
152.40
76.20
76.20
76.20
152.40
76.20
76.20
76.20
76.20
76.20
76.20
152.40
76.20
152.40
76.20
76.20
152.40
152.40
76.20
76.20
76.20
76.20
76.20
76.20
76.20
76.20
76.20
76.20
76.20
76.20
76.20
152.40
76.20
152.40
76.20
152.40
76.20
152.40
152.40
76.20
76.20
152.40
76.20
152.40
76.20
76.20
152.40
76.20
76.20
76.20
152.40
152.40
152.40
76.20
152.40
76.20
76.20
76.20
76.20
152.40
76.20
152.40
76.20
76.20
152.40
76.20
76.20
76.20
76.20
76.20
152.40
152.40
152.40
152.40
76.20
152.40
76.20
76.20
76.20
76.20
152.40
76.20
76.20
152.40
152.40
76.20
76.20
152.40
76.20
76.20
152.40
76.20
152.40
152.40
152.40
76.20
152.40
76.20
152.40
152.40
152.40
152.40
76.20
152.40
152.40
152.40
76.20
152.40
76.20
76.20
76.20
76.20
76.20
76.20
152.40
76.20
76.20
152.40
76.20
76.20
76.20
76.20
76.20
76.20
152.40
76.20
76.20
152.40
152.40
76.20
152.40
76.20
76.20
152.40
152.40
152.40
76.20
76.20
152.40
76.20
76.20
76.20
152.40
152.40
152.40
152.40
76.20
76.20
76.20
152.40
76.20
152.40
76.20
152.40
152.40
76.20
152.40
76.20
76.20
152.40
76.20
76.20
76.20
76.20
152.40
76.20
152.40
76.20
76.20
76.20
152.40
76.20
152.40
76.20
76.20
76.20
76.20
76.20
76.20
76.20
76.20
76.20
76.20
76.20
152.40
76.20
76.20
152.40
152.40
152.40
76.20
76.20
76.20
76.20
152.40
76.20
152.40
76.20
152.40
76.20
76.20
76.20
152.40
152.40
76.20
152.40
76.20
76.20
152.40
76.20
76.20
152.40
152.40
152.40
76.20
76.20
76.20
76.20
152.40
76.20
76.20
76.20
152.40
76.20
76.20
152.40
76.20
152.40
152.40
152.40
76.20
152.40
152.40
76.20
76.20
152.40
152.40
76.20
76.20
152.40
152.40
76.20
152.40
152.40
76.20
152.40
76.20
76.20
76.20
152.40
76.20
76.20
152.40
152.40
152.40
152.40
76.20
76.20
76.20
152.40
152.40
76.20
152.40
152.40
152.40
76.20
152.40
76.20
152.40
76.20
152.40
76.20
76.20
152.40
76.20
76.20
152.40
76.20
76.20
76.20
76.20
76.20
152.40
152.40
76.20
76.20
76.20
76.20
152.40
76.20
76.20
152.40
76.20
152.40
76.20
76.20
76.20
76.20
76.20
152.40
76.20
76.20
152.40
76.20
76.20
76.20
76.20
76.20
152.40
76.20
152.40
76.20
152.40
152.40
152.40
76.20
152.40
76.20
76.20
152.40
76.20
76.20
76.20
76.20
76.20
76.20
76.20
76.20
152.40
152.40
152.40
76.20
76.20
152.40
76.20
152.40
152.40
152.40
152.40
76.20
152.40
76.20
152.40
76.20
76.20
76.20
152.40
76.20
152.40
152.40
152.40
76.20
152.40
76.20
76.20
76.20
76.20
152.40
152.40
76.20
76.20
76.20
76.20
152.40
152.40
152.40
76.20
152.40
76.20
76.20
152.40
76.20
152.40
152.40
152.40
152.40
76.20
76.20
76.20
76.20
152.40
76.20
76.20
76.20
152.40
76.20
76.20
76.20
152.40
76.20
152.40
152.40
76.20
152.40
152.40
152.40
76.20
76.20
152.40
152.40
76.20
152.40
76.20
76.20
76.20
76.20
76.20
152.40
76.20
76.20
152.40
76.20
76.20
76.20
76.20
76.20
76.20
76.20
76.20
76.20
76.20
76.20
152.40
76.20
76.20
76.20
76.20
152.40
152.40
152.40
76.20
152.40
152.40
152.40
152.40
152.40
76.20
152.40
76.20
152.40
152.40
152.40
152.40
152.40
76.20
76.20
152.40
152.40
152.40
76.20
76.20
76.20
76.20
152.40
76.20
152.40
152.40
76.20
152.40
76.20
76.20
152.40
152.40
152.40
76.20
76.20
76.20
76.20
152.40
76.20
152.40
76.20
152.40
76.20
152.40
76.20
152.40
76.20
76.20
76.20
76.20
152.40
152.40
152.40
76.20
152.40
76.20
152.40
152.40
152.40
152.40
152.40
152.40
152.40
152.40
152.40
152.40
76.20
76.20
76.20
152.40
152.40
76.20
76.20
152.40
76.20
152.40
152.40
152.40
76.20
152.40
152.40
152.40
152.40
152.40
76.20
76.20
76.20
152.40
76.20
76.20
76.20
152.40
152.40
76.20
152.40
76.20
152.40
152.40
152.40
152.40
76.20
76.20
76.20
76.20
76.20
76.20
152.40
76.20
152.40
76.20
152.40
76.20
76.20
152.40
76.20
152.40
76.20
76.20
152.40
76.20
152.40
152.40
76.20
152.40
76.20
152.40
152.40
152.40
76.20
76.20
152.40
152.40
152.40
76.20
76.20
76.20
152.40
76.20
76.20
152.40
76.20
76.20
76.20
152.40
76.20
152.40
152.40
152.40
76.20
76.20
152.40
76.20
152.40
152.40
76.20
152.40
76.20
152.40
76.20
76.20
76.20
152.40
76.20
76.20
76.20
76.20
76.20
76.20
76.20
152.40
76.20
152.40
76.20
76.20
152.40
152.40
76.20
152.40
76.20
152.40
152.40
152.40
76.20
76.20
76.20
76.20
76.20
152.40
152.40
76.20
76.20
152.40
152.40
76.20
152.40
152.40
76.20
76.20
152.40
152.40
152.40
152.40
76.20
76.20
152.40
152.40
76.20
152.40
152.40
152.40
152.40
76.20
152.40
152.40
76.20
76.20
152.40
76.20
152.40
76.20
76.20
152.40
76.20
152.40
76.20
76.20
152.40
76.20
152.40
152.40
152.40
152.40
76.20
76.20
76.20
76.20
76.20
76.20
152.40
76.20
76.20
76.20
152.40
76.20
76.20
152.40
76.20
76.20
76.20
152.40
152.40
76.20
76.20
76.20
152.40
152.40
76.20
152.40
76.20
152.40
76.20
152.40
152.40
152.40
76.20
76.20
152.40
152.40
152.40
152.40
152.40
76.20
76.20
152.40
76.20
152.40
152.40
76.20
76.20
76.20
76.20
152.40
152.40
152.40
76.20
76.20
76.20
76.20
76.20
76.20
76.20
152.40
152.40
152.40
76.20
152.40
76.20
152.40
152.40
152.40
152.40
152.40
152.40
152.40
152.40
76.20
76.20
76.20
76.20
152.40
152.40
152.40
152.40
152.40
76.20
76.20
76.20
152.40
152.40
152.40
152.40
76.20
76.20
76.20
76.20
76.20
76.20
76.20
152.40
76.20
76.20
76.20
76.20
152.40
152.40
76.20
76.20
152.40
76.20
76.20
76.20
152.40
76.20
76.20
152.40
76.20
152.40
76.20
76.20
152.40
76.20
152.40
76.20
76.20
76.20
152.40
76.20
76.20
76.20
152.40
76.20
152.40
152.40
152.40
152.40
76.20
76.20
152.40
76.20
76.20
76.20
76.20
76.20
152.40
152.40
152.40
76.20
152.40
76.20
152.40
152.40
152.40
76.20
76.20
76.20
76.20
152.40
152.40
152.40
152.40
76.20
76.20
152.40
76.20
152.40
76.20
76.20
152.40
152.40
152.40
152.40
152.40
76.20
152.40
152.40
76.20
76.20
152.40
152.40
152.40
152.40
152.40
152.40
76.20
76.20
76.20
152.40
152.40
152.40
76.20
76.20
152.40
152.40
152.40
76.20
76.20
152.40
76.20
76.20
76.20
152.40
152.40
152.40
76.20
152.40
152.40
76.20
152.40
152.40
76.20
152.40
152.40
76.20
76.20
76.20
152.40
152.40
152.40
76.20
152.40
152.40
76.20
76.20
152.40
152.40
76.20
76.20
76.20
76.20
76.20
152.40
76.20
76.20
152.40
76.20
76.20
152.40
152.40
76.20
76.20
152.40
152.40
152.40
76.20
76.20
76.20
76.20
152.40
152.40
76.20
152.40
152.40
152.40
76.20
152.40
76.20
76.20
76.20
152.40
76.20
76.20
152.40
152.40
76.20
76.20
152.40
152.40
152.40
152.40
152.40
76.20
76.20
76.20
152.40
76.20
76.20
76.20
76.20
76.20
76.20
152.40
152.40
152.40
76.20
76.20
76.20
152.40
76.20
152.40
152.40
76.20
76.20
76.20
152.40
152.40
76.20
152.40
76.20
152.40
152.40
76.20
76.20
152.40
76.20
152.40
152.40
152.40
152.40
76.20
76.20
76.20
152.40
152.40
152.40
76.20
76.20
152.40
76.20
152.40
152.40
152.40
152.40
76.20
152.40
152.40
152.40
152.40
76.20
76.20
152.40
152.40
76.20
76.20
76.20
152.40
76.20
76.20
152.40
152.40
152.40
152.40
152.40
76.20
152.40
152.40
76.20
76.20
76.20
76.20
76.20
152.40
76.20
76.20
76.20
76.20
152.40
152.40
152.40
76.20
152.40
76.20
76.20
76.20
76.20
152.40
152.40
152.40
76.20
152.40
152.40
152.40
76.20
152.40
76.20
76.20
152.40
76.20
76.20
76.20
76.20
152.40
76.20
76.20
76.20
76.20
76.20
152.40
76.20
76.20
76.20
76.20
152.40
152.40
76.20
152.40
152.40
152.40
152.40
76.20
76.20
76.20
152.40
76.20
76.20
152.40
76.20
152.40
76.20
76.20
76.20
76.20
76.20
152.40
152.40
76.20
152.40
76.20
76.20
152.40
152.40
152.40
152.40
76.20
152.40
76.20
152.40
152.40
76.20
76.20
152.40
76.20
76.20
76.20
152.40
152.40
152.40
152.40
152.40
76.20
152.40
76.20
76.20
152.40
76.20
76.20
76.20
76.20
76.20
152.40
152.40
76.20
76.20
76.20
76.20
76.20
152.40
152.40
76.20
76.20
152.40
76.20
76.20
152.40
152.40
152.40
76.20
76.20
76.20
152.40
152.40
152.40
152.40
152.40
152.40
76.20
76.20
152.40
76.20
152.40
152.40
152.40
76.20
76.20
76.20
76.20
76.20
76.20
152.40
152.40
152.40
152.40
152.40
152.40
152.40
76.20
76.20
76.20
76.20
152.40
76.20
152.40
76.20
76.20
76.20
76.20
76.20
76.20
152.40
76.20
76.20
76.20
76.20
76.20
152.40
76.20
152.40
76.20
76.20
152.40
152.40
152.40
152.40
76.20
152.40
152.40
152.40
76.20
76.20
76.20
76.20
76.20
76.20
76.20
152.40
76.20
76.20
76.20
152.40
76.20
152.40
76.20
76.20
152.40
152.40
152.40
76.20
152.40
76.20
76.20
76.20
76.20
76.20
152.40
76.20
152.40
76.20
76.20
152.40
152.40
76.20
152.40
152.40
76.20
76.20
76.20
152.40
152.40
76.20
76.20
152.40
152.40
152.40
76.20
152.40
76.20
152.40
152.40
76.20
76.20
76.20
152.40
76.20
152.40
152.40
152.40
76.20
76.20
152.40
152.40
152.40
152.40
152.40
152.40
152.40
76.20
152.40
76.20
76.20
152.40
76.20
152.40
152.40
76.20
152.40
152.40
152.40
152.40
76.20
76.20
76.20
76.20
76.20
76.20
76.20
76.20
76.20
76.20
152.40
76.20
152.40
76.20
76.20
152.40
152.40
76.20
152.40
76.20
76.20
152.40
76.20
152.40
76.20
152.40
152.40
76.20
76.20
76.20
76.20
152.40
76.20
152.40
76.20
76.20
152.40
152.40
76.20
76.20
76.20
76.20
76.20
76.20
152.40
76.20
152.40
76.20
152.40
152.40
76.20
152.40
152.40
76.20
152.40
152.40
152.40
152.40
76.20
76.20
152.40
76.20
76.20
152.40
76.20
76.20
76.20
152.40
152.40
152.40
76.20
76.20
152.40
152.40
152.40
152.40
152.40
152.40
152.40
152.40
76.20
152.40
76.20
152.40
76.20
152.40
152.40
76.20
76.20
76.20
152.40
76.20
76.20
76.20
76.20
152.40
152.40
76.20
152.40
76.20
76.20
76.20
76.20
76.20
152.40
76.20
152.40
152.40
76.20
152.40
76.20
152.40
152.40
152.40
76.20
76.20
76.20
76.20
76.20
76.20
152.40
152.40
76.20
76.20
152.40
152.40
76.20
152.40
76.20
152.40
152.40
152.40
76.20
76.20
76.20
76.20
76.20
152.40
152.40
152.40
152.40
76.20
152.40
76.20
152.40
152.40
152.40
76.20
152.40
76.20
152.40
76.20
76.20
76.20
76.20
152.40
76.20
152.40
152.40
76.20
76.20
152.40
152.40
76.20
152.40
76.20
152.40
76.20
76.20
152.40
76.20
152.40
76.20
152.40
76.20
152.40
152.40
76.20
76.20
152.40
304.80
152.40
76.20
152.40
76.20
152.40
76.20
152.40
152.40
152.40
152.40
152.40
152.40
152.40
152.40
152.40
76.20
152.40
76.20
152.40
152.40
76.20
152.40
152.40
76.20
152.40
76.20
152.40
152.40
152.40
152.40
152.40
152.40
152.40
76.20
152.40
76.20
76.20
152.40
152.40
152.40
76.20
76.20
152.40
152.40
76.20
152.40
76.20
152.40
76.20
76.20
76.20
76.20
76.20
152.40
152.40
76.20
76.20
76.20
76.20
152.40
76.20
76.20
76.20
76.20
152.40
76.20
152.40
152.40
76.20
76.20
152.40
76.20
76.20
152.40
152.40
76.20
152.40
152.40
152.40
152.40
152.40
76.20
152.40
152.40
457.20
76.20
152.40
76.20
152.40
76.20
508.00
152.40
76.20
76.20
152.40
76.20
152.40
152.40
152.40
76.20
76.20
76.20
76.20
152.40
76.20
76.20
152.40
152.40
76.20
152.40
76.20
152.40
152.40
152.40
152.40
152.40
152.40
76.20
152.40
152.40
76.20
152.40
76.20
76.20
76.20
152.40
76.20
76.20
152.40
152.40
152.40
152.40
76.20
152.40
76.20
76.20
76.20
152.40
76.20
152.40
152.40
152.40
76.20
152.40
76.20
152.40
152.40
152.40
76.20
152.40
152.40
152.40
152.40
152.40
152.40
76.20
76.20
76.20
152.40
76.20
76.20
76.20
152.40
76.20
152.40
76.20
152.40
152.40
76.20
76.20
76.20
406.40
76.20
152.40
76.20
76.20
152.40
152.40
152.40
152.40
101.60
152.40
152.40
76.20
76.20
76.20
152.40
76.20
457.20
152.40
152.40
762.00
152.40
76.20
76.20
101.60
101.60
76.20
76.20
76.20
152.40
76.20
76.20
76.20
152.40
76.20
762.00
76.20
76.20
254.00
76.20
152.40
152.40
76.20
76.20
152.40
152.40
457.20
152.40
152.40
914.40
76.20
101.60
76.20
254.00
76.20
152.40
152.40
203.20
508.00
76.20
609.60
152.40
508.00
152.40
76.20
76.20
76.20
152.40
152.40
76.20
76.20
76.20
152.40
152.40
152.40
76.20
76.20
203.20
508.00
76.20
76.20
152.40
152.40
101.60
152.40
152.40
76.20
76.20
152.40
76.20
152.40
152.40
152.40
76.20
152.40
152.40
76.20
152.40
76.20
76.20
914.40
76.20
101.60
76.20
457.20
76.20
609.60
76.20
101.60
76.20
914.40
76.20
152.40
152.40
76.20
76.20
76.20
152.40
76.20
152.40
152.40
152.40
101.60
355.60
152.40
76.20
76.20
76.20
609.60
152.40
152.40
76.20
76.20
914.40
152.40
152.40
76.20
76.20
76.20
254.00
152.40
152.40
152.40
152.40
76.20
152.40
254.00
76.20
152.40
152.40
76.20
762.00
152.40
76.20
152.40
76.20
76.20
76.20
152.40
254.00
76.20
76.20
152.40
76.20
76.20
152.40
76.20
76.20
76.20
76.20
76.20
152.40
152.40
152.40
76.20
152.40
76.20
76.20
152.40
152.40
152.40
152.40
76.20
152.40
76.20
152.40
76.20
152.40
76.20
76.20
152.40
76.20
152.40
152.40
76.20
76.20
152.40
152.40
76.20
152.40
152.40
76.20
76.20
152.40
76.20
152.40
76.20
152.40
152.40
152.40
152.40
152.40
152.40
76.20
152.40
152.40
152.40
76.20
152.40
152.40
76.20
152.40
152.40
76.20
76.20
152.40
152.40
76.20
152.40
76.20
152.40
152.40
152.40
76.20
152.40
152.40
76.20
152.40
152.40
152.40
152.40
152.40
152.40
76.20
76.20
152.40
152.40
76.20
152.40
152.40
152.40
152.40
76.20
152.40
76.20
152.40
76.20
76.20
76.20
76.20
76.20
152.40
76.20
76.20
152.40
76.20
76.20
76.20
152.40
76.20
76.20
152.40
76.20
152.40
76.20
76.20
76.20
152.40
76.20
152.40
152.40
76.20
152.40
76.20
508.00
254.00
76.20
152.40
76.20
152.40
152.40
76.20
76.20
152.40
152.40
152.40
152.40
76.20
609.60
76.20
76.20
152.40
76.20
76.20
152.40
76.20
152.40
76.20
152.40
76.20
152.40
76.20
76.20
457.20
152.40
152.40
76.20
508.00
609.60
76.20
762.00
152.40
76.20
76.20
152.40
76.20
76.20
76.20
152.40
152.40
152.40
152.40
76.20
152.40
152.40
76.20
101.60
152.40
152.40
203.20
152.40
76.20
152.40
152.40
152.40
76.20
76.20
152.40
76.20
76.20
76.20
609.60
76.20
76.20
203.20
152.40
152.40
76.20
152.40
152.40
76.20
76.20
76.20
76.20
152.40
152.40
152.40
76.20
152.40
76.20
152.40
152.40
203.20
76.20
152.40
76.20
76.20
152.40
457.20
609.60
76.20
76.20
76.20
152.40
152.40
406.40
152.40
76.20
76.20
152.40
76.20
76.20
152.40
152.40
76.20
152.40
76.20
152.40
152.40
304.80
762.00
76.20
76.20
152.40
76.20
76.20
76.20
152.40
76.20
609.60
152.40
152.40
609.60
76.20
152.40
76.20
203.20
76.20
76.20
152.40
152.40
76.20
76.20
508.00
76.20
76.20
457.20
76.20
76.20
76.20
76.20
76.20
76.20
406.40
152.40
152.40
101.60
76.20
203.20
152.40
76.20
152.40
76.20
76.20
76.20
76.20
76.20
152.40
76.20
152.40
76.20
152.40
152.40
76.20
76.20
76.20
152.40
76.20
76.20
152.40
76.20
254.00
762.00
152.40
76.20
152.40
152.40
76.20
152.40
152.40
152.40
355.60
152.40
457.20
152.40
76.20
152.40
152.40
76.20
76.20
76.20
914.40
152.40
152.40
152.40
152.40
76.20
76.20
76.20
304.80
762.00
76.20
76.20
152.40
254.00
152.40
152.40
914.40
76.20
76.20
609.60
152.40
152.40
609.60
76.20
152.40
152.40
76.20
152.40
152.40
76.20
76.20
76.20
457.20
152.40
76.20
76.20
762.00
76.20
152.40
152.40
304.80
101.60
152.40
152.40
152.40
152.40
76.20
76.20
914.40
152.40
152.40
76.20
152.40
76.20
152.40
76.20
76.20
304.80
508.00
152.40
76.20
152.40
152.40
406.40
76.20
152.40
76.20
76.20
76.20
152.40
76.20
76.20
76.20
76.20
152.40
152.40
76.20
203.20
76.20
76.20
76.20
152.40
152.40
76.20
254.00
457.20
152.40
152.40
152.40
152.40
76.20
152.40
76.20
152.40
76.20
152.40
76.20
76.20
152.40
152.40
355.60
76.20
152.40
152.40
152.40
152.40
76.20
76.20
203.20
152.40
406.40
152.40
152.40
76.20
76.20
76.20
76.20
152.40
304.80
152.40
152.40
152.40
76.20
76.20
76.20
76.20
76.20
76.20
152.40
76.20
76.20
76.20
152.40
152.40
152.40
152.40
457.20
152.40
76.20
152.40
254.00
76.20
76.20
76.20
152.40
152.40
76.20
76.20
254.00
76.20
76.20
76.20
152.40
76.20
76.20
152.40
152.40
76.20
508.00
152.40
304.80
76.20
76.20
762.00
76.20
76.20
76.20
152.40
152.40
76.20
76.20
152.40
76.20
76.20
76.20
152.40
76.20
76.20
152.40
152.40
76.20
152.40
76.20
152.40
76.20
152.40
76.20
76.20
76.20
152.40
76.20
152.40
152.40
254.00
76.20
76.20
76.20
76.20
152.40
76.20
76.20
762.00
76.20
152.40
762.00
762.00
762.00
304.80
152.40
609.60
304.80
609.60
203.20
355.60
762.00
101.60
101.60
762.00
203.20
203.20
406.40
203.20
355.60
355.60
203.20
406.40
101.60
152.40
101.60
355.60
609.60
355.60
508.00
355.60
457.20
609.60
457.20
152.40
914.40
304.80
254.00
304.80
254.00
406.40
406.40
406.40
914.40
203.20
508.00
508.00
508.00
203.20
254.00
457.20
762.00
203.20
406.40
914.40
304.80
355.60
609.60
762.00
304.80
914.40
406.40
762.00
203.20
609.60
101.60
406.40
101.60
76.20
914.40
355.60
101.60
304.80
914.40
304.80
355.60
762.00
355.60
355.60
76.20
457.20
152.40
609.60
762.00
254.00
152.40
101.60
101.60
914.40
406.40
406.40
152.40
762.00
203.20
203.20
254.00
508.00
355.60
304.80
508.00
457.20
609.60
203.20
406.40
152.40
762.00
254.00
457.20
762.00
101.60
355.60
203.20
762.00
762.00
508.00
508.00
152.40
203.20
355.60
304.80
152.40
101.60
203.20
762.00
254.00
76.20
152.40
508.00
203.20
457.20
203.20
101.60
457.20
355.60
457.20
101.60
355.60
355.60
762.00
101.60
101.60
152.40
762.00
304.80
254.00
355.60
101.60
76.20
508.00
508.00
254.00
762.00
304.80
406.40
152.40
355.60
762.00
914.40
609.60
203.20
406.40
304.80
762.00
406.40
101.60
457.20
152.40
355.60
152.40
254.00
406.40
914.40
457.20
76.20
101.60
152.40
76.20
762.00
406.40
609.60
101.60
406.40
254.00
101.60
609.60
101.60
152.40
914.40
304.80
406.40
914.40
406.40
254.00
609.60
406.40
406.40
609.60
457.20
762.00
304.80
406.40
762.00
152.40
457.20
355.60
762.00
914.40
914.40
457.20
508.00
254.00
304.80
203.20
609.60
457.20
457.20
101.60
304.80
355.60
203.20
609.60
762.00
254.00
609.60
101.60
914.40
203.20
355.60
203.20
508.00
406.40
457.20
355.60
254.00
457.20
762.00
406.40
304.80
203.20
152.40
152.40
457.20
406.40
152.40
406.40
355.60
609.60
101.60
254.00
304.80
304.80
304.80
76.20
304.80
406.40
508.00
914.40
508.00
762.00
355.60
508.00
203.20
203.20
101.60
101.60
76.20
203.20
101.60
304.80
457.20
152.40
254.00
101.60
406.40
609.60
762.00
101.60
152.40
457.20
609.60
152.40
304.80
762.00
152.40
457.20
609.60
508.00
355.60
355.60
254.00
762.00
762.00
101.60
152.40
457.20
76.20
914.40
508.00
101.60
101.60
609.60
406.40
457.20
457.20
355.60
609.60
101.60
762.00
406.40
508.00
508.00
203.20
508.00
609.60
762.00
254.00
355.60
152.40
101.60
609.60
203.20
304.80
76.20
203.20
203.20
457.20
914.40
914.40
304.80
355.60
457.20
254.00
254.00
762.00
101.60
762.00
508.00
203.20
406.40
152.40
508.00
203.20
355.60
254.00
508.00
406.40
101.60
914.40
304.80
457.20
254.00
101.60
152.40
406.40
457.20
304.80
355.60
508.00
101.60
152.40
101.60
609.60
457.20
457.20
152.40
152.40
457.20
101.60
203.20
304.80
355.60
254.00
152.40
609.60
457.20
762.00
203.20
101.60
508.00
304.80
203.20
355.60
609.60
914.40
457.20
304.80
304.80
304.80
101.60
304.80
609.60
457.20
101.60
152.40
762.00
