58
200.0000
470.0000
80.0000
370.0000
410.0000
540.0000
530.0000
130.0000
470.0000
370.0000
470.0000
380.0000
410.0000
540.0000
170.0000
390.0000
510.0000
600.0000
530.0000
130.0000
530.0000
560.0000
440.0000
160.0000
350.0000
170.0000
350.0000
590.0000
400.0000
470.0000
350.0000
540.0000
230.0000
270.0000
400.0000
620.0000
600.0000
350.0000
540.0000
370.0000
90.0000
540.0000
220.0000
390.0000
400.0000
560.0000
900.0000
310.0000
300.0000
510.0000
250.0000
350.0000
380.0000
690.0000
670.0000
870.0000
620.0000
580.0000
900.00
900.00
900.00
600.00
600.00
600.00
500.00
400.00
300.00
700.00
300.00
300.00
600.00
600.00
300.00
300.00
300.00
300.00
500.00
400.00
300.00
300.00
300.00
300.00
300.00
300.00
450.00
300.00
300.00
300.00
300.00
300.00
300.00
300.00
300.00
300.00
300.00
300.00
300.00
300.00
300.00
300.00
300.00
300.00
300.00
300.00
300.00
300.00
300.00
300.00
300.00
300.00
300.00
300.00
300.00
300.00
300.00
300.00
900.00
900.00
1000.00
600.00
600.00
600.00
500.00
400.00
300.00
700.00
300.00
300.00
600.00
600.00
300.00
300.00
300.00
300.00
500.00
400.00
300.00
300.00
300.00
300.00
300.00
300.00
450.00
300.00
300.00
300.00
300.00
300.00
300.00
300.00
300.00
300.00
300.00
300.00
300.00
300.00
300.00
300.00
300.00
300.00
300.00
300.00
300.00
300.00
300.00
300.00
300.00
300.00
300.00
300.00
300.00
300.00
300.00
300.00
1000.00
900.00
1000.00
600.00
600.00
600.00
500.00
400.00
300.00
700.00
300.00
300.00
600.00
600.00
300.00
300.00
300.00
300.00
500.00
400.00
300.00
300.00
300.00
300.00
300.00
300.00
450.00
300.00
300.00
300.00
300.00
300.00
400.00
300.00
300.00
300.00
300.00
300.00
300.00
300.00
300.00
300.00
300.00
300.00
300.00
300.00
300.00
300.00
300.00
400.00
300.00
400.00
300.00
300.00
300.00
300.00
300.00
300.00
1000.00
900.00
1000.00
600.00
600.00
600.00
700.00
400.00
300.00
700.00
300.00
300.00
400.00
600.00
400.00
300.00
300.00
400.00
500.00
400.00
300.00
300.00
300.00
300.00
300.00
300.00
450.00
300.00
300.00
300.00
300.00
300.00
300.00
400.00
300.00
300.00
300.00
300.00
300.00
300.00
300.00
300.00
400.00
300.00
400.00
300.00
300.00
300.00
300.00
400.00
300.00
400.00
300.00
300.00
300.00
400.00
300.00
300.00
1000.00
900.00
1000.00
400.00
400.00
500.00
300.00
400.00
300.00
1000.00
300.00
300.00
900.00
400.00
400.00
350.00
400.00
900.00
600.00
300.00
400.00
300.00
1100.00
450.00
400.00
350.00
400.00
400.00
350.00
400.00
300.00
400.00
1000.00
400.00
800.00
450.00
400.00
400.00
1000.00
800.00
1000.00
300.00
300.00
400.00
350.00
400.00
800.00
300.00
300.00
300.00
800.00
400.00
300.00
300.00
300.00
400.00
400.00
300.00
1000.00
900.00
800.00
1000.00
500.00
800.00
900.00
500.00
350.00
400.00
350.00
350.00
300.00
450.00
400.00
400.00
1000.00
400.00
300.00
300.00
300.00
700.00
400.00
600.00
400.00
400.00
1000.00
900.00
400.00
300.00
400.00
500.00
800.00
450.00
800.00
1000.00
300.00
400.00
300.00
900.00
350.00
1000.00
400.00
300.00
300.00
1000.00
500.00
400.00
500.00
600.00
300.00
450.00
450.00
400.00
900.00
400.00
400.00
300.00
1100.00
1100.00
1000.00
1000.00
400.00
900.00
500.00
600.00
800.00
500.00
450.00
600.00
400.00
1100.00
900.00
600.00
400.00
1000.00
600.00
700.00
700.00
1000.00
700.00
900.00
400.00
800.00
800.00
350.00
500.00
300.00
350.00
600.00
350.00
450.00
600.00
300.00
350.00
800.00
500.00
800.00
600.00
600.00
900.00
600.00
900.00
1000.00
1000.00
700.00
800.00
300.00
700.00
500.00
450.00
400.00
800.00
600.00
350.00
800.00
1000.00
1000.00
700.00
900.00
350.00
600.00
400.00
350.00
900.00
700.00
700.00
900.00
700.00
400.00
400.00
1000.00
350.00
1000.00
800.00
1000.00
300.00
600.00
800.00
450.00
600.00
1100.00
500.00
350.00
1100.00
800.00
700.00
400.00
350.00
1000.00
300.00
800.00
450.00
800.00
350.00
450.00
700.00
450.00
300.00
700.00
800.00
400.00
900.00
500.00
350.00
700.00
900.00
700.00
300.00
600.00
1100.00
500.00
900.00
700.00
800.00
1000.00
800.00
900.00
450.00
700.00
350.00
500.00
400.00
300.00
400.00
500.00
1100.00
600.00
900.00
900.00
500.00
450.00
450.00
600.00
800.00
800.00
1100.00
700.00
350.00
400.00
500.00
800.00
800.00
800.00
400.00
900.00
900.00
700.00
1000.00
1000.00
900.00
1000.00
500.00
400.00
1100.00
500.00
300.00
600.00
600.00
450.00
1100.00
700.00
300.00
300.00
800.00
500.00
1100.00
450.00
800.00
900.00
500.00
600.00
800.00
1100.00
900.00
400.00
700.00
900.00
1000.00
1100.00
800.00
900.00
800.00
400.00
800.00
300.00
1000.00
800.00
800.00
450.00
400.00
350.00
450.00
400.00
900.00
400.00
900.00
400.00
1100.00
700.00
500.00
1000.00
1000.00
700.00
800.00
700.00
900.00
450.00
900.00
700.00
1000.00
700.00
1000.00
800.00
500.00
900.00
700.00
600.00
450.00
500.00
600.00
500.00
350.00
500.00
1100.00
400.00
900.00
350.00
600.00
600.00
1000.00
1100.00
1000.00
1100.00
800.00
400.00
600.00
350.00
400.00
1000.00
450.00
800.00
1000.00
450.00
350.00
1100.00
400.00
1000.00
900.00
800.00
800.00
900.00
900.00
1000.00
500.00
800.00
300.00
600.00
800.00
900.00
900.00
300.00
600.00
300.00
450.00
900.00
700.00
800.00
500.00
400.00
450.00
1000.00
1000.00
600.00
1000.00
400.00
600.00
400.00
800.00
350.00
500.00
300.00
800.00
1100.00
350.00
1000.00
1000.00
700.00
