454
65.00000
260.00000
164.00000
250.00000
200.00000
100.00000
68.00000
164.00000
164.00000
65.00000
98.00000
145.00000
96.00000
181.00000
92.00000
100.00000
177.00000
159.00000
155.00000
569.00000
168.00000
103.00000
113.00000
850.00000
149.00000
175.00000
500.00000
134.00000
66.00000
78.00000
164.00000
137.00000
223.00000
394.00000
191.00000
440.00000
459.00000
197.00000
184.00000
2500.00000
197.00000
177.00000
300.00000
116.00000
198.00000
510.00000
127.00000
189.00000
95.00000
209.00000
250.00000
375.00000
100.00000
231.00000
61.00000
282.00000
88.00000
134.00000
421.00000
40.00000
189.00000
225.00000
201.00000
85.00000
222.00000
288.00000
130.00000
127.00000
96.00000
346.00000
110.00000
205.00000
176.00000
300.00000
500.00000
119.00000
228.00000
295.00000
191.00000
129.00000
152.00000
115.00000
444.00000
500.00000
334.00000
580.00000
350.00000
209.00000
212.00000
455.00000
250.00000
168.00000
145.00000
314.00000
419.00000
172.00000
110.00000
250.00000
345.00000
148.00000
123.00000
139.00000
210.00000
347.00000
159.00000
144.00000
148.00000
161.00000
267.00000
320.00000
444.00000
184.00000
322.00000
228.00000
129.00000
254.00000
52.00000
224.00000
202.00000
162.00000
435.00000
488.00000
179.00000
137.00000
160.00000
168.00000
350.00000
246.00000
100.00000
149.00000
218.00000
750.00000
611.00000
752.00000
250.00000
103.60000
250.00000
200.00000
273.00000
205.00000
200.00000
312.00000
308.00000
40.00000
671.00000
820.00000
700.00000
219.00000
400.00000
603.00000
116.00000
214.00000
477.00000
800.00000
363.00000
73.00000
114.00000
93.00000
354.00000
380.00000
80.00000
161.00000
221.00000
150.00000
254.00000
160.00000
400.00000
44.00000
398.00000
66.00000
100.00000
127.00000
206.00000
616.00000
300.00000
177.00000
175.00000
105.00000
500.00000
169.00000
345.00000
187.00000
86.00000
126.00000
250.00000
116.00000
269.00000
42.00000
100.00000
249.00000
184.00000
141.00000
75.00000
227.00000
397.00000
162.00000
135.00000
329.00000
145.00000
56.00000
171.00000
500.00000
236.00000
264.00000
108.00000
125.00000
190.00000
269.00000
227.00000
110.00000
110.00000
140.00000
284.00000
298.00000
200.00000
177.00000
213.00000
150.00000
193.00000
73.00000
156.00000
132.00000
106.00000
160.00000
225.00000
93.00000
325.00000
106.00000
194.00000
103.00000
149.00000
138.00000
146.00000
750.00000
147.00000
131.00000
38.00000
78.00000
287.00000
253.00000
816.00000
215.00000
170.00000
135.00000
145.00000
254.00000
103.00000
85.00000
600.00000
300.00000
100.00000
306.00000
256.00000
239.00000
450.00000
130.00000
23.00000
268.00000
70.00000
471.00000
176.00000
190.00000
70.00000
350.00000
320.00000
158.00000
206.00000
83.00000
165.00000
69.00000
350.00000
200.00000
90.00000
137.00000
474.00000
280.00000
58.00000
107.00000
1800.00000
118.00000
177.00000
153.00000
133.00000
170.00000
210.00000
165.00000
115.00000
163.00000
100.00000
110.00000
182.00000
93.00000
151.00000
85.00000
300.00000
250.00000
121.00000
132.00000
100.00000
211.00000
69.00000
400.00000
259.00000
155.00000
187.00000
222.00000
82.00000
102.00000
220.00000
300.00000
74.00000
150.00000
317.00000
270.00000
78.00000
79.00000
82.00000
262.00000
90.00000
157.00000
123.00000
86.00000
81.00000
51.00000
212.00000
400.00000
218.00000
109.00000
55.00000
214.00000
145.00000
329.00000
372.00000
368.00000
96.00000
79.00000
181.00000
320.00000
236.00000
381.00000
63.00000
164.00000
280.00000
103.00000
150.00000
46.00000
314.00000
264.00000
229.00000
265.00000
51.00000
87.00000
363.00000
163.00000
136.00000
200.00000
59.00000
59.00000
81.00000
142.00000
248.00000
110.00000
66.00000
99.00000
415.00000
1450.00000
350.00000
400.00000
68.00000
459.00000
310.00000
169.00000
176.00000
392.00000
246.00000
87.00000
64.00000
233.00000
90.00000
174.00000
51.00000
108.00000
190.00000
293.00000
168.00000
317.00000
342.00000
415.00000
142.00000
183.00000
131.00000
75.00000
362.00000
392.00000
236.00000
168.00000
263.00000
84.00000
50.00000
182.00000
158.00000
102.00000
69.00000
121.00000
81.00000
96.00000
87.00000
195.00000
209.00000
67.00000
55.00000
167.00000
81.00000
225.00000
44.00000
90.00000
286.00000
146.00000
170.00000
222.00000
31.00000
69.00000
297.00000
83.00000
77.00000
130.00000
257.00000
720.00000
351.00000
188.00000
159.00000
189.00000
83.00000
200.00000
94.00000
128.00000
225.00000
101.00000
101.00000
67.00000
170.00000
176.00000
105.00000
136.00000
128.00000
40.00000
65.00000
83.00000
257.00000
85.00000
151.00000
326.00000
135.00000
222.00000
113.00
113.00
113.00
361.80
113.00
226.20
226.20
226.20
113.00
162.80
113.00
113.00
162.80
162.80
113.00
113.00
144.60
113.00
113.00
452.20
113.00
113.00
113.00
361.80
113.00
113.00
361.80
113.00
285.00
285.00
113.00
113.00
113.00
285.00
113.00
113.00
113.00
285.00
113.00
361.80
113.00
113.00
113.00
113.00
113.00
113.00
113.00
144.60
113.00
113.00
113.00
113.00
126.60
126.60
113.00
113.00
113.00
113.00
144.60
113.00
113.00
113.00
113.00
113.00
226.20
113.00
113.00
113.00
180.80
452.20
113.00
113.00
226.20
180.80
180.80
180.80
180.80
162.80
113.00
113.00
113.00
113.00
113.00
113.00
113.00
162.80
113.00
113.00
113.00
226.20
226.20
144.60
113.00
113.00
113.00
113.00
113.00
113.00
113.00
113.00
113.00
113.00
126.60
113.00
113.00
113.00
113.00
113.00
113.00
162.80
226.20
113.00
113.00
113.00
113.00
113.00
144.60
113.00
113.00
113.00
285.00
285.00
113.00
113.00
113.00
113.00
285.00
113.00
113.00
113.00
113.00
144.60
581.80
285.00
452.20
113.00
361.80
361.80
113.00
113.00
285.00
126.60
144.60
144.60
162.80
162.80
113.00
113.00
180.80
162.80
180.80
113.00
113.00
452.20
113.00
113.00
113.00
113.00
452.20
285.00
162.80
113.00
144.60
226.20
226.20
226.20
452.20
113.00
452.20
113.00
226.20
113.00
361.80
285.00
226.20
226.20
113.00
113.00
162.80
113.00
452.20
144.60
113.00
113.00
113.00
113.00
113.00
113.00
180.80
285.00
285.00
285.00
285.00
113.00
180.80
144.60
452.20
113.00
113.00
113.00
113.00
361.80
113.00
581.80
180.80
180.80
113.00
113.00
180.80
180.80
162.80
113.00
113.00
113.00
285.00
180.80
452.20
285.00
285.00
162.80
144.60
126.60
113.00
113.00
113.00
113.00
361.80
113.00
113.00
113.00
180.80
113.00
113.00
113.00
226.20
452.20
113.00
113.00
285.00
226.20
113.00
113.00
113.00
144.60
162.80
180.80
113.00
113.00
452.20
581.80
226.20
226.20
226.20
180.80
581.80
113.00
113.00
361.80
113.00
113.00
113.00
581.80
144.60
180.80
113.00
113.00
113.00
113.00
113.00
113.00
144.60
581.80
113.00
113.00
452.20
452.20
113.00
113.00
581.80
113.00
113.00
113.00
113.00
113.00
162.80
162.80
113.00
180.80
226.20
113.00
113.00
285.00
285.00
285.00
285.00
180.80
113.00
113.00
361.80
113.00
113.00
144.60
113.00
144.60
144.60
126.60
113.00
113.00
113.00
113.00
113.00
581.80
581.80
285.00
113.00
113.00
113.00
113.00
113.00
113.00
113.00
113.00
113.00
113.00
113.00
162.80
113.00
113.00
144.60
162.80
226.20
581.80
581.80
581.80
126.60
113.00
144.60
113.00
113.00
581.80
113.00
113.00
126.60
113.00
113.00
113.00
113.00
113.00
113.00
226.20
113.00
113.00
226.20
226.20
180.80
162.80
113.00
113.00
113.00
113.00
126.60
113.00
113.00
113.00
285.00
285.00
361.80
361.80
113.00
361.80
452.20
361.80
361.80
361.80
113.00
113.00
113.00
113.00
113.00
113.00
113.00
581.80
581.80
581.80
581.80
452.20
452.20
226.20
361.80
113.00
144.60
113.00
126.60
113.00
285.00
113.00
113.00
113.00
113.00
113.00
180.80
113.00
113.00
113.00
113.00
113.00
180.80
180.80
113.00
113.00
113.00
113.00
113.00
113.00
113.00
113.00
113.00
113.00
113.00
113.00
113.00
126.60
113.00
113.00
113.00
113.00
113.00
113.00
113.00
144.60
144.60
144.60
113.00
162.80
113.00
113.00
581.80
113.00
113.00
126.60
113.00
162.80
180.80
180.80
144.60
126.60
144.60
126.60
113.00
113.00
113.00
113.00
113.00
113.00
113.00
113.00
113.00
452.20
113.00
162.80
226.20
226.20
113.00
180.80
113.00
113.00
162.80
162.80
113.00
113.00
162.80
144.60
113.00
581.80
113.00
113.00
113.00
452.20
113.00
113.00
361.80
113.00
162.80
285.00
113.00
113.00
113.00
361.80
113.00
113.00
113.00
285.00
113.00
226.20
113.00
113.00
113.00
113.00
113.00
113.00
162.80
126.60
113.00
144.60
113.00
113.00
162.80
162.80
113.00
126.60
113.00
113.00
144.60
113.00
113.00
113.00
113.00
113.00
285.00
113.00
113.00
113.00
226.20
452.20
113.00
113.00
180.80
180.80
144.60
144.60
144.60
144.60
113.00
113.00
113.00
113.00
126.60
113.00
113.00
144.60
113.00
113.00
113.00
226.20
226.20
226.20
113.00
113.00
126.60
113.00
113.00
113.00
144.60
162.80
113.00
144.60
180.80
126.60
113.00
113.00
113.00
113.00
113.00
226.20
285.00
113.00
113.00
113.00
113.00
113.00
144.60
113.00
113.00
113.00
226.20
285.00
113.00
113.00
113.00
113.00
285.00
113.00
113.00
113.00
113.00
144.60
361.80
180.80
361.80
113.00
285.00
285.00
113.00
113.00
361.80
144.60
144.60
180.80
162.80
162.80
113.00
113.00
226.20
226.20
180.80
113.00
285.00
452.20
226.20
113.00
113.00
113.00
581.80
285.00
226.20
113.00
180.80
180.80
180.80
180.80
361.80
113.00
361.80
113.00
126.60
113.00
226.20
361.80
226.20
226.20
113.00
113.00
144.60
113.00
452.20
144.60
113.00
113.00
126.60
113.00
113.00
113.00
361.80
285.00
285.00
285.00
226.20
113.00
126.60
113.00
452.20
113.00
113.00
113.00
113.00
226.20
113.00
452.20
180.80
162.80
113.00
113.00
126.60
113.00
113.00
113.00
113.00
113.00
285.00
226.20
361.80
285.00
285.00
180.80
180.80
162.80
126.60
113.00
113.00
113.00
361.80
113.00
113.00
113.00
226.20
113.00
113.00
113.00
226.20
361.80
113.00
113.00
226.20
226.20
113.00
126.60
113.00
180.80
226.20
226.20
113.00
113.00
581.80
581.80
144.60
180.80
226.20
226.20
581.80
113.00
113.00
361.80
113.00
113.00
113.00
452.20
162.80
226.20
113.00
113.00
113.00
113.00
113.00
113.00
144.60
581.80
113.00
113.00
452.20
361.80
126.60
113.00
581.80
113.00
113.00
113.00
285.00
113.00
361.80
361.80
113.00
361.80
361.80
113.00
113.00
452.20
452.20
452.20
452.20
226.20
113.00
113.00
285.00
113.00
113.00
226.20
226.20
226.20
180.80
162.80
113.00
113.00
113.00
113.00
113.00
581.80
581.80
226.20
113.00
113.00
126.60
361.80
113.00
126.60
113.00
113.00
113.00
113.00
113.00
162.80
113.00
126.60
113.00
162.80
180.80
581.80
581.80
452.20
113.00
113.00
162.80
144.60
113.00
581.80
113.00
113.00
113.00
126.60
113.00
113.00
113.00
113.00
113.00
452.20
113.00
113.00
361.80
226.20
180.80
180.80
144.60
113.00
144.60
113.00
144.60
113.00
113.00
113.00
361.80
361.80
285.00
361.80
113.00
361.80
361.80
361.80
361.80
361.80
113.00
113.00
113.00
113.00
113.00
113.00
113.00
452.20
361.80
452.20
452.20
452.20
452.20
285.00
452.20
113.00
162.80
113.00
162.80
162.80
361.80
144.60
144.60
126.60
113.00
113.00
226.20
162.80
126.60
113.00
113.00
113.00
361.80
361.80
113.00
113.00
113.00
113.00
113.00
113.00
113.00
162.80
285.00
113.00
113.00
144.60
113.00
144.60
126.60
113.00
113.00
113.00
113.00
113.00
113.00
226.20
285.00
226.20
180.80
285.00
113.00
113.00
452.20
180.80
113.00
285.00
285.00
226.20
180.80
180.80
226.20
180.80
180.80
162.80
144.60
113.00
113.00
162.80
113.00
113.00
113.00
113.00
113.00
361.80
113.00
285.00
226.20
180.80
113.00
180.80
113.00
113.00
180.80
162.80
113.00
113.00
162.80
126.60
113.00
452.20
113.00
113.00
113.00
452.20
113.00
113.00
361.80
113.00
285.00
226.20
113.00
113.00
113.00
361.80
113.00
113.00
113.00
285.00
113.00
285.00
113.00
113.00
113.00
113.00
113.00
113.00
126.60
162.80
113.00
126.60
126.60
113.00
126.60
126.60
113.00
113.00
113.00
113.00
144.60
113.00
113.00
113.00
113.00
113.00
285.00
113.00
113.00
113.00
162.80
452.20
113.00
113.00
226.20
162.80
162.80
162.80
144.60
126.60
113.00
113.00
113.00
113.00
113.00
113.00
113.00
126.60
113.00
113.00
113.00
226.20
226.20
180.80
113.00
113.00
180.80
113.00
113.00
113.00
113.00
144.60
113.00
162.80
180.80
113.00
113.00
113.00
113.00
113.00
113.00
180.80
162.80
113.00
113.00
113.00
113.00
113.00
126.60
113.00
113.00
113.00
226.20
285.00
113.00
113.00
113.00
113.00
361.80
113.00
113.00
113.00
113.00
180.80
581.80
285.00
361.80
113.00
361.80
361.80
113.00
113.00
285.00
162.80
226.20
162.80
180.80
162.80
126.60
113.00
180.80
226.20
180.80
113.00
113.00
452.20
113.00
113.00
113.00
113.00
452.20
285.00
180.80
113.00
162.80
162.80
226.20
226.20
452.20
113.00
452.20
113.00
226.20
113.00
361.80
285.00
226.20
226.20
113.00
113.00
180.80
113.00
452.20
144.60
113.00
113.00
113.00
113.00
113.00
113.00
285.00
285.00
285.00
226.20
180.80
113.00
113.00
113.00
452.20
113.00
113.00
113.00
113.00
285.00
113.00
581.80
180.80
180.80
113.00
113.00
180.80
162.80
144.60
113.00
113.00
113.00
285.00
180.80
361.80
285.00
285.00
162.80
144.60
126.60
113.00
113.00
113.00
113.00
361.80
113.00
113.00
113.00
180.80
113.00
113.00
113.00
226.20
361.80
113.00
113.00
285.00
226.20
113.00
113.00
113.00
144.60
162.80
180.80
113.00
113.00
452.20
581.80
226.20
285.00
226.20
226.20
581.80
113.00
113.00
361.80
113.00
113.00
113.00
581.80
126.60
180.80
113.00
113.00
113.00
113.00
113.00
113.00
126.60
581.80
113.00
113.00
361.80
452.20
113.00
113.00
581.80
113.00
113.00
113.00
162.80
113.00
180.80
180.80
113.00
180.80
226.20
113.00
113.00
226.20
285.00
361.80
452.20
226.20
113.00
113.00
361.80
113.00
113.00
226.20
226.20
126.60
144.60
126.60
113.00
113.00
113.00
113.00
113.00
581.80
581.80
180.80
113.00
113.00
113.00
144.60
113.00
113.00
113.00
113.00
113.00
113.00
113.00
162.80
113.00
113.00
144.60
162.80
226.20
581.80
581.80
581.80
126.60
113.00
126.60
144.60
113.00
581.80
113.00
113.00
126.60
113.00
113.00
113.00
113.00
113.00
113.00
285.00
113.00
113.00
226.20
226.20
180.80
162.80
113.00
113.00
113.00
113.00
126.60
113.00
113.00
113.00
285.00
361.80
361.80
361.80
113.00
361.80
452.20
452.20
452.20
452.20
113.00
113.00
113.00
113.00
113.00
113.00
113.00
581.80
581.80
581.80
452.20
452.20
452.20
226.20
452.20
113.00
144.60
113.00
126.60
113.00
285.00
113.00
113.00
113.00
113.00
113.00
226.20
113.00
113.00
113.00
113.00
113.00
285.00
285.00
113.00
113.00
113.00
113.00
113.00
113.00
113.00
162.80
180.80
113.00
113.00
113.00
113.00
113.00
113.00
113.00
113.00
113.00
113.00
113.00
126.60
162.80
144.60
144.60
126.60
162.80
113.00
113.00
581.80
113.00
113.00
180.80
162.80
180.80
226.20
162.80
162.80
162.80
162.80
144.60
126.60
113.00
113.00
113.00
113.00
113.00
113.00
113.00
113.00
452.20
113.00
226.20
226.20
180.80
113.00
180.80
113.00
113.00
180.80
162.80
113.00
113.00
180.80
162.80
113.00
581.80
144.60
113.00
113.00
452.20
113.00
113.00
361.80
113.00
361.80
361.80
113.00
113.00
113.00
361.80
113.00
113.00
113.00
452.20
113.00
226.20
113.00
113.00
113.00
113.00
113.00
113.00
162.80
144.60
144.60
180.80
162.80
144.60
144.60
144.60
113.00
144.60
113.00
113.00
113.00
113.00
113.00
113.00
113.00
113.00
361.80
113.00
113.00
113.00
361.80
285.00
113.00
113.00
361.80
361.80
144.60
126.60
113.00
113.00
113.00
113.00
113.00
113.00
144.60
113.00
113.00
113.00
113.00
113.00
113.00
285.00
180.80
180.80
113.00
113.00
180.80
113.00
113.00
113.00
226.20
162.80
113.00
180.80
226.20
113.00
113.00
113.00
113.00
113.00
113.00
180.80
180.80
113.00
113.00
113.00
113.00
113.00
126.60
113.00
113.00
113.00
226.20
285.00
113.00
113.00
113.00
113.00
285.00
113.00
113.00
113.00
113.00
361.80
452.20
162.80
452.20
113.00
226.20
361.80
113.00
113.00
361.80
180.80
180.80
162.80
180.80
144.60
113.00
113.00
180.80
285.00
144.60
113.00
285.00
581.80
285.00
113.00
113.00
113.00
452.20
285.00
226.20
113.00
144.60
144.60
144.60
144.60
285.00
113.00
452.20
113.00
113.00
113.00
226.20
361.80
285.00
285.00
113.00
113.00
180.80
113.00
452.20
285.00
113.00
113.00
285.00
126.60
113.00
113.00
285.00
285.00
285.00
285.00
226.20
113.00
144.60
113.00
452.20
113.00
113.00
113.00
113.00
180.80
113.00
581.80
180.80
162.80
113.00
113.00
126.60
126.60
113.00
113.00
113.00
113.00
285.00
226.20
361.80
452.20
361.80
180.80
180.80
180.80
144.60
126.60
113.00
113.00
452.20
144.60
113.00
113.00
226.20
113.00
113.00
113.00
285.00
452.20
113.00
113.00
285.00
285.00
113.00
113.00
113.00
162.80
180.80
180.80
113.00
113.00
452.20
452.20
226.20
180.80
226.20
180.80
452.20
113.00
113.00
452.20
113.00
113.00
113.00
452.20
144.60
180.80
113.00
113.00
113.00
113.00
113.00
113.00
144.60
581.80
113.00
113.00
361.80
452.20
180.80
113.00
581.80
113.00
113.00
113.00
285.00
113.00
285.00
285.00
113.00
361.80
226.20
113.00
113.00
361.80
285.00
226.20
452.20
226.20
113.00
113.00
361.80
113.00
113.00
285.00
226.20
144.60
126.60
113.00
113.00
113.00
113.00
113.00
113.00
581.80
581.80
180.80
113.00
113.00
113.00
285.00
113.00
113.00
113.00
113.00
113.00
113.00
113.00
144.60
113.00
126.60
126.60
162.80
226.20
581.80
581.80
452.20
126.60
113.00
162.80
162.80
162.80
581.80
113.00
113.00
126.60
113.00
113.00
113.00
113.00
113.00
113.00
361.80
113.00
113.00
285.00
162.80
162.80
144.60
113.00
113.00
113.00
113.00
126.60
113.00
113.00
113.00
361.80
452.20
361.80
452.20
113.00
361.80
452.20
361.80
361.80
452.20
113.00
113.00
113.00
113.00
113.00
113.00
113.00
452.20
452.20
452.20
361.80
452.20
452.20
285.00
361.80
113.00
180.80
113.00
144.60
126.60
361.80
126.60
126.60
113.00
113.00
113.00
226.20
113.00
113.00
113.00
113.00
113.00
361.80
361.80
113.00
113.00
113.00
113.00
113.00
113.00
113.00
226.20
361.80
113.00
113.00
113.00
113.00
113.00
126.60
113.00
113.00
113.00
113.00
113.00
113.00
226.20
226.20
226.20
180.80
226.20
113.00
113.00
581.80
162.80
113.00
226.20
361.80
180.80
180.80
162.80
162.80
144.60
144.60
126.60
126.60
113.00
113.00
180.80
113.00
113.00
113.00
113.00
113.00
361.80
581.80
226.20
226.20
452.20
113.00
180.80
113.00
113.00
162.80
144.60
113.00
581.80
144.60
113.00
361.80
452.20
113.00
113.00
113.00
361.80
113.00
113.00
361.80
113.00
226.20
226.20
113.00
113.00
113.00
285.00
361.80
113.00
113.00
180.80
113.00
452.20
113.00
180.80
113.00
113.00
113.00
113.00
113.00
113.00
113.00
126.60
113.00
113.00
180.80
113.00
113.00
113.00
113.00
113.00
162.80
113.00
285.00
113.00
113.00
113.00
285.00
113.00
113.00
113.00
113.00
452.20
113.00
113.00
113.00
113.00
285.00
180.80
180.80
162.80
180.80
113.00
113.00
113.00
113.00
113.00
113.00
226.20
113.00
113.00
113.00
180.80
162.80
144.60
126.60
162.80
144.60
113.00
113.00
113.00
113.00
113.00
113.00
113.00
126.60
126.60
113.00
126.60
113.00
113.00
113.00
180.80
226.20
113.00
113.00
113.00
113.00
113.00
144.60
113.00
113.00
113.00
285.00
285.00
113.00
113.00
113.00
113.00
361.80
113.00
113.00
113.00
113.00
226.20
581.80
361.80
452.20
113.00
452.20
361.80
113.00
113.00
285.00
113.00
126.60
113.00
113.00
162.80
113.00
113.00
180.80
180.80
180.80
113.00
113.00
452.20
113.00
113.00
113.00
113.00
452.20
285.00
285.00
113.00
162.80
226.20
226.20
226.20
452.20
113.00
452.20
113.00
226.20
113.00
285.00
285.00
285.00
180.80
113.00
113.00
113.00
113.00
452.20
144.60
113.00
113.00
113.00
113.00
113.00
113.00
113.00
285.00
285.00
285.00
285.00
113.00
162.80
126.60
452.20
113.00
113.00
113.00
113.00
285.00
113.00
581.80
180.80
180.80
113.00
113.00
162.80
162.80
162.80
113.00
113.00
113.00
285.00
180.80
452.20
285.00
285.00
162.80
126.60
113.00
113.00
113.00
113.00
113.00
361.80
126.60
113.00
113.00
180.80
113.00
113.00
113.00
226.20
452.20
113.00
113.00
285.00
285.00
126.60
113.00
113.00
126.60
162.80
180.80
126.60
113.00
581.80
581.80
226.20
285.00
226.20
226.20
581.80
113.00
113.00
361.80
113.00
113.00
113.00
581.80
126.60
226.20
113.00
113.00
113.00
113.00
113.00
113.00
144.60
581.80
113.00
113.00
452.20
452.20
113.00
113.00
581.80
113.00
113.00
113.00
113.00
113.00
144.60
144.60
113.00
226.20
226.20
113.00
113.00
285.00
285.00
285.00
361.80
285.00
113.00
113.00
361.80
113.00
126.60
180.80
180.80
144.60
144.60
126.60
113.00
113.00
113.00
113.00
113.00
581.80
581.80
285.00
113.00
126.60
113.00
113.00
113.00
113.00
113.00
113.00
113.00
113.00
113.00
162.80
126.60
113.00
144.60
162.80
226.20
581.80
581.80
581.80
126.60
113.00
113.00
113.00
113.00
581.80
113.00
113.00
126.60
113.00
113.00
113.00
113.00
113.00
113.00
162.80
113.00
113.00
226.20
226.20
180.80
162.80
113.00
113.00
113.00
113.00
126.60
113.00
113.00
113.00
285.00
226.20
285.00
361.80
113.00
361.80
361.80
361.80
361.80
285.00
126.60
113.00
113.00
113.00
113.00
113.00
113.00
452.20
581.80
581.80
581.80
452.20
452.20
285.00
452.20
113.00
162.80
113.00
126.60
113.00
285.00
113.00
113.00
113.00
113.00
113.00
226.20
113.00
113.00
113.00
113.00
113.00
113.00
113.00
113.00
113.00
113.00
113.00
113.00
126.60
113.00
144.60
180.80
113.00
113.00
113.00
113.00
113.00
113.00
113.00
113.00
113.00
113.00
162.80
162.80
144.60
144.60
144.60
113.00
162.80
113.00
113.00
581.80
113.00
113.00
226.20
180.80
180.80
180.80
162.80
144.60
126.60
144.60
113.00
113.00
113.00
113.00
113.00
113.00
113.00
113.00
113.00
113.00
361.80
581.80
226.20
226.20
452.20
126.60
180.80
113.00
113.00
162.80
144.60
113.00
581.80
144.60
113.00
361.80
452.20
113.00
113.00
113.00
361.80
113.00
113.00
452.20
113.00
226.20
226.20
113.00
113.00
113.00
285.00
361.80
113.00
113.00
180.80
113.00
452.20
113.00
180.80
113.00
113.00
113.00
113.00
113.00
113.00
113.00
126.60
113.00
113.00
226.20
113.00
113.00
113.00
113.00
113.00
162.80
113.00
226.20
113.00
113.00
113.00
285.00
113.00
113.00
113.00
113.00
452.20
113.00
113.00
113.00
113.00
285.00
180.80
180.80
162.80
180.80
113.00
113.00
113.00
113.00
113.00
113.00
226.20
113.00
113.00
126.60
180.80
162.80
144.60
126.60
162.80
144.60
113.00
113.00
113.00
113.00
113.00
113.00
113.00
126.60
126.60
113.00
126.60
113.00
113.00
113.00
180.80
226.20
113.00
113.00
113.00
113.00
113.00
144.60
113.00
113.00
126.60
285.00
285.00
113.00
113.00
113.00
113.00
361.80
113.00
113.00
113.00
113.00
226.20
581.80
361.80
581.80
113.00
581.80
361.80
113.00
113.00
285.00
113.00
126.60
113.00
113.00
162.80
113.00
113.00
180.80
180.80
180.80
113.00
113.00
452.20
113.00
113.00
113.00
113.00
452.20
285.00
285.00
113.00
162.80
226.20
226.20
226.20
452.20
113.00
452.20
113.00
226.20
113.00
285.00
285.00
361.80
180.80
126.60
126.60
113.00
113.00
452.20
144.60
113.00
113.00
113.00
113.00
113.00
113.00
113.00
285.00
285.00
285.00
285.00
113.00
180.80
126.60
452.20
113.00
126.60
113.00
113.00
285.00
113.00
581.80
180.80
180.80
113.00
113.00
162.80
162.80
162.80
113.00
113.00
113.00
285.00
180.80
452.20
285.00
285.00
162.80
126.60
113.00
113.00
113.00
113.00
113.00
361.80
144.60
113.00
126.60
180.80
113.00
113.00
113.00
226.20
452.20
113.00
113.00
285.00
285.00
126.60
113.00
113.00
126.60
162.80
162.80
144.60
113.00
581.80
581.80
226.20
285.00
285.00
226.20
581.80
113.00
126.60
361.80
113.00
113.00
113.00
581.80
126.60
226.20
113.00
113.00
113.00
113.00
113.00
113.00
144.60
581.80
113.00
113.00
452.20
452.20
113.00
113.00
581.80
113.00
113.00
113.00
113.00
113.00
144.60
144.60
113.00
226.20
226.20
113.00
113.00
285.00
285.00
285.00
361.80
285.00
113.00
113.00
361.80
113.00
126.60
162.80
180.80
126.60
144.60
126.60
113.00
113.00
126.60
113.00
113.00
581.80
581.80
285.00
113.00
126.60
126.60
113.00
113.00
113.00
113.00
126.60
113.00
113.00
113.00
162.80
126.60
113.00
144.60
162.80
226.20
581.80
581.80
581.80
126.60
113.00
113.00
113.00
113.00
581.80
113.00
113.00
126.60
113.00
113.00
113.00
113.00
113.00
113.00
162.80
113.00
113.00
226.20
226.20
162.80
162.80
126.60
113.00
113.00
113.00
126.60
113.00
113.00
113.00
285.00
226.20
285.00
361.80
113.00
361.80
361.80
361.80
361.80
285.00
126.60
113.00
113.00
113.00
113.00
113.00
113.00
452.20
581.80
581.80
581.80
452.20
452.20
285.00
452.20
113.00
162.80
113.00
126.60
113.00
285.00
113.00
113.00
113.00
113.00
113.00
226.20
113.00
113.00
113.00
113.00
113.00
113.00
113.00
113.00
113.00
113.00
113.00
113.00
126.60
113.00
144.60
180.80
113.00
113.00
113.00
113.00
113.00
113.00
113.00
113.00
113.00
113.00
162.80
162.80
144.60
126.60
144.60
113.00
162.80
113.00
113.00
581.80
113.00
113.00
226.20
180.80
180.80
180.80
162.80
144.60
126.60
144.60
113.00
113.00
113.00
113.00
113.00
113.00
113.00
113.00
113.00
113.00
361.80
581.80
226.20
226.20
581.80
126.60
180.80
113.00
113.00
162.80
144.60
113.00
581.80
144.60
113.00
361.80
452.20
113.00
113.00
113.00
361.80
113.00
113.00
452.20
113.00
226.20
226.20
113.00
113.00
113.00
285.00
361.80
113.00
113.00
180.80
113.00
452.20
113.00
180.80
113.00
113.00
113.00
113.00
113.00
113.00
113.00
126.60
126.60
113.00
226.20
113.00
113.00
113.00
113.00
113.00
162.80
113.00
226.20
113.00
113.00
113.00
285.00
113.00
113.00
113.00
126.60
581.80
113.00
113.00
113.00
126.60
285.00
180.80
180.80
162.80
180.80
113.00
126.60
113.00
113.00
113.00
113.00
226.20
113.00
113.00
126.60
180.80
162.80
144.60
126.60
162.80
144.60
113.00
113.00
113.00
113.00
113.00
113.00
113.00
126.60
126.60
113.00
126.60
113.00
113.00
113.00
180.80
226.20
113.00
113.00
113.00
113.00
113.00
144.60
113.00
126.60
126.60
285.00
285.00
113.00
113.00
113.00
113.00
285.00
113.00
113.00
113.00
113.00
226.20
581.80
452.20
581.80
113.00
581.80
361.80
113.00
113.00
285.00
113.00
126.60
113.00
113.00
162.80
113.00
113.00
180.80
180.80
180.80
113.00
113.00
452.20
113.00
113.00
113.00
113.00
452.20
285.00
285.00
113.00
162.80
226.20
226.20
226.20
452.20
113.00
581.80
113.00
226.20
113.00
285.00
285.00
361.80
180.80
126.60
126.60
113.00
126.60
452.20
144.60
113.00
113.00
113.00
113.00
113.00
113.00
113.00
285.00
285.00
285.00
285.00
113.00
180.80
126.60
452.20
113.00
126.60
113.00
113.00
285.00
113.00
581.80
180.80
180.80
113.00
113.00
162.80
162.80
162.80
113.00
113.00
113.00
285.00
180.80
452.20
285.00
285.00
162.80
126.60
113.00
113.00
113.00
113.00
113.00
361.80
144.60
113.00
126.60
180.80
113.00
113.00
113.00
226.20
452.20
113.00
113.00
285.00
285.00
126.60
113.00
113.00
126.60
162.80
162.80
144.60
126.60
581.80
581.80
226.20
285.00
285.00
226.20
581.80
126.60
126.60
361.80
113.00
113.00
113.00
581.80
126.60
226.20
113.00
126.60
113.00
113.00
113.00
113.00
144.60
581.80
113.00
113.00
452.20
452.20
113.00
113.00
581.80
113.00
113.00
126.60
113.00
113.00
144.60
144.60
113.00
226.20
226.20
113.00
113.00
285.00
285.00
285.00
361.80
285.00
113.00
126.60
361.80
126.60
126.60
162.80
180.80
126.60
144.60
126.60
113.00
113.00
126.60
113.00
113.00
581.80
581.80
285.00
113.00
126.60
126.60
113.00
113.00
113.00
113.00
126.60
113.00
113.00
113.00
162.80
126.60
113.00
144.60
162.80
285.00
581.80
581.80
581.80
126.60
113.00
113.00
113.00
113.00
581.80
113.00
113.00
126.60
113.00
113.00
113.00
113.00
113.00
113.00
162.80
113.00
113.00
226.20
180.80
162.80
162.80
126.60
126.60
113.00
113.00
126.60
113.00
113.00
113.00
285.00
226.20
285.00
361.80
113.00
361.80
361.80
361.80
361.80
285.00
126.60
113.00
113.00
113.00
113.00
113.00
113.00
452.20
581.80
581.80
581.80
452.20
452.20
361.80
452.20
113.00
162.80
113.00
126.60
113.00
285.00
126.60
113.00
113.00
113.00
113.00
226.20
113.00
113.00
113.00
113.00
113.00
113.00
113.00
113.00
113.00
113.00
113.00
126.60
126.60
113.00
144.60
180.80
113.00
113.00
113.00
113.00
113.00
113.00
113.00
126.60
113.00
113.00
162.80
162.80
144.60
126.60
144.60
113.00
162.80
126.60
113.00
581.80
113.00
113.00
226.20
180.80
180.80
226.20
162.80
144.60
126.60
144.60
113.00
113.00
113.00
113.00
113.00
113.00
113.00
113.00
113.00
113.00
452.20
144.60
144.60
226.20
226.20
113.00
226.20
113.00
113.00
226.20
226.20
113.00
113.00
180.80
162.80
113.00
581.80
113.00
113.00
113.00
361.80
113.00
113.00
452.20
113.00
144.60
361.80
113.00
113.00
113.00
452.20
113.00
113.00
113.00
452.20
113.00
226.20
113.00
113.00
113.00
113.00
113.00
113.00
180.80
162.80
144.60
144.60
113.00
162.80
162.80
162.80
113.00
144.60
126.60
113.00
126.60
113.00
113.00
113.00
113.00
113.00
361.80
113.00
113.00
113.00
361.80
361.80
113.00
113.00
285.00
285.00
144.60
144.60
126.60
126.60
126.60
113.00
113.00
113.00
144.60
113.00
113.00
126.60
113.00
113.00
113.00
285.00
226.20
180.80
113.00
113.00
226.20
113.00
113.00
113.00
144.60
162.80
113.00
226.20
285.00
113.00
113.00
113.00
113.00
113.00
113.00
226.20
226.20
113.00
113.00
113.00
113.00
113.00
180.80
113.00
113.00
113.00
285.00
285.00
113.00
113.00
113.00
113.00
285.00
113.00
113.00
113.00
126.60
285.00
452.20
162.80
361.80
126.60
226.20
361.80
113.00
113.00
452.20
144.60
162.80
226.20
285.00
144.60
113.00
126.60
226.20
180.80
180.80
113.00
361.80
581.80
361.80
113.00
113.00
113.00
581.80
361.80
285.00
113.00
162.80
162.80
180.80
180.80
361.80
113.00
452.20
113.00
113.00
113.00
226.20
361.80
285.00
361.80
113.00
113.00
144.60
113.00
581.80
361.80
113.00
113.00
285.00
113.00
126.60
126.60
361.80
285.00
285.00
285.00
226.20
113.00
226.20
113.00
452.20
113.00
113.00
113.00
113.00
226.20
113.00
581.80
180.80
162.80
113.00
113.00
113.00
113.00
113.00
126.60
113.00
113.00
285.00
226.20
452.20
361.80
361.80
162.80
162.80
162.80
126.60
126.60
113.00
113.00
452.20
144.60
126.60
113.00
180.80
113.00
113.00
113.00
226.20
452.20
113.00
113.00
285.00
285.00
113.00
113.00
113.00
162.80
180.80
180.80
113.00
113.00
452.20
452.20
144.60
226.20
226.20
285.00
452.20
113.00
113.00
452.20
113.00
113.00
113.00
452.20
162.80
226.20
113.00
113.00
113.00
113.00
113.00
113.00
162.80
581.80
113.00
113.00
285.00
452.20
126.60
113.00
581.80
113.00
113.00
113.00
452.20
113.00
452.20
452.20
113.00
452.20
452.20
113.00
113.00
452.20
452.20
452.20
452.20
226.20
113.00
113.00
361.80
113.00
113.00
180.80
180.80
162.80
162.80
162.80
113.00
113.00
113.00
113.00
113.00
581.80
581.80
226.20
113.00
113.00
113.00
452.20
113.00
113.00
113.00
113.00
113.00
126.60
126.60
144.60
113.00
113.00
126.60
162.80
162.80
581.80
452.20
452.20
126.60
113.00
285.00
285.00
285.00
452.20
113.00
113.00
113.00
162.80
113.00
113.00
113.00
113.00
113.00
452.20
113.00
113.00
285.00
226.20
226.20
226.20
126.60
126.60
162.80
144.60
144.60
113.00
113.00
113.00
361.80
452.20
361.80
452.20
113.00
361.80
452.20
452.20
452.20
452.20
113.00
113.00
113.00
113.00
113.00
113.00
113.00
452.20
452.20
452.20
361.80
361.80
361.80
285.00
361.80
113.00
180.80
113.00
162.80
162.80
361.80
162.80
162.80
113.00
113.00
113.00
226.20
162.80
126.60
113.00
113.00
113.00
452.20
285.00
113.00
113.00
113.00
113.00
113.00
113.00
113.00
162.80
361.80
113.00
113.00
126.60
126.60
144.60
144.60
113.00
113.00
113.00
113.00
113.00
113.00
361.80
361.80
361.80
285.00
361.80
113.00
113.00
452.20
285.00
113.00
361.80
452.20
162.80
162.80
162.80
162.80
162.80
144.60
144.60
144.60
113.00
113.00
285.00
180.80
113.00
144.60
144.60
113.00
452.20
144.60
144.60
226.20
226.20
113.00
361.80
113.00
113.00
452.20
226.20
113.00
581.80
180.80
162.80
113.00
581.80
113.00
113.00
113.00
361.80
113.00
113.00
452.20
581.80
144.60
361.80
126.60
113.00
113.00
581.80
226.20
226.20
126.60
452.20
126.60
226.20
126.60
180.80
113.00
285.00
113.00
285.00
180.80
180.80
144.60
144.60
113.00
162.80
162.80
180.80
113.00
144.60
126.60
113.00
126.60
113.00
113.00
113.00
113.00
113.00
361.80
113.00
113.00
113.00
361.80
361.80
113.00
113.00
226.20
285.00
144.60
126.60
126.60
126.60
126.60
113.00
113.00
113.00
144.60
113.00
113.00
126.60
113.00
113.00
113.00
285.00
226.20
180.80
113.00
113.00
226.20
113.00
113.00
113.00
144.60
162.80
113.00
226.20
285.00
113.00
113.00
113.00
113.00
113.00
113.00
226.20
226.20
113.00
113.00
126.60
113.00
126.60
180.80
126.60
113.00
113.00
285.00
285.00
113.00
113.00
113.00
113.00
226.20
126.60
113.00
113.00
126.60
285.00
452.20
162.80
452.20
126.60
285.00
361.80
113.00
126.60
452.20
144.60
162.80
226.20
285.00
144.60
113.00
126.60
226.20
180.80
180.80
113.00
361.80
581.80
361.80
113.00
113.00
113.00
581.80
361.80
285.00
113.00
162.80
162.80
180.80
162.80
361.80
113.00
452.20
113.00
113.00
113.00
226.20
361.80
285.00
361.80
113.00
113.00
144.60
113.00
581.80
361.80
113.00
113.00
285.00
113.00
126.60
126.60
361.80
285.00
285.00
285.00
226.20
113.00
226.20
113.00
452.20
113.00
113.00
113.00
113.00
226.20
113.00
581.80
180.80
162.80
113.00
113.00
113.00
113.00
113.00
126.60
126.60
113.00
285.00
226.20
452.20
361.80
361.80
162.80
162.80
162.80
126.60
126.60
113.00
126.60
452.20
144.60
126.60
113.00
180.80
113.00
126.60
113.00
226.20
452.20
113.00
113.00
285.00
285.00
113.00
113.00
113.00
162.80
180.80
180.80
113.00
113.00
452.20
452.20
144.60
226.20
226.20
285.00
581.80
113.00
113.00
452.20
113.00
113.00
113.00
452.20
162.80
226.20
113.00
126.60
113.00
113.00
113.00
113.00
162.80
581.80
113.00
113.00
285.00
452.20
126.60
113.00
581.80
113.00
113.00
113.00
452.20
113.00
452.20
452.20
113.00
452.20
452.20
113.00
113.00
452.20
452.20
452.20
452.20
226.20
113.00
113.00
361.80
113.00
113.00
180.80
180.80
162.80
162.80
162.80
113.00
113.00
113.00
113.00
113.00
581.80
581.80
226.20
113.00
113.00
113.00
452.20
113.00
113.00
113.00
126.60
113.00
126.60
126.60
144.60
113.00
113.00
126.60
162.80
162.80
581.80
452.20
452.20
126.60
113.00
285.00
285.00
285.00
452.20
113.00
113.00
113.00
162.80
113.00
113.00
113.00
113.00
113.00
452.20
113.00
113.00
285.00
285.00
226.20
226.20
126.60
126.60
162.80
144.60
144.60
113.00
113.00
113.00
361.80
452.20
361.80
452.20
113.00
361.80
452.20
452.20
452.20
452.20
113.00
113.00
113.00
113.00
113.00
113.00
113.00
452.20
452.20
452.20
361.80
361.80
361.80
285.00
361.80
113.00
180.80
113.00
162.80
162.80
361.80
162.80
162.80
113.00
113.00
113.00
226.20
162.80
126.60
113.00
113.00
113.00
452.20
285.00
113.00
113.00
113.00
113.00
113.00
113.00
113.00
162.80
361.80
113.00
113.00
126.60
126.60
144.60
144.60
113.00
113.00
113.00
113.00
113.00
113.00
361.80
361.80
361.80
285.00
361.80
113.00
113.00
452.20
285.00
113.00
361.80
452.20
162.80
162.80
162.80
162.80
162.80
144.60
144.60
144.60
113.00
113.00
285.00
180.80
113.00
113.00
113.00
113.00
452.20
113.00
144.60
226.20
226.20
113.00
226.20
113.00
113.00
226.20
226.20
162.80
144.60
285.00
226.20
144.60
581.80
180.80
113.00
113.00
452.20
113.00
113.00
452.20
113.00
162.80
361.80
113.00
113.00
113.00
452.20
113.00
113.00
113.00
452.20
113.00
226.20
113.00
113.00
113.00
113.00
113.00
113.00
180.80
162.80
126.60
180.80
113.00
162.80
162.80
162.80
113.00
162.80
144.60
113.00
144.60
113.00
113.00
113.00
126.60
113.00
452.20
113.00
113.00
113.00
361.80
285.00
113.00
113.00
452.20
452.20
144.60
144.60
126.60
113.00
113.00
113.00
113.00
113.00
180.80
113.00
113.00
126.60
113.00
113.00
113.00
361.80
226.20
226.20
113.00
113.00
226.20
113.00
113.00
113.00
226.20
180.80
113.00
226.20
285.00
113.00
113.00
113.00
113.00
113.00
113.00
226.20
226.20
113.00
113.00
113.00
113.00
113.00
180.80
113.00
113.00
113.00
285.00
285.00
113.00
113.00
113.00
113.00
285.00
113.00
113.00
113.00
113.00
361.80
361.80
162.80
361.80
126.60
226.20
361.80
113.00
113.00
361.80
144.60
162.80
226.20
226.20
144.60
113.00
113.00
180.80
285.00
180.80
113.00
361.80
581.80
361.80
113.00
113.00
113.00
452.20
361.80
285.00
113.00
180.80
180.80
180.80
162.80
285.00
113.00
452.20
113.00
113.00
113.00
226.20
361.80
285.00
285.00
113.00
113.00
144.60
113.00
452.20
285.00
113.00
113.00
285.00
126.60
126.60
113.00
361.80
285.00
285.00
285.00
226.20
113.00
144.60
113.00
452.20
113.00
113.00
113.00
113.00
180.80
113.00
581.80
226.20
180.80
113.00
113.00
126.60
113.00
113.00
113.00
113.00
113.00
285.00
226.20
361.80
361.80
361.80
226.20
226.20
226.20
162.80
126.60
113.00
113.00
452.20
144.60
126.60
113.00
226.20
113.00
113.00
113.00
285.00
452.20
113.00
113.00
285.00
285.00
113.00
113.00
144.60
180.80
226.20
226.20
113.00
113.00
452.20
452.20
144.60
180.80
226.20
180.80
452.20
113.00
113.00
452.20
113.00
113.00
113.00
452.20
162.80
226.20
113.00
113.00
113.00
113.00
113.00
113.00
162.80
581.80
113.00
113.00
361.80
452.20
180.80
144.60
581.80
113.00
113.00
113.00
361.80
113.00
361.80
361.80
113.00
452.20
361.80
113.00
113.00
452.20
361.80
285.00
452.20
226.20
113.00
113.00
361.80
113.00
113.00
285.00
226.20
144.60
126.60
113.00
113.00
113.00
126.60
113.00
113.00
581.80
581.80
180.80
144.60
113.00
113.00
361.80
113.00
113.00
113.00
113.00
113.00
113.00
113.00
144.60
113.00
126.60
126.60
162.80
226.20
581.80
581.80
452.20
126.60
113.00
226.20
226.20
226.20
581.80
113.00
113.00
113.00
126.60
113.00
113.00
113.00
113.00
113.00
452.20
113.00
113.00
361.80
226.20
226.20
226.20
144.60
113.00
162.80
162.80
144.60
113.00
113.00
113.00
361.80
581.80
361.80
581.80
113.00
361.80
581.80
452.20
452.20
581.80
113.00
113.00
113.00
113.00
113.00
113.00
113.00
452.20
452.20
452.20
361.80
452.20
452.20
285.00
361.80
113.00
226.20
113.00
162.80
144.60
361.80
180.80
162.80
144.60
113.00
113.00
285.00
144.60
113.00
113.00
144.60
113.00
452.20
452.20
113.00
113.00
113.00
113.00
113.00
113.00
113.00
180.80
452.20
113.00
113.00
144.60
113.00
144.60
144.60
113.00
113.00
113.00
113.00
113.00
113.00
285.00
285.00
285.00
285.00
285.00
113.00
113.00
581.80
285.00
113.00
361.80
452.20
162.80
144.60
162.80
162.80
144.60
144.60
126.60
144.60
113.00
113.00
285.00
126.60
113.00
113.00
113.00
113.00
452.20
113.00
144.60
226.20
226.20
126.60
226.20
113.00
113.00
226.20
226.20
162.80
144.60
361.80
226.20
144.60
581.80
180.80
113.00
113.00
581.80
113.00
113.00
452.20
113.00
162.80
361.80
113.00
113.00
113.00
361.80
113.00
113.00
113.00
452.20
113.00
226.20
113.00
113.00
113.00
113.00
113.00
113.00
180.80
162.80
126.60
180.80
113.00
162.80
162.80
162.80
113.00
162.80
144.60
113.00
144.60
113.00
113.00
113.00
126.60
113.00
452.20
113.00
113.00
126.60
361.80
285.00
113.00
113.00
452.20
452.20
144.60
144.60
144.60
113.00
113.00
113.00
113.00
113.00
180.80
113.00
113.00
126.60
113.00
113.00
113.00
361.80
226.20
226.20
113.00
113.00
226.20
113.00
113.00
113.00
226.20
180.80
113.00
226.20
285.00
113.00
113.00
113.00
113.00
113.00
113.00
226.20
226.20
113.00
113.00
113.00
113.00
113.00
180.80
113.00
113.00
113.00
285.00
285.00
113.00
113.00
113.00
113.00
285.00
113.00
113.00
113.00
113.00
361.80
361.80
162.80
361.80
126.60
226.20
361.80
113.00
126.60
361.80
144.60
162.80
226.20
226.20
144.60
113.00
113.00
180.80
285.00
180.80
113.00
361.80
581.80
361.80
113.00
113.00
113.00
452.20
361.80
361.80
113.00
180.80
180.80
180.80
162.80
285.00
113.00
452.20
113.00
113.00
113.00
226.20
361.80
285.00
285.00
113.00
113.00
144.60
113.00
452.20
285.00
126.60
113.00
285.00
126.60
126.60
113.00
361.80
285.00
361.80
285.00
226.20
113.00
144.60
113.00
452.20
113.00
113.00
113.00
113.00
180.80
113.00
581.80
226.20
180.80
113.00
113.00
126.60
113.00
126.60
113.00
113.00
113.00
285.00
226.20
361.80
361.80
361.80
226.20
226.20
226.20
162.80
126.60
113.00
113.00
452.20
144.60
126.60
113.00
226.20
113.00
113.00
113.00
285.00
452.20
113.00
113.00
285.00
285.00
113.00
113.00
144.60
180.80
226.20
226.20
113.00
126.60
452.20
452.20
144.60
180.80
226.20
180.80
452.20
113.00
113.00
452.20
113.00
113.00
113.00
581.80
162.80
226.20
113.00
113.00
113.00
113.00
113.00
113.00
162.80
581.80
126.60
113.00
361.80
452.20
180.80
144.60
581.80
113.00
113.00
113.00
361.80
113.00
361.80
361.80
113.00
452.20
452.20
113.00
113.00
452.20
361.80
285.00
452.20
226.20
113.00
113.00
361.80
113.00
113.00
285.00
226.20
144.60
126.60
113.00
113.00
113.00
126.60
113.00
113.00
581.80
581.80
180.80
144.60
113.00
113.00
361.80
113.00
113.00
113.00
113.00
113.00
113.00
113.00
144.60
113.00
126.60
126.60
162.80
226.20
581.80
581.80
452.20
126.60
113.00
226.20
226.20
226.20
581.80
113.00
113.00
113.00
126.60
113.00
113.00
113.00
113.00
113.00
452.20
113.00
113.00
361.80
226.20
226.20
226.20
144.60
113.00
162.80
162.80
144.60
113.00
113.00
113.00
361.80
581.80
361.80
581.80
113.00
361.80
581.80
452.20
452.20
581.80
113.00
113.00
113.00
113.00
113.00
126.60
113.00
452.20
452.20
452.20
361.80
452.20
452.20
285.00
361.80
113.00
226.20
113.00
162.80
144.60
361.80
180.80
162.80
144.60
113.00
113.00
285.00
144.60
113.00
113.00
144.60
113.00
452.20
452.20
113.00
113.00
113.00
113.00
113.00
113.00
113.00
180.80
452.20
113.00
113.00
144.60
113.00
144.60
144.60
113.00
113.00
113.00
113.00
113.00
113.00
285.00
285.00
285.00
285.00
285.00
113.00
113.00
581.80
285.00
113.00
361.80
452.20
162.80
144.60
162.80
162.80
144.60
144.60
126.60
144.60
113.00
113.00
285.00
126.60
113.00
