35
415.440000
59.130000
558.400000
46.020000
270.660000
47.240000
94.180000
213.060000
350.830000
334.670000
176.170000
186.230000
28.960000
127.710000
63.400000
33.530000
137.470000
17.980000
126.800000
92.350000
250.850000
233.480000
116.430000
231.040000
307.540000
124.360000
359.970000
34.440000
213.670000
106.990000
294.740000
82.600000
96.620000
129.240000
222.500000
254.00
76.20
101.60
203.20
152.40
152.40
76.20
25.40
152.40
76.20
25.40
50.80
25.40
203.20
203.20
50.80
50.80
152.40
50.80
76.20
152.40
50.80
25.40
50.80
25.40
76.20
76.20
25.40
76.20
50.80
76.20
203.20
50.80
50.80
203.20
254.00
76.20
203.20
101.60
355.60
152.40
76.20
25.40
152.40
76.20
76.20
76.20
25.40
203.20
76.20
76.20
101.60
25.40
50.80
76.20
76.20
76.20
76.20
76.20
25.40
76.20
76.20
76.20
25.40
25.40
25.40
76.20
76.20
152.40
152.40
355.60
152.40
254.00
355.60
101.60
152.40
76.20
50.80
304.80
152.40
25.40
50.80
25.40
76.20
304.80
50.80
50.80
76.20
50.80
50.80
152.40
50.80
25.40
50.80
25.40
304.80
152.40
25.40
304.80
76.20
76.20
203.20
50.80
50.80
25.40
101.60
152.40
406.40
203.20
203.20
76.20
76.20
101.60
508.00
203.20
508.00
50.80
508.00
355.60
101.60
152.40
50.80
50.80
406.40
76.20
558.80
254.00
76.20
76.20
50.80
76.20
254.00
406.40
50.80
355.60
304.80
152.40
152.40
76.20
304.80
508.00
76.20
457.20
355.60
25.40
254.00
355.60
203.20
355.60
508.00
101.60
203.20
25.40
355.60
152.40
406.40
101.60
203.20
203.20
457.20
203.20
355.60
254.00
304.80
101.60
508.00
50.80
50.80
609.60
50.80
355.60
50.80
203.20
508.00
304.80
355.60
101.60
203.20
609.60
457.20
406.40
203.20
355.60
203.20
203.20
457.20
558.80
558.80
609.60
355.60
508.00
76.20
254.00
254.00
609.60
508.00
254.00
304.80
558.80
25.40
152.40
25.40
508.00
508.00
25.40
355.60
101.60
50.80
558.80
304.80
406.40
508.00
355.60
50.80
558.80
203.20
101.60
101.60
508.00
304.80
152.40
406.40
76.20
508.00
25.40
304.80
152.40
203.20
609.60
76.20
609.60
457.20
203.20
76.20
101.60
76.20
254.00
457.20
558.80
76.20
355.60
304.80
406.40
457.20
203.20
508.00
609.60
254.00
50.80
304.80
203.20
254.00
508.00
152.40
203.20
101.60
254.00
406.40
152.40
254.00
558.80
152.40
76.20
457.20
406.40
254.00
558.80
355.60
508.00
508.00
152.40
355.60
50.80
558.80
508.00
508.00
406.40
508.00
254.00
25.40
76.20
304.80
508.00
355.60
558.80
50.80
203.20
558.80
101.60
304.80
508.00
457.20
304.80
558.80
254.00
457.20
609.60
25.40
508.00
254.00
558.80
457.20
101.60
406.40
25.40
457.20
25.40
254.00
558.80
254.00
203.20
76.20
203.20
355.60
508.00
457.20
50.80
558.80
25.40
101.60
558.80
203.20
76.20
457.20
508.00
152.40
508.00
558.80
508.00
152.40
304.80
101.60
457.20
457.20
406.40
254.00
609.60
508.00
254.00
50.80
508.00
406.40
355.60
203.20
254.00
304.80
203.20
304.80
355.60
406.40
457.20
355.60
508.00
609.60
355.60
457.20
203.20
304.80
609.60
355.60
50.80
558.80
76.20
152.40
558.80
406.40
203.20
254.00
203.20
50.80
457.20
304.80
203.20
508.00
50.80
609.60
457.20
152.40
609.60
355.60
355.60
508.00
101.60
304.80
25.40
