655
89.2500
14.3900
255.2300
57.4500
152.5600
69.4800
3.4700
2.4800
9.2100
3.0900
2.5700
29.1600
27.8800
27.8500
58.6800
58.7200
27.8500
31.2200
58.6700
35.8300
35.8700
14.6600
27.8400
10.0500
37.0600
69.4200
58.7000
10.4200
10.0700
8.7700
6.4000
29.0600
36.8100
59.5400
110.4200
104.1000
66.5000
11.1900
46.4700
6.8500
8.7200
6.2100
103.5900
10.5200
40.4000
40.7800
40.0600
7.5900
3.8900
192.1700
108.0100
15.0200
93.2800
11.0700
38.9100
29.6400
22.7700
11.0400
44.5600
10.8200
230.5800
9.6700
71.3800
9.7300
28.9300
29.4800
11.4400
4.2000
9.2100
63.2400
105.5500
19.5000
82.3700
172.8800
170.3000
16.8800
9.7300
193.8800
2.4500
163.1200
177.0700
6.3700
57.2800
65.0500
53.4800
63.2500
136.0000
11.9800
40.0800
6.5300
21.8700
3.8600
6.3700
40.1900
212.5800
5.5300
9.6400
16.6000
192.0800
22.6700
21.5600
269.5500
6.5300
21.5400
69.7100
73.8100
26.3200
8.4100
130.1700
52.2200
38.7600
91.2500
19.1400
115.4900
6.6800
6.9300
7.6800
140.5800
15.2400
147.0900
6.3700
9.4100
85.1800
45.4100
30.5300
24.3100
93.4900
35.3800
12.2300
13.2400
3.0100
59.8500
95.3900
50.0300
89.1900
60.0000
6.2300
6.5300
37.9600
8.9100
69.0100
29.4000
6.9300
1.7900
3.0300
2.0800
26.8400
6.7800
83.0400
93.2500
71.3200
8.7400
4.3700
4.4100
89.1600
7.9400
28.6000
3.7300
9.9200
41.3500
0.8600
90.8800
0.8400
111.4900
6.5300
118.5100
8.7800
203.4800
21.7800
613.8400
247.0400
19.6900
9.8800
60.6000
5.4000
100.2400
64.6000
2.4500
33.6600
22.0000
4.0200
13.5200
68.6200
67.1400
52.7400
6.2100
5.1800
53.2400
6.9300
46.8400
46.1700
11.0500
38.6600
63.2200
8.8900
27.6500
31.2500
71.2900
26.2600
66.5500
74.6600
13.0100
19.8300
164.7700
9.1400
12.1500
6.3900
6.2200
11.9500
9.3500
83.7000
75.4000
15.1500
89.2100
12.3200
44.3200
22.0500
10.4400
86.5900
53.7400
17.2800
17.8000
88.6400
6.5300
82.9200
11.7100
49.4700
78.4700
82.7000
64.4200
22.6400
65.4200
14.1000
12.3400
15.9500
8.8700
84.3300
9.0100
97.6000
4.4700
65.2000
27.5800
7.9200
70.0700
11.7800
5.7200
3.2400
9.5300
8.6300
84.0800
14.4100
74.5600
10.6900
20.5200
71.2400
89.9000
72.3900
90.1100
20.6400
93.9600
10.7900
11.2700
77.5600
11.1500
10.8800
57.8100
8.8900
24.2300
95.2400
71.8100
15.2600
81.7600
8.2500
5.4600
67.1100
10.0300
79.4600
14.8900
13.4400
79.7700
21.5000
84.1500
2.1500
8.2700
23.2900
96.3700
2.0500
26.9100
88.6700
7.8600
31.0700
6.2300
38.7200
4.5200
86.5800
33.5000
81.9300
28.8800
37.0500
43.9500
101.1300
15.9600
70.4500
2.5800
91.4000
13.9700
37.6500
46.8700
38.9000
35.3400
46.9700
3.7600
17.8600
32.7800
7.4500
3.1500
7.2700
57.7900
15.5600
2.8000
7.4500
5.6700
9.0700
75.2700
21.8200
10.5800
12.7300
22.0300
3.9700
52.3000
37.1900
38.3800
8.3400
3.1000
12.8200
5.1400
14.0900
6.5000
19.4400
3.8700
36.8000
28.8200
8.2800
2.2900
24.7500
7.0900
38.0800
11.1900
42.9000
46.9500
97.8800
41.8400
27.8700
16.3300
87.5600
6.7800
14.8200
6.2100
8.2000
9.9600
76.7800
82.2600
3.5200
92.2500
81.7400
104.7000
89.1300
94.9200
71.6700
1.4200
7.4500
11.9800
77.0300
10.5300
71.4000
9.2900
7.2500
88.7300
5.6200
71.8000
26.2600
10.2800
14.9400
23.8500
9.4100
59.6200
40.8400
15.0500
43.8200
12.5300
10.2300
13.7700
75.9700
26.2900
7.2100
11.8000
7.6500
121.0200
98.0900
7.1100
56.4500
3.5600
232.0000
54.2600
7.7900
13.3300
39.6200
14.1900
13.0600
50.5400
62.6500
150.8500
61.0100
60.9900
39.9400
1.9700
57.3400
116.1200
44.8300
18.0800
97.3900
169.2900
510.5500
311.1500
12.3100
6.2100
13.7700
427.2400
3.1000
5.5800
24.6000
8.4900
155.8300
7.9300
203.9800
8.0900
3.8200
3.2000
9.0900
107.0700
8.9400
49.0600
8.9600
11.2600
201.8700
17.6200
140.4700
18.8000
73.9800
137.8800
10.3400
79.0400
234.3600
16.4600
9.2900
55.5100
87.9600
110.8100
110.4500
231.6600
13.1800
92.5800
368.9600
5.8500
6.2400
56.5400
11.0400
14.6400
82.6200
52.2700
98.2100
69.0600
69.5500
9.2700
6.5300
8.3800
70.1300
44.3600
10.6800
70.2800
42.4400
10.0700
111.6000
10.3400
113.7400
12.9700
360.1600
14.3000
9.8200
7.5600
47.6200
58.3500
10.9800
107.8500
107.9200
95.8100
12.7000
4.1400
67.7900
16.3500
53.3900
96.4700
3.0100
53.1800
43.0100
39.2800
68.0600
9.2200
16.0400
6.3600
319.4800
31.3300
8.5500
51.6000
13.3200
11.0600
49.7600
6.2100
8.9400
50.2000
87.8700
48.9300
4.9800
98.6400
59.0000
59.7000
146.0200
8.7900
148.3800
12.4700
62.3400
13.7600
14.5400
12.6200
13.1100
15.3400
6.6500
14.0300
10.5200
6.3700
56.6700
144.5900
81.3100
59.0600
13.2700
85.2300
11.1000
17.9600
45.8900
18.1300
5.4300
9.7800
8.4700
1.6500
3.1500
240.9800
18.0700
26.5400
5.7400
22.0300
39.0900
3.4800
9.6600
58.0500
121.9300
30.0000
40.6100
12.8500
18.2700
23.2600
70.0800
45.9300
14.2100
26.4100
34.7100
85.5100
50.2400
4.2800
9.7600
76.2300
3.0300
89.6000
80.5600
63.4500
45.1500
23.6000
9.7600
11.5000
7.0300
8.8500
58.8200
148.1100
8.6400
59.6200
54.9300
42.1300
70.1900
37.2900
8.2700
61.8900
23.0400
11.8300
8.5500
68.0400
3.5600
14.7100
67.9700
1.9700
36.7500
30.1900
9.5100
3.9200
69.3400
107.8200
41.6200
13.0000
42.5300
24.7000
31.1700
35.0000
13.0600
10.8600
90.6900
39.4500
91.5300
30.0000
8.0300
7.6200
9.0000
141.6400
11.8900
40.0000
36.4000
63.0000
63.0000
36.4000
0.9800
28.5400
32.7600
22.4300
36.9900
4.5100
8.2000
24.3000
5.9000
8.8300
26.8500
85.2100
26.9300
28.6400
3.0900
106.3500
0.0010
29.3400
90.3600
76.20
76.20
76.20
76.20
76.20
76.20
76.20
152.40
76.20
76.20
76.20
76.20
76.20
76.20
76.20
76.20
76.20
76.20
76.20
76.20
76.20
76.20
76.20
76.20
76.20
76.20
76.20
76.20
76.20
76.20
76.20
76.20
76.20
76.20
76.20
76.20
76.20
76.20
76.20
76.20
76.20
76.20
76.20
76.20
76.20
76.20
76.20
76.20
76.20
76.20
76.20
76.20
76.20
76.20
76.20
76.20
76.20
76.20
76.20
76.20
76.20
76.20
203.20
101.60
101.60
76.20
76.20
76.20
76.20
76.20
76.20
76.20
76.20
203.20
76.20
76.20
76.20
76.20
76.20
76.20
76.20
76.20
76.20
76.20
76.20
76.20
76.20
76.20
76.20
76.20
76.20
76.20
76.20
76.20
76.20
76.20
76.20
76.20
76.20
76.20
76.20
76.20
76.20
76.20
76.20
76.20
76.20
76.20
76.20
76.20
76.20
76.20
76.20
76.20
76.20
76.20
76.20
76.20
76.20
76.20
76.20
76.20
76.20
76.20
76.20
76.20
76.20
76.20
76.20
76.20
76.20
76.20
76.20
76.20
76.20
76.20
76.20
76.20
76.20
76.20
76.20
76.20
76.20
76.20
76.20
76.20
76.20
76.20
76.20
76.20
76.20
76.20
76.20
76.20
76.20
76.20
76.20
76.20
76.20
76.20
76.20
76.20
76.20
76.20
76.20
76.20
76.20
76.20
76.20
76.20
76.20
76.20
76.20
76.20
76.20
76.20
76.20
76.20
76.20
76.20
76.20
76.20
76.20
76.20
76.20
76.20
76.20
76.20
76.20
76.20
76.20
76.20
76.20
76.20
76.20
76.20
76.20
76.20
76.20
76.20
76.20
76.20
76.20
101.60
76.20
76.20
76.20
76.20
76.20
76.20
76.20
76.20
76.20
76.20
76.20
76.20
76.20
76.20
76.20
76.20
76.20
76.20
76.20
76.20
76.20
76.20
76.20
76.20
76.20
76.20
76.20
76.20
76.20
76.20
76.20
76.20
76.20
76.20
76.20
76.20
76.20
76.20
76.20
76.20
76.20
76.20
76.20
76.20
76.20
76.20
76.20
76.20
76.20
76.20
76.20
76.20
76.20
76.20
76.20
76.20
76.20
76.20
76.20
76.20
76.20
76.20
76.20
76.20
76.20
76.20
76.20
76.20
76.20
76.20
76.20
76.20
76.20
76.20
76.20
76.20
76.20
76.20
76.20
76.20
76.20
76.20
76.20
76.20
76.20
76.20
76.20
76.20
76.20
76.20
76.20
76.20
76.20
76.20
76.20
76.20
76.20
76.20
76.20
76.20
76.20
76.20
76.20
76.20
76.20
76.20
76.20
76.20
76.20
76.20
76.20
76.20
76.20
76.20
76.20
76.20
76.20
76.20
76.20
76.20
76.20
76.20
76.20
76.20
76.20
76.20
76.20
76.20
76.20
76.20
76.20
76.20
76.20
76.20
76.20
76.20
76.20
76.20
76.20
76.20
76.20
76.20
76.20
76.20
76.20
76.20
76.20
76.20
76.20
76.20
76.20
76.20
76.20
76.20
76.20
76.20
76.20
76.20
76.20
76.20
76.20
76.20
76.20
76.20
76.20
76.20
76.20
76.20
76.20
76.20
76.20
76.20
76.20
76.20
76.20
76.20
152.40
76.20
152.40
76.20
76.20
76.20
152.40
76.20
76.20
76.20
76.20
76.20
76.20
76.20
76.20
76.20
152.40
76.20
76.20
76.20
76.20
101.60
152.40
76.20
76.20
76.20
76.20
76.20
101.60
101.60
101.60
76.20
76.20
76.20
76.20
76.20
76.20
101.60
152.40
76.20
76.20
76.20
76.20
76.20
76.20
76.20
76.20
76.20
76.20
76.20
76.20
76.20
76.20
76.20
76.20
76.20
76.20
76.20
76.20
76.20
76.20
76.20
152.40
152.40
152.40
76.20
101.60
76.20
76.20
76.20
76.20
76.20
76.20
76.20
76.20
76.20
101.60
101.60
76.20
76.20
101.60
76.20
76.20
76.20
76.20
76.20
76.20
76.20
76.20
101.60
76.20
76.20
76.20
76.20
76.20
76.20
76.20
76.20
76.20
76.20
76.20
76.20
76.20
76.20
76.20
76.20
76.20
76.20
76.20
76.20
76.20
76.20
76.20
76.20
76.20
76.20
76.20
76.20
76.20
76.20
76.20
76.20
76.20
76.20
76.20
76.20
76.20
76.20
76.20
76.20
76.20
76.20
76.20
76.20
76.20
76.20
76.20
76.20
76.20
76.20
76.20
76.20
76.20
76.20
76.20
76.20
76.20
76.20
76.20
76.20
76.20
76.20
76.20
76.20
76.20
76.20
76.20
76.20
76.20
76.20
76.20
76.20
76.20
76.20
76.20
76.20
76.20
76.20
76.20
76.20
76.20
76.20
76.20
76.20
76.20
101.60
76.20
76.20
101.60
101.60
76.20
76.20
76.20
76.20
76.20
76.20
76.20
76.20
76.20
76.20
76.20
76.20
76.20
76.20
76.20
76.20
76.20
76.20
76.20
76.20
76.20
76.20
76.20
76.20
76.20
76.20
76.20
76.20
76.20
76.20
76.20
76.20
76.20
76.20
76.20
76.20
76.20
76.20
76.20
76.20
76.20
76.20
76.20
76.20
76.20
76.20
76.20
76.20
76.20
76.20
76.20
76.20
76.20
76.20
76.20
76.20
76.20
76.20
76.20
76.20
76.20
76.20
76.20
76.20
76.20
76.20
76.20
76.20
76.20
76.20
76.20
76.20
76.20
76.20
76.20
76.20
76.20
76.20
76.20
76.20
76.20
76.20
76.20
76.20
76.20
76.20
76.20
76.20
76.20
76.20
76.20
76.20
76.20
76.20
152.40
76.20
152.40
76.20
76.20
76.20
76.20
76.20
152.40
76.20
76.20
76.20
76.20
76.20
76.20
76.20
76.20
76.20
76.20
76.20
76.20
76.20
76.20
76.20
76.20
76.20
76.20
76.20
76.20
76.20
76.20
76.20
76.20
76.20
76.20
76.20
76.20
76.20
76.20
76.20
76.20
76.20
76.20
76.20
76.20
76.20
76.20
76.20
76.20
76.20
76.20
76.20
76.20
76.20
76.20
76.20
76.20
76.20
76.20
76.20
76.20
76.20
76.20
203.20
152.40
101.60
152.40
76.20
76.20
76.20
76.20
76.20
76.20
76.20
203.20
76.20
76.20
76.20
76.20
76.20
76.20
76.20
76.20
76.20
76.20
76.20
76.20
76.20
76.20
76.20
76.20
76.20
101.60
76.20
76.20
76.20
76.20
76.20
76.20
76.20
76.20
76.20
76.20
76.20
76.20
76.20
76.20
152.40
76.20
76.20
76.20
76.20
76.20
76.20
76.20
76.20
76.20
76.20
76.20
76.20
76.20
76.20
76.20
76.20
76.20
76.20
76.20
76.20
76.20
76.20
76.20
76.20
76.20
76.20
76.20
76.20
76.20
76.20
152.40
76.20
76.20
76.20
76.20
76.20
76.20
76.20
76.20
76.20
76.20
76.20
76.20
76.20
76.20
76.20
76.20
76.20
76.20
76.20
76.20
76.20
152.40
76.20
76.20
76.20
76.20
76.20
76.20
76.20
76.20
76.20
76.20
76.20
76.20
76.20
76.20
76.20
76.20
76.20
76.20
76.20
76.20
76.20
76.20
152.40
76.20
76.20
76.20
76.20
152.40
76.20
76.20
76.20
76.20
76.20
76.20
76.20
76.20
76.20
76.20
76.20
76.20
76.20
76.20
76.20
101.60
76.20
76.20
76.20
76.20
76.20
76.20
76.20
76.20
76.20
76.20
76.20
76.20
76.20
76.20
76.20
76.20
76.20
76.20
76.20
76.20
76.20
152.40
76.20
76.20
76.20
76.20
76.20
76.20
76.20
76.20
76.20
76.20
76.20
76.20
76.20
76.20
76.20
76.20
76.20
76.20
76.20
76.20
76.20
76.20
76.20
76.20
76.20
76.20
76.20
76.20
76.20
76.20
76.20
76.20
76.20
76.20
76.20
76.20
152.40
76.20
76.20
76.20
76.20
76.20
76.20
76.20
76.20
76.20
152.40
76.20
76.20
76.20
76.20
76.20
76.20
76.20
76.20
76.20
76.20
76.20
76.20
76.20
76.20
76.20
76.20
76.20
76.20
76.20
76.20
76.20
76.20
76.20
76.20
76.20
76.20
76.20
76.20
76.20
76.20
76.20
76.20
76.20
76.20
76.20
76.20
76.20
76.20
76.20
76.20
76.20
76.20
76.20
76.20
152.40
76.20
76.20
76.20
76.20
76.20
76.20
76.20
152.40
76.20
76.20
76.20
76.20
76.20
76.20
76.20
76.20
76.20
76.20
76.20
76.20
76.20
76.20
76.20
76.20
76.20
76.20
76.20
76.20
152.40
76.20
76.20
76.20
76.20
76.20
76.20
152.40
76.20
76.20
76.20
76.20
76.20
76.20
76.20
76.20
76.20
76.20
76.20
76.20
76.20
76.20
76.20
76.20
76.20
76.20
76.20
76.20
76.20
76.20
76.20
76.20
76.20
76.20
152.40
76.20
152.40
152.40
76.20
76.20
152.40
76.20
76.20
76.20
76.20
76.20
76.20
76.20
76.20
76.20
152.40
76.20
76.20
76.20
76.20
101.60
152.40
76.20
76.20
76.20
76.20
76.20
101.60
101.60
101.60
76.20
76.20
76.20
76.20
76.20
76.20
101.60
152.40
76.20
76.20
76.20
76.20
76.20
76.20
76.20
76.20
76.20
76.20
76.20
76.20
76.20
152.40
76.20
76.20
76.20
76.20
76.20
76.20
76.20
76.20
76.20
152.40
152.40
152.40
76.20
101.60
76.20
76.20
76.20
76.20
152.40
76.20
76.20
76.20
76.20
101.60
101.60
76.20
76.20
101.60
76.20
76.20
76.20
76.20
76.20
76.20
76.20
152.40
101.60
76.20
76.20
76.20
76.20
76.20
76.20
76.20
76.20
76.20
76.20
76.20
76.20
76.20
76.20
76.20
76.20
76.20
76.20
76.20
76.20
152.40
76.20
76.20
76.20
76.20
76.20
76.20
76.20
76.20
76.20
76.20
76.20
76.20
76.20
76.20
76.20
76.20
76.20
152.40
76.20
76.20
76.20
76.20
76.20
76.20
76.20
76.20
76.20
76.20
76.20
76.20
76.20
76.20
76.20
76.20
76.20
76.20
76.20
76.20
76.20
76.20
76.20
76.20
76.20
76.20
76.20
76.20
76.20
76.20
76.20
76.20
152.40
152.40
76.20
76.20
76.20
76.20
76.20
76.20
76.20
76.20
76.20
76.20
76.20
76.20
101.60
76.20
76.20
101.60
101.60
76.20
76.20
76.20
76.20
76.20
76.20
76.20
76.20
76.20
76.20
152.40
152.40
76.20
76.20
76.20
76.20
76.20
76.20
76.20
76.20
76.20
76.20
76.20
76.20
76.20
76.20
76.20
76.20
76.20
152.40
76.20
76.20
152.40
76.20
76.20
76.20
76.20
76.20
76.20
76.20
76.20
152.40
76.20
76.20
76.20
76.20
76.20
152.40
76.20
76.20
76.20
152.40
76.20
76.20
76.20
76.20
76.20
76.20
76.20
76.20
152.40
76.20
76.20
76.20
76.20
76.20
76.20
76.20
76.20
76.20
76.20
76.20
76.20
76.20
76.20
76.20
76.20
76.20
76.20
76.20
76.20
76.20
76.20
76.20
76.20
76.20
76.20
76.20
76.20
76.20
76.20
76.20
76.20
152.40
152.40
76.20
152.40
76.20
76.20
76.20
76.20
76.20
101.60
76.20
76.20
76.20
76.20
76.20
76.20
76.20
76.20
76.20
76.20
76.20
76.20
76.20
76.20
76.20
76.20
76.20
76.20
76.20
76.20
76.20
76.20
76.20
76.20
76.20
76.20
76.20
101.60
76.20
76.20
76.20
76.20
76.20
76.20
76.20
76.20
76.20
76.20
76.20
76.20
76.20
76.20
76.20
76.20
76.20
76.20
76.20
76.20
101.60
76.20
76.20
76.20
76.20
76.20
203.20
152.40
101.60
152.40
76.20
76.20
76.20
76.20
76.20
76.20
76.20
203.20
76.20
76.20
76.20
76.20
76.20
76.20
76.20
76.20
76.20
76.20
76.20
76.20
76.20
76.20
76.20
76.20
76.20
101.60
101.60
76.20
76.20
76.20
76.20
76.20
76.20
76.20
76.20
76.20
76.20
76.20
76.20
76.20
152.40
76.20
76.20
76.20
76.20
76.20
76.20
76.20
76.20
76.20
76.20
76.20
76.20
101.60
76.20
76.20
76.20
76.20
76.20
76.20
76.20
76.20
76.20
76.20
76.20
76.20
76.20
76.20
76.20
76.20
76.20
152.40
76.20
101.60
101.60
76.20
76.20
76.20
76.20
76.20
76.20
76.20
76.20
76.20
76.20
101.60
76.20
76.20
76.20
76.20
76.20
76.20
76.20
152.40
76.20
76.20
76.20
76.20
76.20
76.20
76.20
76.20
76.20
76.20
76.20
76.20
76.20
76.20
76.20
76.20
76.20
101.60
76.20
76.20
76.20
76.20
152.40
76.20
101.60
76.20
76.20
152.40
76.20
76.20
76.20
76.20
76.20
76.20
101.60
76.20
76.20
76.20
76.20
76.20
76.20
76.20
76.20
101.60
76.20
76.20
76.20
76.20
76.20
76.20
76.20
76.20
76.20
76.20
76.20
76.20
76.20
76.20
76.20
76.20
76.20
76.20
76.20
76.20
76.20
152.40
76.20
76.20
76.20
76.20
101.60
76.20
76.20
76.20
76.20
76.20
76.20
76.20
76.20
76.20
76.20
76.20
76.20
76.20
76.20
76.20
76.20
76.20
76.20
76.20
76.20
76.20
76.20
76.20
76.20
76.20
76.20
76.20
76.20
76.20
76.20
76.20
152.40
76.20
76.20
76.20
76.20
76.20
76.20
76.20
76.20
76.20
152.40
76.20
76.20
76.20
76.20
76.20
76.20
76.20
76.20
76.20
76.20
76.20
76.20
76.20
76.20
76.20
76.20
76.20
76.20
76.20
76.20
76.20
76.20
101.60
76.20
76.20
76.20
76.20
76.20
76.20
76.20
76.20
76.20
76.20
101.60
76.20
76.20
76.20
76.20
101.60
76.20
101.60
76.20
76.20
76.20
152.40
76.20
76.20
76.20
76.20
76.20
76.20
76.20
152.40
76.20
76.20
76.20
76.20
76.20
76.20
76.20
76.20
76.20
76.20
76.20
76.20
76.20
76.20
76.20
76.20
76.20
101.60
76.20
76.20
152.40
76.20
76.20
76.20
76.20
101.60
76.20
152.40
76.20
76.20
76.20
76.20
76.20
76.20
76.20
76.20
76.20
76.20
76.20
76.20
76.20
76.20
76.20
76.20
76.20
76.20
76.20
76.20
76.20
76.20
76.20
76.20
76.20
76.20
152.40
101.60
152.40
152.40
76.20
76.20
101.60
76.20
76.20
76.20
76.20
76.20
76.20
76.20
76.20
76.20
152.40
76.20
76.20
76.20
76.20
101.60
152.40
76.20
76.20
76.20
76.20
76.20
101.60
101.60
101.60
76.20
76.20
76.20
76.20
76.20
76.20
101.60
152.40
76.20
76.20
76.20
76.20
101.60
76.20
76.20
76.20
76.20
76.20
76.20
76.20
76.20
152.40
76.20
76.20
76.20
76.20
76.20
76.20
76.20
76.20
76.20
203.20
152.40
152.40
76.20
101.60
76.20
76.20
76.20
76.20
152.40
76.20
76.20
101.60
76.20
101.60
101.60
76.20
76.20
101.60
76.20
76.20
76.20
76.20
76.20
76.20
76.20
152.40
101.60
76.20
76.20
76.20
76.20
76.20
76.20
76.20
76.20
76.20
76.20
76.20
76.20
76.20
76.20
76.20
76.20
76.20
76.20
76.20
76.20
152.40
76.20
101.60
76.20
76.20
76.20
76.20
76.20
76.20
76.20
76.20
76.20
76.20
76.20
76.20
76.20
76.20
76.20
152.40
76.20
76.20
76.20
76.20
76.20
76.20
101.60
76.20
76.20
76.20
76.20
76.20
76.20
76.20
76.20
76.20
76.20
76.20
76.20
76.20
76.20
76.20
101.60
76.20
76.20
76.20
76.20
76.20
76.20
76.20
76.20
76.20
152.40
152.40
76.20
76.20
76.20
76.20
76.20
76.20
76.20
76.20
76.20
76.20
76.20
76.20
101.60
76.20
76.20
101.60
101.60
76.20
76.20
76.20
76.20
76.20
76.20
76.20
76.20
76.20
76.20
152.40
152.40
76.20
76.20
76.20
76.20
76.20
76.20
76.20
76.20
76.20
76.20
76.20
76.20
76.20
101.60
76.20
76.20
76.20
152.40
76.20
76.20
152.40
101.60
76.20
76.20
76.20
76.20
76.20
76.20
76.20
152.40
76.20
76.20
76.20
76.20
76.20
152.40
76.20
76.20
76.20
152.40
76.20
76.20
76.20
76.20
76.20
76.20
76.20
76.20
152.40
76.20
76.20
76.20
76.20
76.20
101.60
76.20
76.20
76.20
76.20
76.20
76.20
76.20
76.20
76.20
76.20
76.20
76.20
76.20
76.20
76.20
76.20
76.20
76.20
76.20
76.20
76.20
101.60
76.20
76.20
76.20
76.20
152.40
152.40
76.20
152.40
76.20
152.40
76.20
76.20
76.20
101.60
76.20
76.20
76.20
152.40
76.20
76.20
76.20
76.20
76.20
76.20
76.20
76.20
76.20
76.20
76.20
76.20
152.40
76.20
76.20
76.20
76.20
76.20
76.20
76.20
76.20
76.20
76.20
101.60
76.20
76.20
76.20
76.20
76.20
76.20
76.20
152.40
76.20
76.20
76.20
76.20
76.20
76.20
76.20
76.20
152.40
152.40
76.20
76.20
101.60
76.20
76.20
76.20
76.20
76.20
203.20
152.40
152.40
152.40
76.20
152.40
76.20
76.20
76.20
76.20
76.20
203.20
76.20
152.40
76.20
76.20
76.20
76.20
76.20
76.20
76.20
76.20
76.20
76.20
76.20
76.20
76.20
76.20
76.20
101.60
101.60
76.20
76.20
76.20
152.40
76.20
76.20
76.20
76.20
76.20
76.20
76.20
76.20
76.20
152.40
76.20
76.20
76.20
76.20
76.20
76.20
76.20
76.20
76.20
152.40
76.20
76.20
101.60
76.20
76.20
76.20
76.20
76.20
76.20
76.20
76.20
76.20
76.20
76.20
76.20
76.20
76.20
76.20
76.20
76.20
152.40
76.20
101.60
101.60
76.20
76.20
76.20
76.20
76.20
76.20
76.20
76.20
76.20
76.20
101.60
76.20
76.20
76.20
76.20
152.40
76.20
76.20
152.40
76.20
152.40
76.20
76.20
152.40
76.20
152.40
76.20
76.20
76.20
76.20
76.20
76.20
76.20
76.20
76.20
76.20
101.60
76.20
76.20
76.20
152.40
152.40
76.20
76.20
76.20
76.20
152.40
76.20
76.20
76.20
76.20
76.20
76.20
101.60
76.20
76.20
76.20
152.40
76.20
76.20
76.20
76.20
101.60
76.20
76.20
76.20
76.20
76.20
76.20
152.40
76.20
76.20
76.20
76.20
76.20
76.20
76.20
76.20
76.20
76.20
76.20
76.20
76.20
76.20
152.40
76.20
76.20
76.20
152.40
101.60
76.20
76.20
76.20
76.20
76.20
76.20
76.20
76.20
76.20
76.20
76.20
76.20
76.20
76.20
76.20
76.20
76.20
76.20
76.20
76.20
76.20
76.20
76.20
76.20
76.20
76.20
76.20
76.20
152.40
76.20
76.20
152.40
76.20
76.20
76.20
152.40
76.20
76.20
76.20
76.20
76.20
152.40
76.20
76.20
76.20
76.20
76.20
76.20
152.40
76.20
76.20
76.20
76.20
76.20
76.20
76.20
76.20
76.20
152.40
76.20
76.20
76.20
76.20
76.20
101.60
76.20
76.20
76.20
76.20
76.20
76.20
76.20
76.20
76.20
76.20
101.60
76.20
76.20
76.20
76.20
101.60
76.20
101.60
76.20
76.20
76.20
152.40
76.20
76.20
152.40
76.20
76.20
76.20
76.20
76.20
76.20
76.20
76.20
76.20
76.20
76.20
152.40
76.20
76.20
152.40
76.20
76.20
76.20
76.20
76.20
76.20
76.20
101.60
76.20
76.20
152.40
152.40
76.20
76.20
76.20
101.60
76.20
152.40
76.20
76.20
152.40
76.20
76.20
76.20
152.40
76.20
76.20
76.20
76.20
76.20
76.20
76.20
76.20
76.20
76.20
76.20
76.20
76.20
76.20
76.20
76.20
76.20
76.20
76.20
152.40
101.60
152.40
152.40
76.20
76.20
152.40
76.20
76.20
76.20
76.20
76.20
76.20
76.20
76.20
76.20
152.40
76.20
76.20
76.20
152.40
101.60
152.40
76.20
152.40
76.20
76.20
76.20
101.60
101.60
152.40
76.20
76.20
76.20
76.20
76.20
76.20
152.40
152.40
76.20
76.20
76.20
76.20
101.60
76.20
76.20
76.20
76.20
76.20
76.20
152.40
76.20
152.40
152.40
76.20
76.20
76.20
152.40
76.20
76.20
76.20
76.20
203.20
152.40
152.40
76.20
101.60
76.20
76.20
152.40
76.20
152.40
76.20
76.20
101.60
76.20
101.60
101.60
76.20
76.20
101.60
76.20
152.40
76.20
76.20
76.20
76.20
76.20
152.40
101.60
76.20
76.20
76.20
76.20
76.20
76.20
76.20
76.20
76.20
152.40
76.20
76.20
76.20
76.20
76.20
76.20
76.20
76.20
152.40
76.20
152.40
76.20
101.60
76.20
76.20
76.20
76.20
76.20
76.20
76.20
76.20
76.20
76.20
76.20
76.20
76.20
76.20
76.20
152.40
76.20
76.20
76.20
152.40
76.20
76.20
101.60
76.20
76.20
76.20
76.20
76.20
76.20
76.20
76.20
76.20
76.20
76.20
76.20
152.40
76.20
76.20
101.60
76.20
76.20
76.20
76.20
76.20
76.20
76.20
76.20
76.20
152.40
152.40
152.40
76.20
76.20
76.20
76.20
76.20
76.20
76.20
76.20
76.20
76.20
76.20
101.60
76.20
152.40
101.60
101.60
76.20
76.20
76.20
76.20
76.20
76.20
76.20
76.20
76.20
76.20
152.40
76.20
76.20
76.20
76.20
76.20
76.20
76.20
76.20
76.20
76.20
76.20
76.20
76.20
152.40
152.40
76.20
76.20
76.20
152.40
76.20
76.20
152.40
101.60
76.20
76.20
76.20
76.20
76.20
76.20
76.20
152.40
76.20
76.20
76.20
76.20
76.20
152.40
76.20
76.20
76.20
152.40
76.20
76.20
76.20
76.20
76.20
76.20
152.40
76.20
152.40
152.40
76.20
76.20
76.20
76.20
101.60
76.20
76.20
76.20
76.20
76.20
76.20
76.20
76.20
76.20
76.20
76.20
76.20
152.40
76.20
76.20
76.20
76.20
76.20
76.20
76.20
76.20
101.60
76.20
76.20
76.20
76.20
152.40
152.40
76.20
152.40
76.20
152.40
76.20
76.20
76.20
76.20
76.20
76.20
76.20
152.40
76.20
76.20
152.40
76.20
76.20
76.20
76.20
76.20
76.20
76.20
76.20
76.20
152.40
76.20
76.20
76.20
76.20
76.20
76.20
152.40
76.20
76.20
76.20
101.60
76.20
76.20
76.20
76.20
76.20
76.20
76.20
152.40
76.20
76.20
76.20
76.20
76.20
76.20
76.20
76.20
76.20
152.40
76.20
76.20
152.40
76.20
76.20
76.20
76.20
76.20
203.20
152.40
152.40
152.40
76.20
152.40
76.20
152.40
76.20
76.20
76.20
203.20
76.20
152.40
76.20
76.20
152.40
76.20
76.20
76.20
76.20
76.20
76.20
76.20
76.20
76.20
76.20
76.20
76.20
101.60
101.60
76.20
76.20
76.20
152.40
76.20
76.20
76.20
76.20
76.20
76.20
76.20
76.20
76.20
152.40
76.20
76.20
76.20
76.20
152.40
76.20
76.20
76.20
76.20
152.40
76.20
76.20
101.60
76.20
152.40
76.20
76.20
76.20
152.40
76.20
76.20
76.20
76.20
76.20
76.20
76.20
76.20
76.20
76.20
76.20
152.40
76.20
101.60
101.60
76.20
76.20
152.40
76.20
76.20
76.20
76.20
76.20
76.20
76.20
101.60
76.20
76.20
76.20
76.20
152.40
76.20
76.20
152.40
76.20
152.40
76.20
76.20
152.40
76.20
152.40
76.20
76.20
76.20
76.20
76.20
76.20
76.20
76.20
76.20
76.20
101.60
76.20
76.20
76.20
152.40
76.20
76.20
76.20
76.20
76.20
152.40
76.20
76.20
76.20
76.20
76.20
76.20
101.60
76.20
76.20
152.40
152.40
152.40
76.20
76.20
76.20
101.60
76.20
76.20
76.20
76.20
76.20
76.20
152.40
76.20
76.20
76.20
76.20
76.20
76.20
76.20
76.20
76.20
76.20
76.20
76.20
76.20
76.20
152.40
76.20
76.20
76.20
152.40
101.60
76.20
76.20
76.20
76.20
76.20
76.20
76.20
76.20
76.20
76.20
152.40
76.20
76.20
152.40
76.20
76.20
76.20
76.20
76.20
76.20
76.20
76.20
76.20
76.20
76.20
76.20
76.20
76.20
152.40
76.20
76.20
152.40
76.20
76.20
76.20
152.40
76.20
76.20
76.20
76.20
76.20
76.20
76.20
76.20
76.20
76.20
76.20
76.20
152.40
76.20
76.20
76.20
76.20
76.20
76.20
76.20
76.20
76.20
152.40
76.20
76.20
76.20
76.20
76.20
101.60
76.20
76.20
76.20
76.20
76.20
76.20
76.20
76.20
76.20
76.20
152.40
76.20
76.20
76.20
76.20
101.60
76.20
101.60
76.20
76.20
76.20
152.40
152.40
76.20
152.40
76.20
76.20
76.20
76.20
76.20
76.20
76.20
76.20
76.20
152.40
76.20
152.40
76.20
76.20
152.40
76.20
76.20
76.20
76.20
76.20
76.20
152.40
101.60
76.20
76.20
152.40
152.40
76.20
76.20
76.20
101.60
76.20
152.40
76.20
76.20
152.40
76.20
76.20
76.20
152.40
76.20
76.20
76.20
76.20
76.20
76.20
76.20
76.20
76.20
76.20
76.20
76.20
76.20
76.20
76.20
76.20
76.20
76.20
76.20
152.40
76.20
152.40
152.40
76.20
76.20
152.40
76.20
76.20
76.20
76.20
76.20
76.20
76.20
76.20
76.20
152.40
76.20
76.20
76.20
152.40
101.60
152.40
76.20
152.40
76.20
76.20
76.20
101.60
101.60
152.40
76.20
76.20
76.20
152.40
76.20
76.20
152.40
152.40
76.20
76.20
76.20
152.40
101.60
76.20
76.20
76.20
76.20
76.20
76.20
152.40
76.20
152.40
76.20
152.40
76.20
76.20
152.40
76.20
76.20
76.20
76.20
203.20
152.40
152.40
76.20
101.60
76.20
76.20
152.40
76.20
152.40
76.20
76.20
101.60
76.20
101.60
101.60
76.20
76.20
101.60
76.20
76.20
76.20
76.20
76.20
76.20
76.20
152.40
101.60
76.20
76.20
76.20
76.20
76.20
76.20
76.20
76.20
76.20
152.40
76.20
76.20
76.20
76.20
76.20
76.20
76.20
152.40
152.40
76.20
152.40
76.20
76.20
76.20
76.20
76.20
76.20
76.20
76.20
76.20
76.20
76.20
152.40
76.20
76.20
76.20
76.20
76.20
152.40
76.20
76.20
76.20
152.40
76.20
76.20
101.60
76.20
76.20
76.20
76.20
76.20
76.20
76.20
76.20
76.20
76.20
76.20
76.20
152.40
76.20
76.20
101.60
76.20
76.20
76.20
76.20
76.20
76.20
152.40
76.20
76.20
152.40
152.40
152.40
76.20
76.20
76.20
76.20
76.20
76.20
76.20
76.20
76.20
76.20
76.20
152.40
76.20
152.40
101.60
101.60
76.20
76.20
76.20
76.20
76.20
76.20
76.20
76.20
76.20
76.20
152.40
76.20
76.20
76.20
76.20
76.20
76.20
76.20
76.20
76.20
76.20
76.20
76.20
76.20
152.40
152.40
76.20
76.20
76.20
152.40
76.20
76.20
152.40
101.60
76.20
76.20
76.20
76.20
76.20
76.20
76.20
152.40
76.20
76.20
76.20
76.20
76.20
152.40
76.20
76.20
76.20
152.40
76.20
76.20
76.20
76.20
76.20
76.20
152.40
76.20
152.40
152.40
76.20
152.40
76.20
76.20
101.60
76.20
76.20
76.20
152.40
76.20
76.20
76.20
76.20
76.20
76.20
76.20
76.20
152.40
76.20
76.20
76.20
152.40
76.20
76.20
76.20
76.20
152.40
76.20
76.20
76.20
76.20
152.40
152.40
76.20
152.40
76.20
152.40
76.20
76.20
76.20
76.20
76.20
76.20
152.40
152.40
76.20
76.20
152.40
76.20
76.20
76.20
76.20
76.20
76.20
76.20
152.40
76.20
76.20
76.20
76.20
76.20
76.20
76.20
76.20
152.40
76.20
76.20
152.40
101.60
76.20
76.20
152.40
76.20
76.20
76.20
76.20
152.40
76.20
76.20
76.20
76.20
76.20
76.20
76.20
152.40
76.20
152.40
76.20
76.20
152.40
76.20
76.20
76.20
76.20
76.20
203.20
152.40
152.40
152.40
76.20
152.40
76.20
152.40
76.20
76.20
76.20
203.20
76.20
152.40
76.20
76.20
152.40
76.20
152.40
76.20
76.20
76.20
76.20
76.20
76.20
76.20
76.20
76.20
76.20
101.60
152.40
76.20
76.20
76.20
152.40
76.20
76.20
76.20
152.40
76.20
76.20
76.20
152.40
76.20
152.40
76.20
76.20
76.20
76.20
152.40
76.20
76.20
76.20
76.20
76.20
76.20
76.20
101.60
76.20
152.40
76.20
152.40
76.20
152.40
76.20
76.20
76.20
76.20
76.20
76.20
76.20
76.20
76.20
76.20
76.20
152.40
76.20
101.60
76.20
76.20
76.20
152.40
76.20
76.20
76.20
76.20
76.20
76.20
76.20
101.60
76.20
76.20
76.20
76.20
152.40
76.20
76.20
152.40
76.20
152.40
76.20
76.20
152.40
76.20
152.40
76.20
76.20
76.20
76.20
76.20
76.20
76.20
76.20
76.20
76.20
101.60
152.40
76.20
152.40
152.40
76.20
76.20
76.20
76.20
76.20
152.40
76.20
76.20
76.20
76.20
76.20
76.20
101.60
76.20
76.20
152.40
152.40
152.40
76.20
76.20
152.40
101.60
76.20
76.20
76.20
76.20
76.20
76.20
76.20
76.20
76.20
76.20
76.20
76.20
76.20
76.20
76.20
76.20
76.20
76.20
76.20
152.40
76.20
152.40
76.20
76.20
76.20
152.40
76.20
76.20
76.20
76.20
76.20
76.20
76.20
76.20
152.40
76.20
76.20
152.40
76.20
76.20
152.40
76.20
76.20
76.20
76.20
76.20
76.20
76.20
76.20
76.20
76.20
76.20
76.20
76.20
76.20
152.40
76.20
152.40
152.40
76.20
76.20
76.20
152.40
76.20
76.20
76.20
76.20
76.20
76.20
76.20
76.20
76.20
76.20
76.20
76.20
152.40
76.20
76.20
152.40
76.20
76.20
76.20
76.20
152.40
76.20
152.40
152.40
76.20
76.20
76.20
76.20
152.40
76.20
76.20
76.20
76.20
76.20
76.20
76.20
76.20
152.40
76.20
152.40
76.20
76.20
76.20
76.20
101.60
76.20
101.60
76.20
76.20
76.20
152.40
152.40
76.20
152.40
76.20
76.20
76.20
76.20
76.20
76.20
76.20
76.20
76.20
152.40
76.20
152.40
152.40
76.20
76.20
76.20
76.20
76.20
76.20
152.40
76.20
152.40
101.60
76.20
76.20
152.40
152.40
76.20
76.20
76.20
101.60
76.20
152.40
76.20
76.20
76.20
76.20
76.20
76.20
152.40
76.20
76.20
76.20
76.20
76.20
76.20
76.20
76.20
76.20
76.20
76.20
76.20
76.20
76.20
76.20
76.20
76.20
76.20
76.20
152.40
76.20
152.40
152.40
76.20
76.20
152.40
152.40
76.20
76.20
76.20
76.20
76.20
76.20
76.20
76.20
152.40
152.40
76.20
76.20
152.40
101.60
152.40
76.20
152.40
76.20
76.20
76.20
101.60
101.60
152.40
76.20
76.20
152.40
152.40
76.20
76.20
152.40
152.40
76.20
76.20
76.20
152.40
101.60
76.20
76.20
76.20
76.20
76.20
76.20
152.40
76.20
152.40
76.20
76.20
76.20
152.40
76.20
76.20
76.20
76.20
76.20
203.20
76.20
152.40
76.20
101.60
76.20
76.20
152.40
76.20
152.40
76.20
76.20
101.60
76.20
101.60
101.60
76.20
76.20
101.60
76.20
76.20
76.20
76.20
76.20
76.20
76.20
76.20
101.60
76.20
76.20
76.20
76.20
152.40
76.20
76.20
76.20
76.20
152.40
76.20
76.20
76.20
76.20
76.20
76.20
76.20
76.20
152.40
152.40
152.40
76.20
76.20
76.20
76.20
76.20
76.20
76.20
76.20
76.20
76.20
76.20
152.40
76.20
76.20
76.20
76.20
76.20
152.40
76.20
152.40
76.20
152.40
76.20
76.20
101.60
76.20
76.20
76.20
76.20
76.20
76.20
76.20
76.20
76.20
76.20
76.20
76.20
152.40
76.20
76.20
101.60
76.20
76.20
76.20
76.20
76.20
76.20
152.40
76.20
76.20
152.40
152.40
152.40
76.20
76.20
76.20
76.20
76.20
76.20
76.20
76.20
76.20
76.20
76.20
152.40
76.20
152.40
101.60
101.60
152.40
76.20
76.20
76.20
76.20
76.20
76.20
76.20
76.20
76.20
152.40
76.20
76.20
76.20
76.20
76.20
76.20
76.20
76.20
76.20
76.20
76.20
76.20
76.20
152.40
76.20
76.20
76.20
76.20
152.40
76.20
76.20
152.40
101.60
76.20
76.20
76.20
76.20
76.20
76.20
76.20
152.40
76.20
76.20
76.20
76.20
76.20
152.40
152.40
76.20
76.20
152.40
76.20
76.20
76.20
76.20
76.20
76.20
152.40
76.20
152.40
152.40
76.20
152.40
76.20
76.20
101.60
76.20
76.20
76.20
152.40
76.20
76.20
76.20
76.20
76.20
152.40
76.20
76.20
76.20
76.20
76.20
76.20
152.40
76.20
76.20
76.20
76.20
152.40
76.20
76.20
152.40
76.20
152.40
152.40
152.40
152.40
152.40
76.20
152.40
76.20
76.20
76.20
152.40
76.20
76.20
152.40
152.40
76.20
152.40
76.20
152.40
76.20
152.40
76.20
76.20
76.20
152.40
76.20
76.20
152.40
152.40
152.40
76.20
152.40
152.40
152.40
76.20
152.40
76.20
76.20
152.40
152.40
152.40
76.20
152.40
76.20
76.20
76.20
76.20
152.40
76.20
76.20
76.20
76.20
76.20
152.40
152.40
76.20
76.20
76.20
76.20
76.20
76.20
152.40
152.40
76.20
152.40
152.40
152.40
76.20
152.40
152.40
76.20
76.20
152.40
76.20
152.40
76.20
152.40
76.20
76.20
152.40
76.20
152.40
152.40
152.40
76.20
76.20
76.20
152.40
76.20
152.40
152.40
76.20
152.40
76.20
76.20
152.40
76.20
152.40
76.20
152.40
76.20
152.40
76.20
152.40
76.20
152.40
76.20
152.40
76.20
76.20
76.20
152.40
152.40
152.40
76.20
76.20
152.40
152.40
76.20
76.20
76.20
76.20
152.40
152.40
76.20
76.20
76.20
76.20
152.40
76.20
152.40
76.20
152.40
152.40
76.20
76.20
76.20
152.40
76.20
152.40
152.40
76.20
152.40
152.40
76.20
76.20
152.40
76.20
76.20
76.20
152.40
76.20
152.40
152.40
76.20
152.40
152.40
152.40
76.20
152.40
152.40
76.20
76.20
152.40
152.40
152.40
152.40
76.20
76.20
152.40
76.20
76.20
76.20
152.40
152.40
152.40
152.40
152.40
76.20
152.40
152.40
76.20
152.40
152.40
76.20
152.40
76.20
76.20
152.40
152.40
76.20
76.20
152.40
76.20
152.40
152.40
152.40
76.20
76.20
76.20
152.40
76.20
152.40
76.20
152.40
152.40
152.40
76.20
152.40
76.20
76.20
152.40
76.20
152.40
76.20
152.40
76.20
152.40
152.40
152.40
76.20
76.20
76.20
152.40
76.20
152.40
152.40
152.40
76.20
152.40
76.20
152.40
152.40
76.20
152.40
76.20
152.40
76.20
76.20
76.20
76.20
76.20
76.20
76.20
152.40
76.20
76.20
76.20
152.40
152.40
76.20
152.40
76.20
152.40
76.20
152.40
152.40
76.20
76.20
76.20
76.20
76.20
152.40
76.20
76.20
76.20
76.20
152.40
76.20
152.40
152.40
152.40
76.20
76.20
152.40
152.40
152.40
76.20
76.20
152.40
76.20
76.20
76.20
152.40
152.40
152.40
152.40
152.40
152.40
152.40
76.20
152.40
152.40
76.20
76.20
152.40
76.20
152.40
76.20
76.20
152.40
76.20
76.20
76.20
76.20
76.20
152.40
152.40
76.20
76.20
152.40
76.20
76.20
152.40
152.40
152.40
76.20
152.40
152.40
76.20
152.40
152.40
152.40
152.40
152.40
152.40
152.40
76.20
152.40
76.20
76.20
152.40
76.20
152.40
76.20
76.20
152.40
152.40
152.40
76.20
76.20
152.40
152.40
152.40
76.20
152.40
152.40
152.40
76.20
152.40
76.20
76.20
76.20
76.20
152.40
152.40
152.40
76.20
152.40
76.20
76.20
152.40
76.20
76.20
152.40
76.20
152.40
152.40
76.20
152.40
76.20
76.20
76.20
76.20
152.40
152.40
76.20
152.40
152.40
152.40
152.40
152.40
152.40
152.40
152.40
76.20
152.40
152.40
152.40
152.40
76.20
152.40
152.40
76.20
152.40
152.40
76.20
76.20
152.40
76.20
152.40
76.20
152.40
152.40
76.20
76.20
76.20
76.20
152.40
152.40
152.40
76.20
76.20
76.20
76.20
152.40
76.20
76.20
152.40
152.40
152.40
76.20
76.20
76.20
76.20
76.20
152.40
152.40
152.40
152.40
152.40
76.20
152.40
76.20
76.20
76.20
76.20
76.20
152.40
76.20
152.40
76.20
152.40
76.20
76.20
152.40
152.40
76.20
76.20
76.20
152.40
152.40
76.20
152.40
76.20
152.40
76.20
76.20
152.40
152.40
152.40
152.40
152.40
76.20
76.20
152.40
76.20
152.40
76.20
76.20
152.40
152.40
152.40
152.40
76.20
76.20
76.20
152.40
76.20
76.20
76.20
152.40
76.20
152.40
152.40
152.40
76.20
76.20
76.20
76.20
152.40
152.40
76.20
76.20
76.20
76.20
76.20
76.20
152.40
152.40
152.40
152.40
152.40
76.20
152.40
76.20
76.20
76.20
76.20
76.20
152.40
76.20
152.40
152.40
76.20
152.40
76.20
76.20
76.20
76.20
76.20
76.20
152.40
76.20
76.20
76.20
76.20
76.20
76.20
76.20
76.20
76.20
76.20
76.20
76.20
152.40
76.20
152.40
76.20
152.40
76.20
76.20
76.20
76.20
76.20
152.40
76.20
76.20
76.20
152.40
152.40
152.40
76.20
76.20
76.20
152.40
76.20
152.40
76.20
152.40
76.20
76.20
152.40
76.20
76.20
76.20
76.20
152.40
152.40
76.20
152.40
152.40
76.20
76.20
152.40
76.20
152.40
152.40
152.40
76.20
152.40
76.20
152.40
76.20
152.40
152.40
152.40
76.20
152.40
76.20
152.40
76.20
152.40
76.20
76.20
76.20
76.20
76.20
152.40
76.20
76.20
152.40
152.40
76.20
76.20
76.20
76.20
76.20
152.40
152.40
76.20
152.40
76.20
76.20
76.20
76.20
152.40
76.20
152.40
152.40
76.20
152.40
152.40
76.20
76.20
152.40
152.40
152.40
152.40
152.40
152.40
76.20
76.20
76.20
76.20
152.40
76.20
76.20
76.20
76.20
152.40
76.20
152.40
76.20
76.20
76.20
76.20
76.20
152.40
152.40
152.40
76.20
76.20
152.40
152.40
152.40
152.40
152.40
76.20
152.40
76.20
76.20
152.40
76.20
152.40
76.20
152.40
152.40
76.20
76.20
76.20
152.40
152.40
152.40
152.40
76.20
76.20
76.20
152.40
152.40
152.40
76.20
76.20
152.40
76.20
76.20
76.20
76.20
76.20
152.40
152.40
76.20
152.40
152.40
76.20
152.40
152.40
152.40
76.20
76.20
152.40
152.40
152.40
152.40
152.40
152.40
76.20
76.20
76.20
152.40
76.20
76.20
152.40
76.20
76.20
76.20
152.40
76.20
76.20
152.40
76.20
76.20
76.20
152.40
152.40
76.20
76.20
76.20
76.20
76.20
152.40
152.40
152.40
152.40
152.40
76.20
76.20
76.20
152.40
152.40
76.20
152.40
152.40
152.40
152.40
152.40
152.40
152.40
76.20
152.40
76.20
76.20
152.40
76.20
152.40
76.20
152.40
76.20
76.20
76.20
152.40
76.20
76.20
152.40
76.20
76.20
76.20
76.20
152.40
152.40
76.20
152.40
152.40
152.40
152.40
152.40
152.40
76.20
76.20
76.20
76.20
152.40
76.20
76.20
152.40
76.20
152.40
76.20
76.20
152.40
152.40
76.20
76.20
152.40
76.20
152.40
76.20
76.20
76.20
152.40
76.20
152.40
152.40
76.20
152.40
152.40
152.40
152.40
76.20
76.20
152.40
76.20
76.20
152.40
152.40
152.40
76.20
76.20
76.20
76.20
76.20
76.20
76.20
76.20
76.20
152.40
152.40
76.20
152.40
152.40
76.20
76.20
76.20
152.40
76.20
152.40
76.20
152.40
76.20
152.40
76.20
152.40
152.40
76.20
152.40
152.40
76.20
152.40
152.40
76.20
152.40
76.20
152.40
76.20
76.20
152.40
76.20
152.40
152.40
152.40
76.20
76.20
76.20
152.40
76.20
152.40
152.40
76.20
76.20
152.40
76.20
76.20
152.40
152.40
152.40
152.40
76.20
152.40
152.40
101.60
152.40
76.20
152.40
152.40
152.40
152.40
76.20
76.20
76.20
76.20
152.40
76.20
76.20
76.20
152.40
152.40
152.40
152.40
76.20
76.20
76.20
152.40
76.20
76.20
152.40
76.20
76.20
152.40
76.20
152.40
152.40
152.40
76.20
76.20
76.20
76.20
76.20
76.20
76.20
76.20
152.40
76.20
152.40
76.20
76.20
76.20
76.20
152.40
152.40
76.20
76.20
76.20
76.20
76.20
152.40
76.20
152.40
76.20
152.40
152.40
152.40
152.40
152.40
76.20
152.40
76.20
76.20
152.40
76.20
76.20
76.20
152.40
76.20
152.40
76.20
152.40
152.40
152.40
76.20
76.20
76.20
152.40
152.40
76.20
76.20
76.20
152.40
152.40
152.40
76.20
76.20
76.20
152.40
152.40
152.40
76.20
76.20
76.20
76.20
152.40
152.40
76.20
76.20
76.20
76.20
76.20
76.20
76.20
76.20
76.20
76.20
76.20
76.20
76.20
152.40
76.20
152.40
152.40
152.40
76.20
152.40
76.20
152.40
152.40
76.20
76.20
152.40
76.20
152.40
76.20
152.40
76.20
152.40
152.40
152.40
76.20
76.20
76.20
76.20
76.20
152.40
152.40
76.20
76.20
152.40
152.40
152.40
152.40
152.40
76.20
76.20
152.40
76.20
152.40
152.40
152.40
76.20
152.40
76.20
152.40
76.20
152.40
152.40
152.40
76.20
76.20
152.40
152.40
76.20
152.40
152.40
76.20
152.40
152.40
76.20
76.20
76.20
152.40
76.20
76.20
152.40
152.40
152.40
76.20
76.20
152.40
76.20
152.40
152.40
152.40
76.20
152.40
152.40
152.40
152.40
152.40
76.20
152.40
76.20
152.40
76.20
152.40
152.40
76.20
76.20
76.20
152.40
76.20
76.20
76.20
76.20
152.40
152.40
152.40
76.20
76.20
152.40
152.40
76.20
152.40
76.20
152.40
152.40
76.20
152.40
76.20
152.40
152.40
76.20
152.40
152.40
152.40
76.20
76.20
76.20
152.40
152.40
152.40
76.20
76.20
152.40
76.20
152.40
152.40
152.40
76.20
152.40
152.40
76.20
152.40
76.20
76.20
152.40
76.20
152.40
76.20
152.40
76.20
76.20
152.40
76.20
76.20
152.40
76.20
76.20
152.40
152.40
152.40
152.40
76.20
152.40
152.40
76.20
152.40
152.40
152.40
76.20
152.40
76.20
76.20
76.20
152.40
152.40
152.40
152.40
76.20
76.20
76.20
76.20
152.40
76.20
152.40
76.20
152.40
76.20
76.20
76.20
152.40
76.20
152.40
76.20
152.40
76.20
76.20
152.40
152.40
152.40
76.20
152.40
152.40
76.20
76.20
76.20
76.20
76.20
76.20
152.40
76.20
152.40
152.40
152.40
152.40
76.20
152.40
76.20
152.40
76.20
152.40
76.20
76.20
76.20
76.20
152.40
76.20
76.20
76.20
152.40
76.20
152.40
76.20
152.40
76.20
152.40
152.40
152.40
152.40
76.20
76.20
76.20
152.40
76.20
76.20
76.20
152.40
152.40
152.40
76.20
76.20
152.40
76.20
76.20
152.40
76.20
76.20
152.40
152.40
76.20
152.40
76.20
152.40
76.20
76.20
152.40
152.40
76.20
76.20
76.20
76.20
76.20
152.40
76.20
152.40
152.40
152.40
152.40
152.40
76.20
152.40
152.40
76.20
152.40
152.40
76.20
152.40
76.20
152.40
152.40
76.20
152.40
76.20
152.40
152.40
76.20
76.20
152.40
152.40
152.40
152.40
76.20
76.20
76.20
76.20
152.40
76.20
76.20
76.20
76.20
152.40
152.40
152.40
152.40
76.20
152.40
76.20
76.20
76.20
152.40
76.20
152.40
152.40
152.40
152.40
76.20
76.20
76.20
76.20
152.40
152.40
76.20
76.20
76.20
152.40
76.20
76.20
152.40
76.20
76.20
76.20
152.40
152.40
152.40
76.20
76.20
76.20
152.40
76.20
152.40
152.40
152.40
152.40
152.40
76.20
76.20
152.40
76.20
152.40
76.20
152.40
76.20
152.40
152.40
152.40
152.40
76.20
76.20
152.40
152.40
76.20
152.40
152.40
76.20
152.40
76.20
76.20
152.40
152.40
152.40
76.20
76.20
152.40
152.40
152.40
76.20
152.40
152.40
152.40
152.40
76.20
76.20
152.40
76.20
76.20
76.20
152.40
152.40
152.40
152.40
76.20
152.40
76.20
76.20
76.20
152.40
76.20
152.40
76.20
152.40
152.40
76.20
152.40
152.40
152.40
152.40
152.40
76.20
76.20
152.40
152.40
76.20
152.40
152.40
152.40
152.40
152.40
76.20
76.20
152.40
152.40
152.40
152.40
152.40
76.20
152.40
76.20
152.40
76.20
76.20
152.40
76.20
76.20
76.20
76.20
152.40
76.20
152.40
76.20
76.20
152.40
76.20
152.40
152.40
152.40
152.40
76.20
76.20
76.20
76.20
76.20
152.40
152.40
152.40
152.40
152.40
76.20
76.20
152.40
152.40
76.20
76.20
76.20
152.40
76.20
152.40
152.40
152.40
76.20
76.20
152.40
76.20
76.20
76.20
76.20
76.20
76.20
76.20
152.40
152.40
152.40
76.20
76.20
76.20
152.40
152.40
76.20
76.20
152.40
76.20
152.40
152.40
152.40
152.40
152.40
76.20
152.40
152.40
76.20
76.20
76.20
76.20
76.20
152.40
76.20
76.20
152.40
152.40
76.20
76.20
152.40
152.40
76.20
152.40
152.40
76.20
152.40
76.20
76.20
152.40
152.40
152.40
152.40
152.40
76.20
76.20
76.20
76.20
76.20
152.40
76.20
152.40
76.20
76.20
76.20
152.40
152.40
76.20
152.40
76.20
152.40
76.20
76.20
152.40
152.40
76.20
76.20
76.20
76.20
152.40
76.20
152.40
76.20
76.20
76.20
152.40
152.40
76.20
152.40
76.20
152.40
152.40
76.20
152.40
152.40
152.40
152.40
76.20
76.20
76.20
152.40
76.20
152.40
76.20
152.40
152.40
76.20
76.20
76.20
152.40
76.20
152.40
76.20
152.40
152.40
76.20
152.40
152.40
152.40
76.20
152.40
152.40
76.20
152.40
152.40
76.20
76.20
76.20
152.40
76.20
152.40
152.40
76.20
76.20
152.40
76.20
76.20
76.20
152.40
152.40
76.20
152.40
76.20
76.20
76.20
76.20
76.20
76.20
76.20
76.20
152.40
152.40
152.40
152.40
152.40
76.20
76.20
76.20
152.40
152.40
76.20
76.20
152.40
76.20
152.40
152.40
76.20
152.40
152.40
76.20
76.20
152.40
152.40
152.40
76.20
76.20
76.20
152.40
152.40
76.20
76.20
152.40
152.40
152.40
76.20
76.20
152.40
76.20
76.20
152.40
76.20
76.20
152.40
152.40
152.40
152.40
152.40
152.40
76.20
152.40
76.20
76.20
152.40
76.20
76.20
76.20
152.40
76.20
76.20
152.40
152.40
76.20
76.20
76.20
152.40
152.40
152.40
254.00
152.40
152.40
76.20
76.20
152.40
152.40
152.40
76.20
152.40
152.40
76.20
76.20
152.40
152.40
152.40
76.20
152.40
76.20
76.20
152.40
76.20
152.40
152.40
152.40
152.40
76.20
152.40
152.40
76.20
152.40
152.40
152.40
152.40
76.20
76.20
152.40
152.40
76.20
152.40
152.40
152.40
152.40
76.20
152.40
152.40
152.40
152.40
152.40
152.40
76.20
76.20
152.40
152.40
152.40
152.40
76.20
152.40
76.20
152.40
152.40
152.40
152.40
76.20
76.20
76.20
152.40
76.20
152.40
152.40
152.40
76.20
152.40
76.20
76.20
76.20
76.20
152.40
76.20
76.20
152.40
76.20
76.20
152.40
76.20
152.40
152.40
152.40
152.40
76.20
76.20
76.20
152.40
76.20
76.20
76.20
152.40
152.40
152.40
76.20
76.20
76.20
76.20
76.20
152.40
76.20
152.40
152.40
152.40
76.20
152.40
76.20
152.40
76.20
152.40
76.20
76.20
152.40
76.20
76.20
152.40
152.40
152.40
76.20
152.40
152.40
76.20
76.20
76.20
152.40
76.20
76.20
152.40
76.20
76.20
152.40
152.40
76.20
152.40
152.40
152.40
76.20
152.40
152.40
152.40
152.40
152.40
152.40
76.20
152.40
76.20
76.20
152.40
76.20
152.40
152.40
76.20
152.40
152.40
152.40
152.40
152.40
152.40
76.20
152.40
76.20
76.20
76.20
76.20
76.20
76.20
76.20
152.40
152.40
152.40
76.20
152.40
76.20
76.20
152.40
152.40
76.20
152.40
152.40
76.20
152.40
152.40
152.40
76.20
152.40
152.40
76.20
76.20
76.20
152.40
152.40
76.20
76.20
152.40
76.20
152.40
152.40
76.20
152.40
152.40
76.20
152.40
76.20
76.20
76.20
76.20
152.40
76.20
152.40
152.40
76.20
152.40
152.40
76.20
152.40
76.20
152.40
152.40
152.40
152.40
76.20
76.20
76.20
152.40
152.40
76.20
152.40
76.20
152.40
76.20
152.40
152.40
152.40
152.40
76.20
76.20
152.40
152.40
152.40
76.20
76.20
152.40
152.40
152.40
152.40
152.40
152.40
76.20
76.20
152.40
76.20
76.20
152.40
76.20
152.40
76.20
76.20
76.20
76.20
76.20
152.40
152.40
76.20
152.40
76.20
76.20
76.20
76.20
76.20
76.20
152.40
152.40
152.40
152.40
152.40
152.40
152.40
152.40
152.40
152.40
76.20
152.40
76.20
76.20
152.40
152.40
76.20
406.40
914.40
76.20
457.20
76.20
152.40
152.40
76.20
762.00
152.40
152.40
76.20
76.20
152.40
609.60
152.40
304.80
152.40
76.20
152.40
76.20
76.20
406.40
152.40
152.40
76.20
152.40
76.20
203.20
76.20
76.20
76.20
406.40
76.20
152.40
76.20
152.40
152.40
76.20
304.80
76.20
76.20
101.60
76.20
152.40
152.40
152.40
76.20
406.40
152.40
152.40
762.00
152.40
152.40
762.00
355.60
508.00
76.20
152.40
355.60
76.20
355.60
152.40
152.40
152.40
457.20
76.20
152.40
152.40
76.20
76.20
152.40
152.40
609.60
406.40
152.40
762.00
76.20
101.60
76.20
76.20
76.20
152.40
76.20
76.20
76.20
76.20
152.40
101.60
76.20
152.40
457.20
76.20
457.20
508.00
152.40
762.00
76.20
203.20
152.40
152.40
76.20
152.40
101.60
406.40
609.60
152.40
152.40
457.20
152.40
152.40
152.40
76.20
76.20
76.20
152.40
76.20
152.40
76.20
152.40
76.20
152.40
152.40
76.20
457.20
101.60
406.40
152.40
152.40
762.00
152.40
152.40
152.40
152.40
76.20
76.20
152.40
76.20
76.20
406.40
152.40
152.40
76.20
76.20
254.00
76.20
152.40
76.20
76.20
152.40
101.60
203.20
406.40
508.00
152.40
76.20
508.00
508.00
152.40
152.40
76.20
76.20
76.20
76.20
76.20
152.40
152.40
76.20
101.60
203.20
152.40
76.20
152.40
76.20
76.20
76.20
508.00
76.20
76.20
609.60
76.20
304.80
152.40
152.40
76.20
762.00
76.20
152.40
76.20
76.20
76.20
76.20
76.20
508.00
76.20
152.40
76.20
101.60
762.00
76.20
762.00
762.00
76.20
152.40
76.20
76.20
508.00
152.40
76.20
762.00
76.20
76.20
76.20
152.40
76.20
76.20
152.40
762.00
152.40
152.40
152.40
152.40
203.20
152.40
152.40
152.40
76.20
76.20
76.20
152.40
152.40
304.80
76.20
76.20
152.40
152.40
76.20
762.00
609.60
152.40
457.20
152.40
152.40
152.40
76.20
76.20
76.20
76.20
152.40
152.40
101.60
254.00
76.20
152.40
76.20
152.40
76.20
355.60
152.40
152.40
254.00
152.40
355.60
152.40
76.20
76.20
152.40
76.20
152.40
76.20
76.20
152.40
304.80
152.40
152.40
762.00
508.00
76.20
152.40
203.20
508.00
76.20
406.40
76.20
152.40
76.20
203.20
152.40
203.20
152.40
152.40
762.00
152.40
457.20
914.40
152.40
76.20
152.40
152.40
76.20
152.40
152.40
457.20
76.20
152.40
76.20
609.60
152.40
152.40
762.00
76.20
76.20
914.40
152.40
152.40
76.20
508.00
152.40
76.20
76.20
152.40
76.20
152.40
152.40
152.40
76.20
76.20
76.20
304.80
76.20
406.40
152.40
152.40
152.40
152.40
76.20
457.20
152.40
76.20
152.40
76.20
152.40
76.20
76.20
76.20
76.20
152.40
76.20
152.40
152.40
762.00
76.20
76.20
76.20
152.40
76.20
76.20
152.40
355.60
76.20
152.40
762.00
76.20
152.40
609.60
152.40
152.40
76.20
76.20
203.20
152.40
76.20
76.20
406.40
152.40
101.60
355.60
76.20
152.40
304.80
152.40
76.20
152.40
508.00
76.20
203.20
203.20
101.60
152.40
76.20
152.40
152.40
76.20
76.20
76.20
152.40
406.40
76.20
76.20
508.00
76.20
152.40
101.60
76.20
76.20
76.20
76.20
152.40
152.40
76.20
152.40
76.20
203.20
101.60
152.40
152.40
76.20
152.40
152.40
254.00
152.40
76.20
76.20
152.40
152.40
152.40
76.20
254.00
152.40
76.20
76.20
152.40
304.80
76.20
152.40
152.40
76.20
76.20
152.40
76.20
76.20
76.20
76.20
152.40
152.40
76.20
76.20
101.60
76.20
152.40
76.20
152.40
254.00
152.40
152.40
152.40
152.40
152.40
76.20
457.20
76.20
76.20
76.20
152.40
152.40
355.60
152.40
152.40
101.60
76.20
76.20
76.20
76.20
152.40
152.40
76.20
152.40
304.80
355.60
101.60
355.60
609.60
152.40
762.00
152.40
152.40
76.20
76.20
76.20
152.40
203.20
152.40
152.40
76.20
76.20
152.40
152.40
152.40
152.40
152.40
76.20
152.40
152.40
152.40
152.40
152.40
76.20
76.20
152.40
76.20
304.80
152.40
76.20
76.20
76.20
76.20
76.20
76.20
406.40
76.20
76.20
152.40
76.20
152.40
76.20
76.20
76.20
76.20
457.20
406.40
152.40
76.20
152.40
152.40
152.40
76.20
152.40
609.60
101.60
101.60
76.20
76.20
762.00
254.00
152.40
508.00
152.40
76.20
76.20
76.20
76.20
101.60
355.60
152.40
76.20
76.20
152.40
152.40
355.60
152.40
152.40
762.00
914.40
76.20
76.20
152.40
152.40
76.20
76.20
152.40
76.20
152.40
76.20
152.40
152.40
152.40
152.40
76.20
76.20
152.40
152.40
508.00
152.40
254.00
152.40
355.60
152.40
76.20
152.40
152.40
152.40
76.20
76.20
76.20
152.40
508.00
355.60
152.40
152.40
152.40
76.20
152.40
355.60
76.20
76.20
76.20
76.20
152.40
76.20
76.20
76.20
152.40
76.20
76.20
152.40
76.20
76.20
76.20
152.40
152.40
406.40
76.20
76.20
152.40
609.60
76.20
304.80
152.40
76.20
914.40
254.00
508.00
76.20
152.40
152.40
406.40
152.40
152.40
76.20
762.00
76.20
152.40
254.00
76.20
406.40
152.40
76.20
304.80
152.40
762.00
76.20
76.20
76.20
457.20
914.40
254.00
355.60
203.20
152.40
76.20
76.20
152.40
304.80
76.20
76.20
76.20
152.40
355.60
508.00
76.20
152.40
76.20
152.40
152.40
76.20
152.40
609.60
152.40
76.20
76.20
152.40
76.20
152.40
76.20
152.40
76.20
152.40
762.00
76.20
152.40
76.20
76.20
152.40
457.20
457.20
457.20
914.40
76.20
152.40
304.80
152.40
76.20
76.20
152.40
152.40
76.20
609.60
152.40
203.20
152.40
152.40
76.20
76.20
762.00
152.40
609.60
76.20
76.20
152.40
76.20
152.40
76.20
508.00
152.40
762.00
76.20
76.20
76.20
152.40
76.20
76.20
762.00
76.20
152.40
76.20
76.20
152.40
762.00
762.00
152.40
76.20
152.40
457.20
152.40
203.20
76.20
76.20
254.00
76.20
76.20
152.40
76.20
152.40
101.60
76.20
76.20
355.60
76.20
355.60
76.20
152.40
203.20
152.40
76.20
152.40
508.00
152.40
152.40
76.20
76.20
457.20
508.00
76.20
254.00
152.40
203.20
152.40
152.40
152.40
152.40
152.40
152.40
152.40
203.20
152.40
76.20
152.40
762.00
355.60
152.40
101.60
152.40
76.20
76.20
76.20
76.20
76.20
914.40
152.40
457.20
152.40
76.20
76.20
152.40
76.20
203.20
152.40
152.40
152.40
203.20
355.60
76.20
152.40
76.20
152.40
76.20
152.40
152.40
152.40
152.40
457.20
152.40
152.40
457.20
76.20
152.40
254.00
76.20
152.40
152.40
152.40
152.40
76.20
508.00
101.60
152.40
152.40
152.40
76.20
76.20
76.20
76.20
76.20
457.20
254.00
76.20
457.20
508.00
152.40
76.20
101.60
76.20
76.20
762.00
76.20
152.40
152.40
76.20
254.00
152.40
609.60
152.40
457.20
76.20
76.20
152.40
76.20
152.40
76.20
76.20
152.40
152.40
76.20
152.40
76.20
508.00
152.40
152.40
76.20
152.40
76.20
152.40
609.60
406.40
76.20
304.80
76.20
76.20
203.20
101.60
457.20
152.40
152.40
101.60
152.40
203.20
76.20
152.40
76.20
101.60
152.40
76.20
76.20
76.20
152.40
254.00
152.40
762.00
76.20
76.20
152.40
508.00
355.60
76.20
152.40
152.40
152.40
76.20
254.00
152.40
152.40
76.20
76.20
304.80
76.20
152.40
304.80
76.20
76.20
152.40
76.20
152.40
152.40
152.40
152.40
76.20
76.20
355.60
152.40
76.20
152.40
203.20
203.20
254.00
254.00
254.00
76.20
254.00
152.40
76.20
76.20
76.20
304.80
457.20
152.40
76.20
76.20
203.20
254.00
914.40
76.20
76.20
76.20
152.40
203.20
152.40
304.80
76.20
152.40
152.40
914.40
152.40
152.40
76.20
76.20
152.40
76.20
76.20
254.00
152.40
152.40
76.20
152.40
254.00
355.60
152.40
152.40
76.20
152.40
609.60
76.20
152.40
152.40
152.40
76.20
152.40
76.20
76.20
152.40
152.40
76.20
76.20
762.00
152.40
152.40
152.40
152.40
76.20
152.40
76.20
76.20
76.20
152.40
76.20
457.20
152.40
152.40
76.20
152.40
152.40
76.20
508.00
76.20
76.20
76.20
76.20
609.60
76.20
355.60
203.20
101.60
508.00
609.60
152.40
609.60
457.20
76.20
152.40
152.40
76.20
76.20
76.20
152.40
355.60
152.40
76.20
76.20
457.20
152.40
152.40
76.20
152.40
152.40
152.40
76.20
76.20
152.40
152.40
457.20
76.20
152.40
152.40
76.20
762.00
609.60
76.20
76.20
76.20
76.20
152.40
76.20
152.40
203.20
762.00
76.20
101.60
152.40
76.20
152.40
76.20
152.40
152.40
76.20
76.20
76.20
76.20
152.40
254.00
152.40
152.40
152.40
355.60
609.60
152.40
76.20
76.20
152.40
152.40
152.40
152.40
152.40
76.20
762.00
152.40
76.20
203.20
609.60
152.40
76.20
203.20
152.40
76.20
203.20
76.20
152.40
76.20
152.40
76.20
76.20
152.40
76.20
762.00
152.40
152.40
152.40
152.40
152.40
152.40
152.40
76.20
76.20
254.00
76.20
152.40
152.40
76.20
76.20
152.40
152.40
609.60
152.40
152.40
304.80
355.60
76.20
76.20
76.20
76.20
609.60
152.40
152.40
76.20
101.60
152.40
457.20
76.20
76.20
457.20
76.20
254.00
406.40
152.40
152.40
152.40
152.40
152.40
76.20
152.40
76.20
76.20
76.20
152.40
762.00
152.40
76.20
76.20
76.20
152.40
76.20
76.20
76.20
76.20
76.20
152.40
152.40
254.00
355.60
152.40
457.20
152.40
152.40
76.20
76.20
76.20
152.40
406.40
101.60
76.20
152.40
76.20
152.40
76.20
152.40
152.40
152.40
76.20
152.40
76.20
152.40
76.20
457.20
254.00
152.40
76.20
152.40
76.20
355.60
152.40
203.20
254.00
152.40
203.20
304.80
76.20
152.40
152.40
76.20
355.60
152.40
152.40
355.60
355.60
152.40
152.40
76.20
76.20
914.40
152.40
76.20
76.20
76.20
203.20
152.40
76.20
76.20
76.20
152.40
609.60
152.40
152.40
152.40
76.20
152.40
609.60
152.40
152.40
203.20
457.20
76.20
76.20
508.00
152.40
152.40
76.20
152.40
609.60
76.20
76.20
152.40
76.20
152.40
152.40
457.20
914.40
254.00
76.20
76.20
152.40
76.20
152.40
152.40
76.20
76.20
76.20
304.80
152.40
355.60
152.40
76.20
76.20
152.40
76.20
406.40
76.20
152.40
76.20
304.80
254.00
152.40
152.40
152.40
