567
60.00000
38.00000
305.00000
9.21000
67.15000
8.73000
50.35000
12.00000
65.16400
51.45000
4.01000
10.44000
47.07000
43.20000
162.00000
61.70000
81.22300
9.78000
31.23000
68.80000
77.99700
6.84900
10.22000
86.01300
54.00000
41.00000
10.78400
4.83000
54.00000
71.50000
15.34600
10.00000
57.36000
15.25000
43.00000
46.00000
45.00000
68.00000
55.26000
9.16000
94.15000
12.04900
33.92000
12.34690
6.53000
85.00000
51.98800
13.33000
11.05000
115.00000
11.28000
13.57700
44.04000
67.00000
80.00000
11.55900
70.00000
68.00000
75.00000
10.41000
12.01500
106.00000
43.50000
25.00000
40.00000
84.00000
22.15600
52.50000
34.00000
63.00000
34.00000
25.33000
8.73000
34.00000
34.00000
50.00000
15.00000
76.05000
9.63700
65.70000
52.30000
12.00000
13.29800
10.71000
10.72000
10.72000
10.72000
13.29800
8.10000
13.29800
13.29800
22.22000
61.40000
83.30000
3.05000
4.67000
14.42000
33.00000
94.00000
145.28000
10.46000
9.19000
11.92000
9.84900
11.40000
8.42100
12.21000
5.20000
22.42000
14.72600
8.67000
68.00000
37.43000
54.00000
61.00000
9.07000
36.93000
46.00000
45.00000
5.29000
11.47000
37.00000
23.65100
60.00000
60.00000
63.00000
58.60000
54.91000
33.74500
12.64000
89.40000
26.83000
9.80000
31.23000
13.94000
71.06000
67.20800
10.20000
58.70000
103.65000
9.34500
92.77000
10.33000
12.28000
62.72000
52.52000
35.58000
11.86000
11.67700
10.41600
14.72600
12.51000
65.30000
80.42000
11.34800
91.95000
80.10000
87.10000
14.50000
58.72000
84.00000
11.49800
51.45400
86.60000
10.46000
11.18700
97.85000
10.82800
7.45000
84.64000
94.20000
7.45000
82.88000
36.08100
54.00000
9.78000
82.24000
98.30000
98.30000
51.22000
11.45660
94.00000
88.00000
42.95900
79.45000
98.30000
10.98000
100.35000
81.47200
7.97000
85.33000
9.11300
85.33000
10.76180
15.20000
95.35000
91.06200
91.02300
6.99400
11.02600
95.20000
10.38000
10.58900
75.96000
8.00000
9.53000
10.87700
94.15000
93.65000
10.74000
98.10000
92.02200
77.62100
6.26800
96.27500
12.42500
101.40000
41.70300
97.00000
37.23700
11.06000
6.46700
11.71000
32.16000
55.78000
58.12700
47.04100
10.31600
13.43800
75.20000
10.45700
8.19490
73.81510
9.89000
12.23000
91.17000
11.33000
89.77000
95.01000
11.09000
25.46800
86.76300
7.79600
107.30000
106.40000
104.30000
35.00000
22.92600
18.72400
17.69000
70.80000
7.41000
11.84000
22.00000
22.00000
22.00000
90.10000
70.76000
8.84000
10.13000
7.72500
12.42500
92.30000
11.33000
11.33000
82.27000
93.34400
10.15600
11.05800
100.65000
76.64600
46.46500
10.24000
8.01400
12.47800
91.36000
103.00000
124.06000
90.10400
14.59600
94.34000
11.56000
10.95000
95.41700
8.38000
7.10000
107.90000
8.05000
102.25000
92.84000
6.61400
15.00000
94.20000
9.94000
5.85000
91.28400
103.40000
11.21400
200.58600
100.00000
40.00000
55.00000
169.92300
8.42700
22.00000
187.21600
588.03000
11.97000
64.98000
52.78800
8.33000
9.58000
40.00000
43.00000
43.00000
43.00000
43.00000
11.83000
12.08000
31.92000
80.28000
30.77000
7.80800
8.13500
18.87000
11.16800
33.83000
44.00000
36.04000
8.96000
43.00000
44.00000
9.17000
49.98100
43.50000
42.00000
43.00000
30.00000
10.69000
57.39000
10.21000
44.79000
32.70000
9.80000
9.96200
28.45400
9.18400
80.22100
43.00000
3.42000
3.67900
10.13000
6.04800
56.00000
9.25000
33.75000
45.00000
47.02000
70.28000
10.01000
77.70000
43.50000
42.00000
43.00000
20.36300
77.70000
77.70000
77.70000
69.76000
82.65000
68.77000
7.78000
43.00000
21.92200
8.07800
10.13000
95.08000
8.16000
70.25000
37.95000
39.80000
39.78000
39.30000
38.40000
57.00000
29.12000
38.50000
38.10000
39.71000
29.50000
23.91000
20.26000
28.00000
49.20000
48.38000
9.61000
90.54000
9.46700
85.00000
9.95000
12.21000
78.79000
9.67800
11.04600
88.96000
74.87000
10.13000
10.84000
7.43000
72.73000
51.64000
11.01200
11.36000
63.00000
63.00000
10.14900
12.17800
8.42900
70.39300
63.00000
7.10400
81.84600
66.08300
10.70200
9.52590
81.47410
51.81000
6.75000
27.96000
46.95000
63.00000
63.00000
63.00000
63.00000
63.00000
11.50000
51.50000
91.00000
85.00000
48.55000
10.83600
114.00000
4.77900
38.48200
35.54000
9.46000
41.40300
6.07500
7.52200
8.31000
47.43000
7.17400
44.39700
8.43000
10.30000
44.12600
5.57000
60.00000
75.00000
27.81600
56.24400
96.70000
50.45000
30.98000
82.31400
21.11000
74.90000
80.53200
85.15700
10.82800
56.50100
9.04900
14.45000
54.80000
93.90000
12.77000
72.38000
13.42000
12.22000
14.10500
71.92100
13.38600
29.84000
32.00000
4.76000
32.59000
58.55000
12.05000
123.20000
73.63000
13.19000
11.28000
26.50000
94.00000
9.72000
35.77500
33.14000
12.90000
8.16500
7.88000
6.14100
7.85800
7.85000
12.90000
45.83000
12.06000
8.77900
80.28000
30.20000
9.46000
11.00000
89.00000
74.85100
1.00000
1.00000
1.00000
1.00000
1.00000
8.21500
1.00000
86.97000
1.00000
1.00000
1.00000
1.00000
1.00000
1.00000
81.55000
1.00000
1.00000
1.00000
1.00000
1.57000
6.84000
5.35000
6.87000
3.89000
5.54000
3.77000
4.20000
8.74000
39.02000
263.38600
2.50000
3.36000
1.45000
1.00000
62.00000
70.00000
1.00000
1.00000
45.30000
1.00000
1.00000
1.00000
1.00000
29.90100
24.13000
67.01000
4.10000
4.28000
1.57000
6.00000
2.50000
3.05000
13.00000
7.45000
76.20
76.20
76.20
76.20
152.40
76.20
76.20
76.20
76.20
76.20
76.20
76.20
76.20
76.20
76.20
76.20
76.20
76.20
76.20
76.20
76.20
76.20
76.20
76.20
76.20
76.20
76.20
76.20
76.20
76.20
76.20
76.20
76.20
76.20
76.20
76.20
76.20
76.20
76.20
76.20
76.20
76.20
76.20
76.20
76.20
76.20
76.20
76.20
76.20
76.20
76.20
76.20
76.20
76.20
76.20
76.20
76.20
76.20
76.20
76.20
76.20
76.20
76.20
76.20
76.20
76.20
76.20
76.20
76.20
76.20
76.20
76.20
76.20
76.20
76.20
76.20
76.20
76.20
76.20
76.20
76.20
76.20
76.20
76.20
76.20
76.20
76.20
76.20
76.20
76.20
76.20
76.20
76.20
76.20
203.20
203.20
76.20
76.20
76.20
76.20
76.20
76.20
76.20
76.20
76.20
76.20
76.20
76.20
76.20
76.20
76.20
76.20
76.20
76.20
76.20
76.20
76.20
76.20
76.20
76.20
76.20
76.20
76.20
76.20
76.20
76.20
76.20
76.20
76.20
76.20
76.20
76.20
76.20
76.20
76.20
76.20
76.20
76.20
76.20
76.20
76.20
76.20
76.20
76.20
76.20
76.20
76.20
76.20
76.20
76.20
76.20
76.20
76.20
76.20
76.20
76.20
76.20
76.20
76.20
76.20
76.20
76.20
76.20
76.20
76.20
76.20
76.20
76.20
76.20
76.20
76.20
76.20
76.20
76.20
76.20
76.20
76.20
76.20
76.20
76.20
76.20
76.20
76.20
76.20
76.20
76.20
76.20
76.20
76.20
76.20
76.20
76.20
76.20
76.20
76.20
76.20
76.20
76.20
76.20
76.20
76.20
76.20
76.20
76.20
76.20
76.20
76.20
76.20
76.20
76.20
76.20
76.20
76.20
76.20
76.20
76.20
76.20
76.20
76.20
76.20
76.20
76.20
76.20
76.20
76.20
76.20
76.20
76.20
76.20
76.20
76.20
76.20
76.20
76.20
76.20
76.20
76.20
76.20
76.20
76.20
76.20
76.20
76.20
76.20
76.20
76.20
76.20
76.20
76.20
76.20
76.20
76.20
76.20
76.20
76.20
76.20
76.20
76.20
76.20
76.20
76.20
76.20
76.20
76.20
76.20
76.20
76.20
76.20
76.20
76.20
101.60
101.60
76.20
76.20
76.20
76.20
76.20
76.20
76.20
76.20
76.20
76.20
76.20
76.20
76.20
76.20
76.20
76.20
76.20
76.20
76.20
76.20
76.20
76.20
76.20
76.20
76.20
76.20
76.20
76.20
76.20
76.20
76.20
76.20
76.20
76.20
76.20
76.20
76.20
76.20
76.20
76.20
76.20
76.20
76.20
76.20
76.20
76.20
76.20
76.20
76.20
76.20
76.20
101.60
76.20
76.20
76.20
76.20
76.20
76.20
76.20
76.20
76.20
76.20
76.20
76.20
76.20
76.20
76.20
76.20
76.20
76.20
76.20
76.20
76.20
76.20
76.20
76.20
76.20
76.20
76.20
76.20
76.20
76.20
76.20
76.20
76.20
76.20
76.20
76.20
76.20
76.20
76.20
76.20
76.20
76.20
76.20
76.20
76.20
76.20
76.20
76.20
76.20
76.20
101.60
76.20
101.60
76.20
76.20
76.20
76.20
76.20
76.20
76.20
76.20
76.20
76.20
76.20
76.20
76.20
76.20
76.20
76.20
76.20
76.20
76.20
76.20
76.20
76.20
76.20
76.20
76.20
76.20
76.20
76.20
76.20
76.20
76.20
76.20
76.20
76.20
76.20
76.20
76.20
76.20
76.20
76.20
76.20
76.20
76.20
76.20
76.20
76.20
76.20
76.20
76.20
76.20
76.20
76.20
76.20
76.20
76.20
76.20
76.20
76.20
76.20
76.20
76.20
76.20
76.20
76.20
76.20
76.20
76.20
76.20
76.20
76.20
76.20
76.20
76.20
76.20
76.20
76.20
76.20
76.20
76.20
76.20
76.20
76.20
76.20
76.20
76.20
76.20
76.20
101.60
76.20
76.20
76.20
76.20
76.20
76.20
101.60
152.40
76.20
152.40
76.20
76.20
76.20
76.20
101.60
76.20
76.20
152.40
76.20
76.20
101.60
101.60
203.20
76.20
76.20
76.20
101.60
152.40
76.20
76.20
76.20
76.20
76.20
76.20
76.20
76.20
76.20
76.20
76.20
76.20
152.40
76.20
76.20
76.20
76.20
76.20
76.20
76.20
76.20
76.20
76.20
76.20
76.20
76.20
76.20
76.20
76.20
76.20
76.20
76.20
76.20
76.20
76.20
76.20
76.20
76.20
76.20
203.20
203.20
152.40
152.40
76.20
203.20
76.20
76.20
76.20
76.20
76.20
76.20
76.20
76.20
76.20
76.20
76.20
76.20
76.20
76.20
76.20
152.40
76.20
152.40
76.20
76.20
76.20
76.20
76.20
203.20
76.20
76.20
203.20
76.20
76.20
76.20
76.20
76.20
76.20
152.40
76.20
76.20
76.20
76.20
76.20
76.20
76.20
76.20
76.20
76.20
76.20
76.20
76.20
76.20
76.20
76.20
76.20
76.20
76.20
76.20
76.20
76.20
76.20
76.20
76.20
76.20
76.20
76.20
76.20
76.20
76.20
76.20
76.20
76.20
76.20
76.20
76.20
76.20
76.20
76.20
101.60
76.20
76.20
76.20
101.60
76.20
76.20
76.20
76.20
76.20
76.20
76.20
76.20
76.20
76.20
76.20
76.20
76.20
76.20
76.20
76.20
76.20
76.20
76.20
76.20
76.20
76.20
101.60
76.20
76.20
76.20
76.20
76.20
76.20
76.20
76.20
76.20
76.20
76.20
76.20
76.20
76.20
76.20
76.20
76.20
76.20
76.20
76.20
76.20
203.20
203.20
76.20
76.20
76.20
76.20
76.20
76.20
76.20
76.20
76.20
76.20
76.20
76.20
76.20
76.20
76.20
76.20
76.20
76.20
76.20
76.20
76.20
101.60
76.20
76.20
76.20
76.20
76.20
76.20
76.20
76.20
76.20
76.20
76.20
76.20
76.20
101.60
76.20
101.60
76.20
76.20
76.20
76.20
76.20
76.20
76.20
76.20
76.20
76.20
76.20
76.20
76.20
76.20
76.20
76.20
76.20
76.20
76.20
76.20
76.20
76.20
76.20
76.20
76.20
76.20
76.20
76.20
76.20
76.20
101.60
76.20
76.20
76.20
76.20
76.20
76.20
76.20
76.20
76.20
76.20
76.20
76.20
76.20
76.20
101.60
76.20
101.60
76.20
76.20
76.20
76.20
76.20
76.20
76.20
76.20
76.20
76.20
76.20
76.20
76.20
76.20
76.20
76.20
76.20
101.60
76.20
76.20
76.20
76.20
76.20
76.20
76.20
76.20
76.20
76.20
76.20
76.20
76.20
76.20
101.60
76.20
76.20
76.20
76.20
76.20
76.20
76.20
76.20
76.20
76.20
76.20
76.20
76.20
76.20
76.20
76.20
76.20
76.20
76.20
76.20
76.20
76.20
76.20
76.20
76.20
101.60
76.20
76.20
76.20
76.20
76.20
76.20
76.20
76.20
76.20
76.20
76.20
76.20
76.20
76.20
76.20
76.20
76.20
76.20
76.20
76.20
76.20
76.20
76.20
76.20
76.20
76.20
76.20
76.20
76.20
101.60
101.60
76.20
76.20
76.20
76.20
76.20
76.20
76.20
76.20
76.20
76.20
76.20
76.20
76.20
76.20
76.20
76.20
76.20
76.20
76.20
76.20
76.20
76.20
76.20
76.20
76.20
76.20
76.20
76.20
76.20
76.20
76.20
76.20
76.20
76.20
76.20
76.20
76.20
76.20
76.20
101.60
76.20
101.60
76.20
76.20
76.20
76.20
76.20
76.20
76.20
76.20
76.20
101.60
76.20
76.20
76.20
76.20
76.20
76.20
76.20
76.20
76.20
76.20
76.20
76.20
76.20
76.20
76.20
76.20
76.20
76.20
76.20
76.20
76.20
76.20
76.20
76.20
76.20
76.20
76.20
76.20
76.20
76.20
76.20
101.60
76.20
101.60
76.20
76.20
76.20
76.20
76.20
76.20
76.20
76.20
76.20
76.20
76.20
76.20
76.20
76.20
76.20
76.20
101.60
76.20
101.60
76.20
76.20
76.20
76.20
76.20
76.20
76.20
76.20
76.20
76.20
76.20
76.20
76.20
76.20
76.20
76.20
76.20
101.60
76.20
76.20
76.20
76.20
101.60
76.20
76.20
76.20
76.20
76.20
76.20
101.60
101.60
76.20
76.20
76.20
76.20
76.20
76.20
76.20
76.20
76.20
76.20
76.20
76.20
76.20
76.20
76.20
76.20
76.20
76.20
76.20
76.20
76.20
76.20
76.20
76.20
76.20
101.60
76.20
76.20
76.20
76.20
76.20
76.20
76.20
76.20
76.20
101.60
76.20
76.20
76.20
101.60
76.20
76.20
76.20
76.20
76.20
76.20
76.20
76.20
76.20
76.20
76.20
76.20
76.20
76.20
76.20
101.60
101.60
76.20
76.20
76.20
76.20
76.20
76.20
101.60
152.40
76.20
152.40
76.20
76.20
76.20
101.60
101.60
76.20
76.20
152.40
76.20
76.20
101.60
101.60
203.20
76.20
76.20
76.20
101.60
152.40
76.20
76.20
76.20
76.20
76.20
76.20
76.20
76.20
76.20
76.20
76.20
76.20
152.40
76.20
76.20
76.20
76.20
76.20
76.20
76.20
76.20
76.20
76.20
76.20
76.20
76.20
101.60
76.20
76.20
76.20
76.20
76.20
76.20
76.20
76.20
76.20
76.20
76.20
76.20
203.20
203.20
152.40
152.40
101.60
203.20
76.20
76.20
76.20
76.20
76.20
76.20
76.20
101.60
76.20
76.20
76.20
76.20
76.20
76.20
76.20
152.40
76.20
152.40
76.20
76.20
76.20
76.20
76.20
203.20
76.20
76.20
203.20
76.20
76.20
152.40
76.20
76.20
76.20
152.40
76.20
76.20
76.20
76.20
76.20
76.20
76.20
76.20
76.20
76.20
76.20
76.20
76.20
76.20
76.20
76.20
76.20
76.20
152.40
76.20
76.20
76.20
76.20
76.20
76.20
76.20
76.20
76.20
76.20
76.20
76.20
76.20
76.20
76.20
76.20
76.20
76.20
76.20
76.20
76.20
152.40
76.20
76.20
76.20
101.60
76.20
152.40
76.20
76.20
76.20
76.20
76.20
76.20
76.20
76.20
76.20
76.20
76.20
76.20
76.20
76.20
76.20
76.20
152.40
76.20
76.20
76.20
76.20
76.20
152.40
76.20
76.20
76.20
76.20
76.20
76.20
76.20
76.20
76.20
76.20
76.20
76.20
76.20
76.20
76.20
76.20
76.20
76.20
76.20
203.20
203.20
76.20
76.20
152.40
76.20
76.20
76.20
152.40
76.20
76.20
76.20
76.20
76.20
76.20
76.20
76.20
76.20
76.20
76.20
76.20
76.20
76.20
101.60
76.20
76.20
76.20
152.40
76.20
76.20
76.20
76.20
76.20
76.20
76.20
76.20
76.20
101.60
76.20
101.60
76.20
76.20
76.20
76.20
152.40
76.20
76.20
76.20
152.40
76.20
76.20
76.20
76.20
76.20
76.20
76.20
76.20
76.20
76.20
76.20
152.40
76.20
76.20
76.20
76.20
76.20
76.20
76.20
152.40
76.20
101.60
76.20
76.20
76.20
76.20
76.20
76.20
76.20
76.20
76.20
76.20
76.20
76.20
76.20
76.20
101.60
76.20
101.60
76.20
76.20
76.20
76.20
76.20
76.20
76.20
76.20
76.20
76.20
76.20
76.20
76.20
76.20
76.20
76.20
76.20
101.60
76.20
76.20
76.20
76.20
76.20
76.20
76.20
76.20
76.20
76.20
76.20
76.20
76.20
76.20
101.60
76.20
152.40
76.20
76.20
76.20
76.20
76.20
76.20
76.20
76.20
76.20
76.20
76.20
76.20
76.20
76.20
152.40
76.20
76.20
76.20
76.20
76.20
152.40
76.20
76.20
152.40
76.20
76.20
76.20
76.20
76.20
76.20
76.20
152.40
76.20
76.20
76.20
76.20
76.20
76.20
76.20
76.20
76.20
76.20
76.20
76.20
76.20
76.20
76.20
76.20
76.20
76.20
152.40
152.40
76.20
76.20
101.60
76.20
76.20
76.20
76.20
76.20
76.20
152.40
76.20
76.20
76.20
76.20
76.20
76.20
76.20
152.40
76.20
76.20
76.20
76.20
76.20
76.20
76.20
76.20
76.20
76.20
76.20
76.20
76.20
76.20
152.40
76.20
76.20
76.20
76.20
76.20
152.40
76.20
76.20
152.40
101.60
76.20
101.60
152.40
76.20
76.20
76.20
76.20
152.40
76.20
152.40
76.20
101.60
76.20
76.20
76.20
76.20
76.20
76.20
76.20
76.20
152.40
76.20
76.20
76.20
76.20
76.20
76.20
76.20
76.20
76.20
76.20
76.20
76.20
76.20
76.20
76.20
76.20
76.20
76.20
76.20
76.20
76.20
152.40
76.20
76.20
101.60
152.40
76.20
76.20
76.20
76.20
76.20
76.20
76.20
76.20
76.20
76.20
76.20
76.20
76.20
76.20
76.20
101.60
76.20
152.40
76.20
76.20
76.20
76.20
76.20
76.20
76.20
76.20
76.20
76.20
76.20
76.20
76.20
76.20
76.20
76.20
76.20
76.20
76.20
76.20
76.20
76.20
101.60
76.20
76.20
76.20
76.20
76.20
76.20
76.20
101.60
76.20
76.20
76.20
76.20
76.20
76.20
76.20
76.20
76.20
76.20
76.20
76.20
76.20
76.20
76.20
76.20
76.20
76.20
76.20
76.20
76.20
152.40
76.20
76.20
76.20
101.60
76.20
76.20
76.20
76.20
76.20
76.20
76.20
76.20
76.20
101.60
76.20
76.20
76.20
101.60
76.20
76.20
76.20
152.40
76.20
76.20
76.20
76.20
152.40
76.20
76.20
76.20
76.20
76.20
152.40
101.60
101.60
152.40
76.20
76.20
76.20
76.20
76.20
76.20
76.20
152.40
152.40
76.20
76.20
76.20
101.60
101.60
76.20
76.20
152.40
76.20
76.20
101.60
101.60
152.40
76.20
76.20
76.20
76.20
152.40
76.20
76.20
76.20
76.20
76.20
76.20
76.20
76.20
76.20
76.20
76.20
76.20
152.40
76.20
76.20
76.20
76.20
76.20
76.20
152.40
152.40
76.20
76.20
76.20
76.20
76.20
101.60
76.20
76.20
76.20
76.20
152.40
76.20
76.20
76.20
76.20
76.20
76.20
76.20
152.40
76.20
152.40
152.40
101.60
203.20
152.40
76.20
76.20
76.20
76.20
76.20
152.40
152.40
76.20
152.40
76.20
76.20
152.40
76.20
76.20
152.40
76.20
152.40
76.20
76.20
76.20
76.20
76.20
76.20
76.20
76.20
203.20
152.40
76.20
152.40
76.20
76.20
76.20
152.40
76.20
76.20
76.20
76.20
76.20
76.20
76.20
76.20
152.40
76.20
76.20
152.40
76.20
76.20
76.20
76.20
76.20
76.20
152.40
76.20
76.20
76.20
76.20
76.20
76.20
76.20
76.20
76.20
76.20
76.20
76.20
76.20
76.20
76.20
76.20
76.20
76.20
76.20
76.20
76.20
152.40
76.20
76.20
76.20
101.60
76.20
152.40
76.20
76.20
76.20
152.40
152.40
76.20
76.20
76.20
76.20
76.20
76.20
76.20
152.40
76.20
76.20
76.20
152.40
76.20
76.20
76.20
76.20
76.20
152.40
76.20
76.20
76.20
76.20
76.20
76.20
76.20
76.20
76.20
76.20
76.20
76.20
76.20
76.20
76.20
76.20
76.20
152.40
76.20
203.20
152.40
76.20
76.20
152.40
76.20
76.20
76.20
76.20
76.20
76.20
152.40
152.40
76.20
76.20
76.20
152.40
76.20
76.20
76.20
152.40
76.20
76.20
101.60
76.20
76.20
76.20
152.40
76.20
76.20
76.20
76.20
76.20
76.20
76.20
152.40
76.20
101.60
152.40
76.20
76.20
76.20
76.20
76.20
152.40
76.20
76.20
76.20
152.40
76.20
76.20
76.20
76.20
76.20
76.20
76.20
152.40
76.20
76.20
76.20
152.40
76.20
76.20
76.20
76.20
76.20
76.20
76.20
152.40
76.20
101.60
76.20
76.20
76.20
76.20
76.20
76.20
76.20
76.20
76.20
76.20
76.20
76.20
76.20
76.20
101.60
76.20
101.60
76.20
76.20
76.20
76.20
76.20
76.20
76.20
76.20
76.20
152.40
76.20
76.20
76.20
76.20
76.20
76.20
152.40
152.40
76.20
76.20
76.20
76.20
152.40
76.20
76.20
152.40
76.20
76.20
76.20
76.20
76.20
76.20
101.60
152.40
76.20
76.20
76.20
76.20
76.20
76.20
76.20
76.20
76.20
76.20
76.20
76.20
76.20
76.20
152.40
152.40
76.20
76.20
76.20
76.20
76.20
152.40
76.20
76.20
152.40
76.20
152.40
76.20
76.20
76.20
76.20
76.20
152.40
76.20
76.20
152.40
76.20
76.20
76.20
76.20
152.40
76.20
76.20
76.20
76.20
76.20
76.20
76.20
76.20
76.20
76.20
152.40
152.40
76.20
76.20
101.60
152.40
76.20
76.20
76.20
76.20
76.20
76.20
76.20
76.20
76.20
76.20
76.20
76.20
152.40
152.40
76.20
76.20
76.20
76.20
76.20
76.20
76.20
76.20
76.20
76.20
76.20
76.20
76.20
76.20
152.40
76.20
152.40
76.20
76.20
76.20
152.40
76.20
76.20
152.40
101.60
76.20
101.60
152.40
76.20
76.20
76.20
76.20
152.40
76.20
152.40
152.40
101.60
76.20
76.20
76.20
76.20
76.20
152.40
76.20
76.20
152.40
76.20
76.20
76.20
76.20
76.20
76.20
76.20
76.20
76.20
76.20
76.20
76.20
76.20
152.40
76.20
76.20
76.20
76.20
76.20
76.20
76.20
152.40
76.20
76.20
101.60
152.40
76.20
76.20
76.20
76.20
76.20
76.20
76.20
76.20
76.20
76.20
152.40
76.20
152.40
76.20
76.20
76.20
76.20
152.40
76.20
76.20
76.20
76.20
76.20
76.20
76.20
76.20
76.20
76.20
76.20
76.20
76.20
76.20
76.20
152.40
76.20
76.20
76.20
76.20
76.20
76.20
101.60
76.20
76.20
76.20
76.20
152.40
76.20
76.20
101.60
76.20
76.20
152.40
152.40
76.20
76.20
152.40
152.40
76.20
76.20
76.20
76.20
76.20
76.20
76.20
76.20
76.20
76.20
76.20
76.20
76.20
152.40
152.40
76.20
76.20
101.60
76.20
76.20
76.20
76.20
152.40
76.20
76.20
76.20
76.20
101.60
76.20
76.20
76.20
101.60
76.20
76.20
76.20
152.40
76.20
76.20
76.20
76.20
76.20
76.20
152.40
76.20
76.20
76.20
152.40
101.60
101.60
152.40
76.20
76.20
76.20
76.20
76.20
76.20
76.20
152.40
152.40
76.20
76.20
76.20
101.60
101.60
76.20
76.20
152.40
76.20
76.20
101.60
101.60
152.40
76.20
76.20
76.20
76.20
152.40
76.20
76.20
76.20
76.20
76.20
76.20
76.20
76.20
76.20
76.20
152.40
76.20
152.40
76.20
76.20
152.40
76.20
152.40
76.20
76.20
152.40
76.20
76.20
76.20
76.20
76.20
152.40
76.20
76.20
76.20
76.20
152.40
152.40
76.20
76.20
76.20
76.20
76.20
76.20
152.40
76.20
152.40
152.40
101.60
203.20
152.40
76.20
76.20
76.20
76.20
152.40
152.40
152.40
76.20
152.40
76.20
76.20
152.40
76.20
76.20
152.40
76.20
152.40
76.20
76.20
76.20
76.20
76.20
76.20
76.20
76.20
203.20
152.40
76.20
152.40
76.20
76.20
76.20
152.40
76.20
76.20
76.20
152.40
152.40
76.20
76.20
76.20
76.20
76.20
76.20
152.40
76.20
76.20
76.20
76.20
76.20
76.20
152.40
76.20
76.20
76.20
76.20
76.20
76.20
76.20
76.20
76.20
76.20
76.20
76.20
76.20
152.40
76.20
76.20
76.20
76.20
76.20
76.20
76.20
152.40
152.40
76.20
76.20
101.60
76.20
152.40
76.20
76.20
76.20
152.40
152.40
76.20
76.20
76.20
76.20
76.20
76.20
76.20
152.40
76.20
76.20
76.20
152.40
76.20
76.20
76.20
76.20
76.20
152.40
76.20
76.20
76.20
76.20
76.20
76.20
152.40
76.20
76.20
76.20
76.20
76.20
76.20
152.40
76.20
76.20
76.20
152.40
76.20
203.20
152.40
76.20
152.40
152.40
76.20
76.20
76.20
76.20
76.20
76.20
152.40
152.40
76.20
76.20
76.20
152.40
152.40
76.20
76.20
152.40
76.20
152.40
101.60
76.20
152.40
76.20
152.40
76.20
76.20
76.20
76.20
76.20
76.20
76.20
152.40
76.20
76.20
152.40
76.20
152.40
76.20
76.20
76.20
152.40
76.20
76.20
76.20
76.20
76.20
76.20
76.20
76.20
76.20
76.20
76.20
152.40
76.20
76.20
76.20
152.40
76.20
76.20
152.40
76.20
76.20
76.20
76.20
152.40
152.40
101.60
76.20
152.40
76.20
76.20
152.40
76.20
76.20
76.20
76.20
76.20
76.20
76.20
76.20
76.20
101.60
76.20
101.60
76.20
76.20
76.20
76.20
76.20
152.40
76.20
76.20
76.20
152.40
76.20
76.20
76.20
76.20
76.20
76.20
152.40
152.40
76.20
76.20
152.40
76.20
152.40
76.20
76.20
152.40
76.20
76.20
76.20
76.20
76.20
76.20
101.60
152.40
76.20
76.20
76.20
76.20
76.20
76.20
76.20
76.20
76.20
76.20
76.20
76.20
152.40
76.20
76.20
152.40
76.20
152.40
76.20
76.20
76.20
152.40
76.20
76.20
152.40
76.20
152.40
76.20
76.20
76.20
76.20
76.20
152.40
76.20
76.20
152.40
76.20
76.20
76.20
76.20
152.40
76.20
76.20
76.20
76.20
76.20
76.20
76.20
76.20
76.20
152.40
152.40
152.40
76.20
76.20
101.60
152.40
76.20
76.20
76.20
76.20
76.20
76.20
76.20
76.20
76.20
76.20
76.20
76.20
152.40
152.40
76.20
76.20
76.20
76.20
76.20
76.20
76.20
76.20
76.20
76.20
152.40
76.20
76.20
76.20
152.40
76.20
152.40
152.40
76.20
76.20
152.40
152.40
76.20
152.40
101.60
76.20
101.60
76.20
76.20
76.20
76.20
76.20
152.40
76.20
76.20
152.40
101.60
76.20
76.20
76.20
76.20
76.20
76.20
76.20
152.40
152.40
76.20
76.20
76.20
152.40
76.20
76.20
76.20
76.20
76.20
76.20
76.20
76.20
76.20
152.40
76.20
76.20
76.20
76.20
76.20
76.20
76.20
152.40
76.20
76.20
101.60
152.40
76.20
76.20
76.20
76.20
76.20
76.20
76.20
76.20
76.20
76.20
152.40
76.20
152.40
76.20
76.20
76.20
76.20
152.40
76.20
76.20
152.40
76.20
152.40
76.20
76.20
76.20
76.20
76.20
76.20
76.20
76.20
76.20
76.20
152.40
152.40
76.20
76.20
76.20
76.20
76.20
101.60
76.20
76.20
76.20
76.20
152.40
152.40
76.20
101.60
76.20
76.20
152.40
152.40
76.20
76.20
152.40
76.20
76.20
76.20
76.20
76.20
76.20
76.20
76.20
76.20
76.20
76.20
76.20
76.20
76.20
152.40
152.40
76.20
76.20
101.60
76.20
76.20
76.20
76.20
152.40
152.40
152.40
76.20
76.20
101.60
76.20
76.20
76.20
101.60
76.20
152.40
76.20
152.40
76.20
76.20
76.20
152.40
76.20
76.20
152.40
152.40
76.20
76.20
152.40
76.20
101.60
152.40
76.20
76.20
76.20
76.20
76.20
76.20
76.20
152.40
152.40
76.20
76.20
76.20
152.40
101.60
76.20
76.20
152.40
76.20
76.20
101.60
101.60
152.40
76.20
76.20
76.20
152.40
152.40
152.40
76.20
76.20
76.20
76.20
76.20
76.20
76.20
76.20
76.20
76.20
76.20
152.40
76.20
76.20
152.40
76.20
152.40
76.20
76.20
152.40
76.20
76.20
76.20
76.20
76.20
152.40
76.20
76.20
76.20
76.20
152.40
152.40
76.20
76.20
76.20
76.20
152.40
152.40
152.40
76.20
152.40
152.40
101.60
203.20
152.40
76.20
76.20
76.20
76.20
152.40
152.40
152.40
76.20
152.40
76.20
76.20
76.20
76.20
152.40
152.40
76.20
76.20
152.40
76.20
76.20
76.20
152.40
76.20
76.20
76.20
203.20
76.20
152.40
76.20
152.40
76.20
76.20
152.40
76.20
76.20
152.40
76.20
76.20
76.20
76.20
152.40
76.20
76.20
152.40
76.20
76.20
76.20
152.40
152.40
152.40
76.20
76.20
76.20
76.20
76.20
76.20
76.20
76.20
76.20
76.20
76.20
76.20
76.20
76.20
76.20
152.40
152.40
76.20
76.20
152.40
76.20
76.20
76.20
76.20
76.20
76.20
76.20
101.60
76.20
152.40
76.20
76.20
76.20
152.40
76.20
152.40
76.20
76.20
76.20
76.20
152.40
76.20
76.20
76.20
76.20
76.20
152.40
76.20
76.20
76.20
76.20
76.20
152.40
76.20
76.20
76.20
152.40
76.20
76.20
152.40
76.20
76.20
76.20
152.40
76.20
76.20
152.40
76.20
152.40
152.40
76.20
76.20
203.20
76.20
76.20
152.40
76.20
76.20
76.20
76.20
152.40
152.40
152.40
152.40
152.40
152.40
76.20
152.40
152.40
76.20
152.40
76.20
152.40
76.20
76.20
101.60
76.20
76.20
76.20
76.20
76.20
76.20
76.20
76.20
76.20
152.40
152.40
152.40
76.20
76.20
76.20
76.20
76.20
152.40
76.20
76.20
76.20
152.40
76.20
76.20
76.20
76.20
76.20
76.20
152.40
76.20
152.40
152.40
152.40
76.20
76.20
152.40
76.20
76.20
76.20
76.20
76.20
76.20
76.20
152.40
76.20
76.20
101.60
76.20
76.20
76.20
152.40
76.20
76.20
76.20
76.20
152.40
76.20
76.20
76.20
76.20
152.40
76.20
152.40
76.20
152.40
76.20
76.20
152.40
152.40
152.40
152.40
152.40
76.20
76.20
152.40
152.40
152.40
76.20
152.40
76.20
152.40
152.40
76.20
152.40
152.40
152.40
76.20
76.20
76.20
76.20
76.20
76.20
76.20
76.20
152.40
76.20
76.20
152.40
76.20
76.20
76.20
152.40
76.20
76.20
152.40
76.20
152.40
76.20
76.20
76.20
76.20
76.20
152.40
76.20
152.40
76.20
152.40
76.20
76.20
152.40
76.20
152.40
152.40
76.20
152.40
76.20
76.20
152.40
76.20
152.40
152.40
76.20
76.20
152.40
76.20
76.20
76.20
152.40
76.20
76.20
152.40
152.40
152.40
152.40
76.20
152.40
152.40
76.20
76.20
152.40
152.40
76.20
76.20
152.40
152.40
76.20
152.40
76.20
76.20
76.20
76.20
76.20
76.20
152.40
152.40
76.20
152.40
76.20
76.20
76.20
76.20
152.40
152.40
76.20
76.20
76.20
152.40
76.20
76.20
152.40
76.20
76.20
152.40
152.40
76.20
152.40
152.40
76.20
76.20
76.20
76.20
76.20
152.40
76.20
152.40
101.60
152.40
76.20
76.20
152.40
76.20
76.20
152.40
76.20
76.20
76.20
76.20
76.20
76.20
152.40
152.40
76.20
152.40
152.40
76.20
76.20
76.20
76.20
152.40
76.20
76.20
152.40
76.20
76.20
76.20
76.20
76.20
76.20
76.20
152.40
152.40
76.20
152.40
76.20
76.20
76.20
152.40
76.20
76.20
152.40
76.20
152.40
76.20
76.20
76.20
152.40
76.20
152.40
76.20
76.20
152.40
76.20
76.20
152.40
76.20
76.20
76.20
76.20
76.20
76.20
76.20
76.20
152.40
76.20
76.20
152.40
152.40
76.20
76.20
152.40
76.20
76.20
76.20
76.20
76.20
76.20
152.40
152.40
76.20
76.20
76.20
152.40
76.20
76.20
76.20
76.20
152.40
76.20
76.20
76.20
152.40
76.20
152.40
76.20
76.20
152.40
76.20
152.40
152.40
76.20
76.20
76.20
76.20
76.20
76.20
76.20
152.40
76.20
76.20
152.40
152.40
76.20
76.20
76.20
152.40
76.20
76.20
76.20
76.20
76.20
76.20
152.40
152.40
152.40
152.40
76.20
76.20
152.40
76.20
152.40
76.20
152.40
152.40
152.40
76.20
76.20
76.20
152.40
152.40
152.40
76.20
76.20
76.20
76.20
76.20
152.40
101.60
76.20
76.20
76.20
76.20
76.20
152.40
76.20
76.20
152.40
76.20
76.20
76.20
76.20
76.20
152.40
76.20
76.20
152.40
76.20
152.40
152.40
101.60
152.40
76.20
76.20
76.20
76.20
152.40
76.20
152.40
76.20
76.20
152.40
76.20
76.20
76.20
152.40
152.40
76.20
76.20
76.20
76.20
76.20
152.40
76.20
76.20
76.20
76.20
76.20
76.20
76.20
152.40
76.20
152.40
152.40
76.20
152.40
76.20
152.40
76.20
152.40
76.20
76.20
152.40
152.40
152.40
152.40
152.40
76.20
152.40
152.40
101.60
203.20
152.40
152.40
152.40
76.20
76.20
76.20
76.20
152.40
76.20
152.40
76.20
76.20
152.40
76.20
152.40
152.40
76.20
76.20
76.20
76.20
76.20
152.40
76.20
152.40
152.40
76.20
152.40
152.40
76.20
152.40
76.20
76.20
76.20
76.20
152.40
76.20
152.40
76.20
76.20
76.20
76.20
76.20
152.40
152.40
152.40
152.40
76.20
76.20
76.20
76.20
152.40
76.20
76.20
152.40
76.20
76.20
152.40
76.20
152.40
76.20
76.20
152.40
152.40
76.20
152.40
152.40
76.20
152.40
76.20
76.20
76.20
152.40
152.40
76.20
76.20
152.40
76.20
152.40
152.40
152.40
152.40
76.20
76.20
152.40
76.20
76.20
76.20
152.40
76.20
76.20
76.20
76.20
76.20
76.20
76.20
76.20
76.20
76.20
76.20
76.20
76.20
76.20
76.20
152.40
152.40
76.20
152.40
152.40
76.20
152.40
76.20
76.20
152.40
76.20
152.40
152.40
76.20
152.40
152.40
76.20
76.20
76.20
76.20
152.40
76.20
152.40
152.40
152.40
152.40
152.40
76.20
152.40
76.20
152.40
76.20
76.20
152.40
152.40
152.40
152.40
152.40
76.20
152.40
76.20
76.20
152.40
152.40
76.20
76.20
152.40
152.40
152.40
76.20
76.20
76.20
76.20
152.40
76.20
76.20
76.20
76.20
76.20
152.40
76.20
152.40
152.40
76.20
76.20
152.40
152.40
76.20
76.20
152.40
152.40
152.40
76.20
152.40
76.20
76.20
152.40
76.20
152.40
152.40
152.40
152.40
76.20
76.20
76.20
76.20
76.20
152.40
152.40
76.20
76.20
152.40
76.20
76.20
152.40
152.40
76.20
76.20
76.20
152.40
152.40
152.40
76.20
76.20
76.20
76.20
76.20
76.20
76.20
152.40
76.20
152.40
152.40
76.20
76.20
152.40
76.20
76.20
152.40
152.40
152.40
152.40
152.40
76.20
152.40
152.40
152.40
152.40
76.20
152.40
152.40
76.20
76.20
76.20
76.20
76.20
76.20
152.40
152.40
76.20
76.20
152.40
76.20
76.20
76.20
152.40
76.20
152.40
76.20
76.20
152.40
76.20
152.40
76.20
76.20
76.20
152.40
152.40
76.20
76.20
76.20
76.20
152.40
76.20
76.20
152.40
76.20
76.20
152.40
76.20
152.40
152.40
152.40
76.20
76.20
152.40
76.20
76.20
76.20
76.20
76.20
76.20
76.20
152.40
152.40
152.40
76.20
152.40
152.40
152.40
76.20
76.20
76.20
76.20
152.40
76.20
152.40
152.40
76.20
152.40
152.40
152.40
152.40
76.20
76.20
76.20
152.40
152.40
76.20
76.20
152.40
76.20
76.20
76.20
152.40
152.40
152.40
152.40
76.20
152.40
152.40
152.40
76.20
76.20
76.20
152.40
152.40
76.20
76.20
76.20
76.20
152.40
76.20
76.20
152.40
76.20
76.20
76.20
152.40
76.20
76.20
76.20
152.40
152.40
76.20
76.20
152.40
152.40
76.20
76.20
152.40
152.40
76.20
152.40
76.20
76.20
76.20
152.40
152.40
152.40
152.40
152.40
76.20
76.20
152.40
76.20
152.40
76.20
76.20
152.40
152.40
76.20
76.20
152.40
152.40
152.40
76.20
152.40
152.40
152.40
152.40
76.20
76.20
152.40
152.40
76.20
152.40
76.20
152.40
76.20
152.40
152.40
76.20
76.20
76.20
76.20
76.20
76.20
152.40
76.20
76.20
76.20
152.40
76.20
76.20
152.40
76.20
76.20
76.20
152.40
152.40
152.40
76.20
76.20
76.20
76.20
152.40
76.20
76.20
76.20
152.40
152.40
76.20
76.20
76.20
152.40
152.40
152.40
76.20
152.40
152.40
76.20
152.40
76.20
152.40
152.40
76.20
152.40
152.40
152.40
76.20
152.40
76.20
76.20
76.20
76.20
152.40
76.20
76.20
76.20
76.20
152.40
76.20
76.20
152.40
76.20
152.40
76.20
76.20
152.40
76.20
76.20
152.40
76.20
152.40
76.20
76.20
152.40
152.40
152.40
152.40
152.40
76.20
76.20
76.20
152.40
76.20
152.40
152.40
152.40
76.20
152.40
76.20
76.20
152.40
76.20
76.20
76.20
152.40
152.40
76.20
152.40
76.20
152.40
152.40
76.20
152.40
76.20
76.20
152.40
76.20
152.40
152.40
152.40
152.40
76.20
76.20
152.40
152.40
76.20
152.40
152.40
152.40
152.40
152.40
152.40
76.20
152.40
76.20
76.20
152.40
152.40
76.20
76.20
76.20
152.40
76.20
152.40
76.20
76.20
76.20
76.20
76.20
76.20
76.20
76.20
152.40
76.20
152.40
76.20
76.20
76.20
152.40
152.40
152.40
152.40
76.20
76.20
76.20
152.40
76.20
76.20
76.20
152.40
76.20
152.40
152.40
152.40
152.40
152.40
152.40
152.40
76.20
152.40
76.20
152.40
76.20
152.40
76.20
152.40
76.20
152.40
76.20
76.20
76.20
76.20
76.20
152.40
152.40
152.40
152.40
152.40
76.20
152.40
76.20
152.40
76.20
152.40
152.40
76.20
152.40
76.20
76.20
152.40
76.20
76.20
152.40
76.20
152.40
76.20
152.40
152.40
76.20
76.20
152.40
152.40
152.40
76.20
76.20
76.20
76.20
152.40
76.20
76.20
76.20
152.40
152.40
76.20
152.40
76.20
152.40
76.20
76.20
76.20
152.40
76.20
152.40
76.20
76.20
152.40
152.40
152.40
152.40
152.40
76.20
152.40
152.40
76.20
76.20
152.40
76.20
76.20
152.40
152.40
76.20
76.20
76.20
76.20
76.20
152.40
76.20
76.20
76.20
76.20
76.20
152.40
76.20
152.40
152.40
76.20
76.20
152.40
76.20
76.20
76.20
76.20
76.20
76.20
152.40
152.40
76.20
76.20
76.20
76.20
76.20
152.40
152.40
152.40
76.20
152.40
76.20
76.20
76.20
152.40
76.20
152.40
76.20
76.20
76.20
152.40
152.40
76.20
76.20
76.20
152.40
152.40
152.40
152.40
76.20
152.40
152.40
152.40
152.40
152.40
152.40
152.40
152.40
76.20
152.40
152.40
76.20
76.20
152.40
152.40
76.20
152.40
152.40
76.20
152.40
152.40
152.40
152.40
76.20
152.40
152.40
152.40
152.40
152.40
152.40
152.40
152.40
152.40
76.20
152.40
76.20
152.40
76.20
152.40
76.20
76.20
152.40
152.40
76.20
152.40
76.20
76.20
152.40
152.40
76.20
76.20
76.20
76.20
76.20
76.20
152.40
76.20
76.20
76.20
76.20
76.20
76.20
152.40
152.40
76.20
152.40
76.20
76.20
76.20
152.40
76.20
76.20
76.20
152.40
76.20
152.40
152.40
152.40
76.20
76.20
152.40
76.20
76.20
152.40
76.20
152.40
76.20
152.40
152.40
152.40
152.40
152.40
76.20
76.20
152.40
152.40
152.40
76.20
76.20
76.20
76.20
152.40
152.40
76.20
152.40
152.40
152.40
152.40
76.20
152.40
76.20
152.40
152.40
152.40
76.20
76.20
152.40
152.40
152.40
76.20
152.40
152.40
152.40
76.20
152.40
152.40
152.40
152.40
152.40
152.40
152.40
152.40
76.20
76.20
76.20
76.20
152.40
76.20
76.20
76.20
76.20
152.40
152.40
76.20
152.40
152.40
76.20
76.20
76.20
76.20
76.20
76.20
76.20
152.40
76.20
76.20
152.40
152.40
76.20
76.20
152.40
152.40
152.40
152.40
152.40
152.40
152.40
152.40
76.20
76.20
76.20
152.40
76.20
76.20
152.40
152.40
152.40
152.40
152.40
152.40
152.40
152.40
76.20
76.20
76.20
76.20
152.40
152.40
76.20
76.20
152.40
152.40
76.20
152.40
152.40
152.40
76.20
76.20
76.20
76.20
76.20
76.20
152.40
152.40
76.20
76.20
76.20
76.20
76.20
152.40
76.20
76.20
76.20
76.20
76.20
152.40
76.20
76.20
152.40
152.40
152.40
76.20
152.40
76.20
152.40
76.20
152.40
152.40
76.20
152.40
152.40
152.40
152.40
76.20
76.20
152.40
152.40
76.20
76.20
76.20
152.40
152.40
152.40
76.20
152.40
76.20
76.20
76.20
76.20
76.20
76.20
76.20
152.40
152.40
76.20
152.40
76.20
152.40
76.20
152.40
152.40
76.20
76.20
76.20
152.40
152.40
152.40
152.40
152.40
76.20
76.20
76.20
152.40
152.40
76.20
152.40
76.20
76.20
152.40
152.40
152.40
76.20
152.40
76.20
152.40
152.40
76.20
76.20
152.40
152.40
76.20
152.40
152.40
76.20
76.20
152.40
152.40
76.20
152.40
76.20
76.20
76.20
76.20
76.20
76.20
76.20
76.20
152.40
152.40
152.40
152.40
76.20
152.40
76.20
152.40
76.20
152.40
76.20
152.40
76.20
152.40
152.40
152.40
76.20
76.20
152.40
76.20
152.40
152.40
152.40
152.40
76.20
152.40
76.20
76.20
76.20
76.20
76.20
76.20
152.40
76.20
76.20
152.40
76.20
152.40
152.40
152.40
152.40
76.20
152.40
76.20
76.20
152.40
152.40
152.40
76.20
152.40
76.20
76.20
152.40
152.40
152.40
76.20
76.20
152.40
152.40
152.40
152.40
152.40
152.40
76.20
152.40
76.20
152.40
152.40
76.20
152.40
152.40
76.20
76.20
152.40
76.20
152.40
76.20
76.20
152.40
152.40
76.20
152.40
76.20
76.20
152.40
152.40
76.20
152.40
76.20
76.20
76.20
76.20
152.40
76.20
76.20
152.40
76.20
76.20
76.20
76.20
152.40
152.40
152.40
76.20
76.20
76.20
76.20
76.20
152.40
152.40
76.20
152.40
152.40
152.40
76.20
152.40
152.40
152.40
152.40
152.40
76.20
76.20
152.40
152.40
76.20
76.20
76.20
152.40
152.40
76.20
76.20
76.20
152.40
76.20
152.40
76.20
76.20
152.40
76.20
152.40
152.40
76.20
76.20
76.20
152.40
152.40
152.40
76.20
76.20
76.20
152.40
76.20
76.20
152.40
76.20
76.20
76.20
152.40
76.20
152.40
152.40
152.40
152.40
76.20
76.20
76.20
76.20
152.40
76.20
76.20
76.20
152.40
152.40
152.40
76.20
76.20
152.40
152.40
152.40
76.20
152.40
152.40
76.20
76.20
76.20
152.40
76.20
152.40
76.20
76.20
76.20
76.20
76.20
76.20
76.20
76.20
76.20
76.20
152.40
76.20
76.20
152.40
152.40
152.40
76.20
152.40
76.20
152.40
152.40
76.20
76.20
76.20
152.40
152.40
152.40
152.40
152.40
76.20
152.40
152.40
152.40
152.40
152.40
76.20
152.40
76.20
76.20
152.40
76.20
152.40
76.20
152.40
76.20
76.20
152.40
76.20
76.20
76.20
76.20
152.40
152.40
76.20
152.40
76.20
76.20
152.40
152.40
76.20
152.40
152.40
76.20
76.20
152.40
152.40
152.40
76.20
152.40
76.20
152.40
152.40
152.40
152.40
152.40
152.40
152.40
76.20
76.20
152.40
76.20
76.20
152.40
152.40
76.20
152.40
76.20
76.20
152.40
152.40
152.40
152.40
76.20
152.40
76.20
152.40
76.20
76.20
152.40
76.20
152.40
152.40
152.40
152.40
152.40
152.40
76.20
152.40
76.20
152.40
152.40
152.40
152.40
76.20
152.40
76.20
152.40
152.40
152.40
76.20
76.20
76.20
76.20
152.40
152.40
76.20
152.40
76.20
152.40
152.40
76.20
152.40
152.40
152.40
76.20
152.40
152.40
152.40
152.40
76.20
76.20
76.20
152.40
152.40
76.20
406.40
76.20
152.40
152.40
76.20
152.40
152.40
76.20
76.20
76.20
152.40
76.20
76.20
76.20
152.40
76.20
152.40
76.20
76.20
76.20
152.40
152.40
152.40
76.20
152.40
76.20
152.40
76.20
76.20
76.20
76.20
76.20
152.40
152.40
76.20
152.40
152.40
76.20
76.20
152.40
152.40
152.40
76.20
76.20
152.40
152.40
152.40
152.40
152.40
76.20
76.20
76.20
76.20
152.40
76.20
76.20
76.20
76.20
76.20
152.40
76.20
76.20
152.40
152.40
76.20
76.20
76.20
152.40
76.20
76.20
76.20
152.40
152.40
76.20
152.40
152.40
152.40
76.20
152.40
76.20
152.40
152.40
76.20
152.40
76.20
76.20
76.20
76.20
152.40
152.40
76.20
76.20
76.20
152.40
152.40
76.20
76.20
152.40
152.40
76.20
76.20
152.40
152.40
76.20
76.20
152.40
76.20
76.20
76.20
76.20
76.20
152.40
76.20
152.40
76.20
76.20
76.20
152.40
76.20
152.40
76.20
152.40
76.20
76.20
76.20
76.20
76.20
152.40
76.20
76.20
76.20
304.80
152.40
76.20
76.20
152.40
152.40
76.20
76.20
76.20
76.20
76.20
76.20
76.20
152.40
76.20
152.40
76.20
76.20
152.40
152.40
76.20
76.20
76.20
152.40
152.40
76.20
152.40
76.20
76.20
76.20
76.20
76.20
76.20
76.20
152.40
76.20
152.40
76.20
152.40
76.20
76.20
152.40
152.40
152.40
76.20
76.20
152.40
76.20
76.20
152.40
152.40
76.20
76.20
152.40
76.20
152.40
76.20
76.20
76.20
152.40
76.20
76.20
152.40
76.20
76.20
152.40
76.20
152.40
152.40
76.20
152.40
76.20
152.40
76.20
152.40
152.40
152.40
76.20
76.20
152.40
152.40
152.40
76.20
152.40
152.40
152.40
152.40
76.20
152.40
152.40
152.40
152.40
76.20
76.20
76.20
76.20
152.40
76.20
152.40
152.40
152.40
152.40
152.40
152.40
152.40
76.20
76.20
152.40
76.20
152.40
152.40
76.20
76.20
76.20
76.20
152.40
76.20
76.20
76.20
152.40
76.20
152.40
152.40
76.20
76.20
76.20
76.20
76.20
152.40
76.20
152.40
76.20
152.40
152.40
76.20
76.20
76.20
76.20
152.40
152.40
76.20
76.20
76.20
76.20
152.40
152.40
152.40
76.20
76.20
152.40
152.40
76.20
76.20
152.40
152.40
76.20
152.40
76.20
76.20
152.40
76.20
76.20
76.20
152.40
152.40
152.40
152.40
76.20
152.40
76.20
152.40
76.20
152.40
152.40
152.40
76.20
76.20
76.20
152.40
76.20
152.40
76.20
76.20
152.40
76.20
152.40
76.20
76.20
76.20
152.40
152.40
152.40
152.40
76.20
76.20
76.20
152.40
152.40
76.20
76.20
76.20
76.20
76.20
152.40
76.20
76.20
152.40
152.40
76.20
76.20
152.40
152.40
152.40
152.40
76.20
76.20
76.20
76.20
76.20
152.40
152.40
76.20
76.20
76.20
152.40
152.40
76.20
76.20
76.20
76.20
152.40
76.20
152.40
152.40
152.40
152.40
152.40
76.20
152.40
152.40
76.20
152.40
152.40
152.40
152.40
76.20
152.40
152.40
76.20
76.20
152.40
76.20
76.20
76.20
152.40
152.40
152.40
304.80
203.20
76.20
457.20
101.60
203.20
762.00
152.40
101.60
914.40
101.60
304.80
914.40
254.00
152.40
203.20
508.00
508.00
457.20
508.00
762.00
406.40
152.40
76.20
203.20
101.60
101.60
406.40
254.00
203.20
762.00
762.00
508.00
457.20
101.60
406.40
457.20
355.60
355.60
355.60
203.20
203.20
508.00
609.60
304.80
355.60
76.20
508.00
508.00
457.20
762.00
203.20
609.60
508.00
355.60
152.40
101.60
609.60
762.00
609.60
101.60
101.60
406.40
152.40
406.40
76.20
609.60
609.60
762.00
609.60
762.00
254.00
304.80
254.00
304.80
76.20
355.60
457.20
406.40
304.80
914.40
101.60
609.60
914.40
355.60
304.80
254.00
101.60
304.80
355.60
152.40
355.60
203.20
304.80
508.00
457.20
152.40
254.00
406.40
304.80
762.00
762.00
508.00
203.20
254.00
609.60
203.20
101.60
508.00
609.60
609.60
609.60
508.00
76.20
508.00
254.00
355.60
406.40
254.00
254.00
762.00
406.40
609.60
508.00
101.60
508.00
355.60
152.40
457.20
101.60
508.00
355.60
508.00
101.60
609.60
203.20
762.00
762.00
101.60
457.20
254.00
609.60
203.20
152.40
355.60
203.20
609.60
762.00
152.40
254.00
508.00
203.20
101.60
457.20
101.60
609.60
457.20
203.20
254.00
76.20
203.20
609.60
762.00
304.80
254.00
101.60
152.40
762.00
76.20
762.00
101.60
355.60
508.00
508.00
101.60
152.40
355.60
101.60
152.40
762.00
355.60
254.00
508.00
762.00
508.00
406.40
762.00
762.00
762.00
762.00
152.40
304.80
304.80
406.40
406.40
508.00
304.80
457.20
508.00
254.00
203.20
609.60
762.00
508.00
304.80
254.00
304.80
406.40
101.60
406.40
101.60
406.40
76.20
76.20
203.20
762.00
203.20
203.20
101.60
508.00
406.40
254.00
406.40
101.60
152.40
101.60
762.00
762.00
76.20
304.80
457.20
508.00
762.00
304.80
355.60
457.20
406.40
76.20
355.60
914.40
101.60
355.60
76.20
508.00
609.60
508.00
355.60
457.20
203.20
254.00
152.40
203.20
457.20
508.00
101.60
304.80
254.00
254.00
76.20
101.60
254.00
457.20
355.60
203.20
304.80
406.40
457.20
406.40
304.80
76.20
609.60
609.60
355.60
508.00
609.60
762.00
152.40
304.80
508.00
609.60
457.20
76.20
355.60
203.20
76.20
457.20
254.00
406.40
152.40
304.80
304.80
762.00
609.60
406.40
508.00
609.60
355.60
609.60
457.20
762.00
304.80
152.40
101.60
762.00
203.20
508.00
152.40
762.00
203.20
508.00
609.60
254.00
304.80
101.60
457.20
304.80
203.20
152.40
406.40
152.40
457.20
762.00
304.80
355.60
457.20
609.60
203.20
203.20
101.60
101.60
254.00
76.20
457.20
254.00
152.40
914.40
406.40
457.20
203.20
508.00
609.60
101.60
355.60
203.20
355.60
406.40
101.60
254.00
304.80
355.60
508.00
101.60
406.40
457.20
254.00
101.60
762.00
254.00
101.60
508.00
406.40
355.60
152.40
609.60
609.60
406.40
254.00
609.60
355.60
355.60
101.60
406.40
914.40
609.60
457.20
76.20
76.20
508.00
457.20
101.60
254.00
101.60
762.00
406.40
355.60
406.40
914.40
406.40
76.20
203.20
254.00
762.00
203.20
508.00
304.80
762.00
762.00
152.40
152.40
609.60
101.60
762.00
457.20
457.20
609.60
76.20
203.20
152.40
304.80
609.60
203.20
152.40
457.20
76.20
457.20
254.00
914.40
304.80
152.40
254.00
914.40
152.40
152.40
152.40
457.20
355.60
304.80
609.60
609.60
508.00
76.20
203.20
76.20
76.20
762.00
355.60
152.40
152.40
762.00
254.00
203.20
609.60
355.60
914.40
304.80
609.60
406.40
101.60
76.20
101.60
457.20
508.00
762.00
203.20
457.20
914.40
304.80
457.20
355.60
101.60
406.40
914.40
406.40
406.40
101.60
406.40
76.20
406.40
152.40
254.00
152.40
101.60
203.20
76.20
406.40
406.40
203.20
304.80
609.60
304.80
457.20
355.60
101.60
457.20
508.00
609.60
203.20
76.20
762.00
304.80
508.00
355.60
304.80
152.40
914.40
457.20
609.60
508.00
101.60
457.20
508.00
406.40
152.40
457.20
355.60
101.60
406.40
304.80
406.40
203.20
203.20
508.00
762.00
304.80
355.60
254.00
355.60
254.00
609.60
406.40
406.40
203.20
101.60
203.20
304.80
406.40
457.20
762.00
355.60
304.80
355.60
609.60
457.20
203.20
355.60
152.40
76.20
762.00
203.20
101.60
152.40
203.20
304.80
203.20
914.40
203.20
101.60
406.40
762.00
304.80
609.60
609.60
355.60
152.40
609.60
457.20
254.00
457.20
101.60
406.40
762.00
457.20
406.40
101.60
304.80
304.80
304.80
304.80
406.40
304.80
76.20
304.80
304.80
609.60
609.60
304.80
304.80
355.60
914.40
304.80
76.20
609.60
152.40
254.00
508.00
203.20
304.80
304.80
406.40
304.80
508.00
254.00
609.60
406.40
355.60
457.20
457.20
152.40
355.60
203.20
203.20
508.00
304.80
101.60
457.20
101.60
355.60
101.60
101.60
76.20
457.20
101.60
101.60
762.00
508.00
508.00
609.60
304.80
152.40
508.00
762.00
254.00
203.20
762.00
457.20
508.00
152.40
101.60
508.00
152.40
406.40
406.40
203.20
101.60
609.60
762.00
406.40
508.00
406.40
508.00
609.60
762.00
355.60
203.20
101.60
101.60
152.40
355.60
76.20
203.20
152.40
406.40
457.20
254.00
304.80
203.20
101.60
304.80
101.60
914.40
101.60
203.20
609.60
304.80
508.00
609.60
457.20
203.20
101.60
609.60
355.60
101.60
304.80
457.20
304.80
457.20
457.20
254.00
508.00
355.60
508.00
76.20
152.40
355.60
254.00
762.00
254.00
152.40
304.80
762.00
406.40
406.40
355.60
457.20
152.40
609.60
457.20
355.60
304.80
203.20
101.60
406.40
203.20
203.20
762.00
609.60
101.60
457.20
101.60
254.00
508.00
406.40
203.20
762.00
203.20
355.60
355.60
406.40
406.40
152.40
254.00
914.40
406.40
304.80
152.40
355.60
76.20
203.20
152.40
508.00
457.20
203.20
406.40
254.00
254.00
203.20
609.60
355.60
457.20
406.40
609.60
508.00
203.20
304.80
914.40
203.20
304.80
508.00
508.00
508.00
609.60
406.40
914.40
76.20
406.40
406.40
406.40
355.60
76.20
304.80
203.20
457.20
304.80
508.00
406.40
457.20
152.40
152.40
254.00
101.60
609.60
254.00
406.40
457.20
914.40
762.00
304.80
101.60
254.00
508.00
457.20
203.20
609.60
508.00
304.80
457.20
355.60
101.60
914.40
609.60
152.40
254.00
457.20
355.60
203.20
254.00
508.00
457.20
152.40
76.20
203.20
609.60
914.40
406.40
76.20
762.00
508.00
254.00
355.60
152.40
457.20
609.60
254.00
406.40
355.60
762.00
254.00
101.60
152.40
762.00
355.60
254.00
508.00
406.40
508.00
101.60
254.00
457.20
101.60
304.80
203.20
254.00
457.20
406.40
203.20
457.20
254.00
203.20
304.80
101.60
457.20
76.20
355.60
762.00
101.60
457.20
508.00
457.20
406.40
609.60
609.60
101.60
203.20
203.20
609.60
203.20
762.00
914.40
254.00
508.00
355.60
762.00
203.20
508.00
76.20
609.60
152.40
457.20
355.60
355.60
508.00
457.20
762.00
76.20
254.00
406.40
304.80
304.80
609.60
406.40
355.60
355.60
254.00
203.20
76.20
203.20
355.60
203.20
609.60
406.40
406.40
101.60
254.00
762.00
406.40
406.40
304.80
203.20
203.20
457.20
152.40
152.40
762.00
76.20
762.00
355.60
254.00
152.40
152.40
304.80
762.00
457.20
457.20
609.60
355.60
304.80
152.40
762.00
355.60
101.60
406.40
76.20
457.20
101.60
203.20
406.40
762.00
914.40
254.00
508.00
101.60
254.00
355.60
457.20
254.00
203.20
76.20
304.80
355.60
254.00
457.20
406.40
203.20
355.60
203.20
609.60
203.20
914.40
152.40
762.00
76.20
203.20
152.40
609.60
762.00
914.40
101.60
406.40
457.20
457.20
76.20
762.00
101.60
152.40
152.40
254.00
304.80
152.40
254.00
254.00
355.60
508.00
152.40
508.00
457.20
457.20
762.00
254.00
304.80
101.60
304.80
762.00
203.20
304.80
457.20
76.20
609.60
203.20
406.40
203.20
254.00
355.60
76.20
203.20
101.60
101.60
203.20
508.00
609.60
609.60
254.00
304.80
508.00
508.00
254.00
254.00
203.20
457.20
914.40
254.00
152.40
304.80
101.60
914.40
152.40
152.40
304.80
203.20
609.60
76.20
457.20
355.60
76.20
203.20
508.00
254.00
152.40
254.00
254.00
355.60
914.40
76.20
203.20
152.40
609.60
304.80
254.00
101.60
508.00
406.40
304.80
304.80
457.20
914.40
76.20
101.60
508.00
304.80
203.20
762.00
355.60
152.40
203.20
355.60
457.20
355.60
355.60
152.40
609.60
457.20
76.20
152.40
457.20
254.00
76.20
457.20
355.60
101.60
152.40
76.20
609.60
457.20
406.40
203.20
762.00
609.60
508.00
254.00
457.20
355.60
762.00
101.60
304.80
76.20
762.00
304.80
76.20
101.60
254.00
101.60
355.60
101.60
254.00
406.40
76.20
76.20
152.40
355.60
355.60
76.20
355.60
355.60
914.40
609.60
457.20
609.60
76.20
609.60
76.20
254.00
609.60
203.20
355.60
76.20
254.00
406.40
508.00
457.20
406.40
203.20
101.60
76.20
914.40
406.40
508.00
355.60
355.60
355.60
76.20
508.00
203.20
254.00
355.60
254.00
