894
75.710000000
64.150000000
96.690000000
93.440000000
108.940000000
156.430000000
4.620000000
52.690000000
59.210000000
91.060000000
91.130000000
86.690000000
42.140000000
59.270000000
17.300000000
80.970000000
23.740000000
20.300000000
18.880000000
67.640000000
91.850000000
69.360000000
72.850000000
45.260000000
31.640000000
146.660000000
104.660000000
114.190000000
41.410000000
64.660000000
103.430000000
88.240000000
26.390000000
41.450000000
47.740000000
105.650000000
12.570000000
84.440000000
93.810000000
91.890000000
46.200000000
29.610000000
7.750000000
18.010000000
71.730000000
23.690000000
82.600000000
31.690000000
8.330000000
29.400000000
87.720000000
93.740000000
9.180000000
95.070000000
42.290000000
65.640000000
46.250000000
83.320000000
91.140000000
65.940000000
482.780000000
82.220000000
91.320000000
97.100000000
34.560000000
96.410000000
34.000000000
66.120000000
91.000000000
98.030000000
24.000000000
15.660000000
81.170000000
56.600000000
158.030000000
75.790000000
41.630000000
16.390000000
89.490000000
84.130000000
48.910000000
43.590000000
91.660000000
63.400000000
47.750000000
92.370000000
14.860000000
44.230000000
49.790000000
7.370000000
66.040000000
52.860000000
89.840000000
4.900000000
56.810000000
77.090000000
81.840000000
49.320000000
66.030000000
86.530000000
89.710000000
6.310000000
37.290000000
15.820000000
23.000000000
51.490000000
71.280000000
58.370000000
81.930000000
98.790000000
69.110000000
46.550000000
55.670000000
25.890000000
14.730000000
14.010000000
15.130000000
45.780000000
31.870000000
98.050000000
75.090000000
86.520000000
93.610000000
34.230000000
38.550000000
9.390000000
39.280000000
39.730000000
42.020000000
100.950000000
81.940000000
71.880000000
48.800000000
44.770000000
89.050000000
56.900000000
32.910000000
94.320000000
58.390000000
52.420000000
87.720000000
40.530000000
15.540000000
35.820000000
25.630000000
66.340000000
151.850000000
7.300000000
45.190000000
32.870000000
19.710000000
6.400000000
84.180000000
57.490000000
30.370000000
33.810000000
82.520000000
50.870000000
80.580000000
8.100000000
99.040000000
5.150000000
77.970000000
96.620000000
17.180000000
38.320000000
71.310000000
66.520000000
74.840000000
44.660000000
60.570000000
98.980000000
91.120000000
62.050000000
35.680000000
61.780000000
77.490000000
33.810000000
66.200000000
1.850000000
81.030000000
6.770000000
78.650000000
91.680000000
43.880000000
92.150000000
64.390000000
23.440000000
87.630000000
49.170000000
25.760000000
69.140000000
74.570000000
74.920000000
67.740000000
88.660000000
37.740000000
33.690000000
83.200000000
43.310000000
43.170000000
79.420000000
53.480000000
37.390000000
84.860000000
44.610000000
42.680000000
45.800000000
35.770000000
37.010000000
20.290000000
40.370000000
51.830000000
36.300000000
40.040000000
88.530000000
54.450000000
38.480000000
89.880000000
44.680000000
46.930000000
36.890000000
53.540000000
41.850000000
83.810000000
97.920000000
34.760000000
7.580000000
28.450000000
22.140000000
13.770000000
11.320000000
13.760000000
82.390000000
13.100000000
36.900000000
30.560000000
36.370000000
89.360000000
80.740000000
56.060000000
43.440000000
52.400000000
68.280000000
43.330000000
46.780000000
99.720000000
83.040000000
75.590000000
34.150000000
22.190000000
57.870000000
8.550000000
90.260000000
94.790000000
71.040000000
30.840000000
52.440000000
16.400000000
24.080000000
38.310000000
80.920000000
90.770000000
92.780000000
6.800000000
20.260000000
86.750000000
44.590000000
91.350000000
57.360000000
20.080000000
111.450000000
69.000000000
142.320000000
93.180000000
55.600000000
10.830000000
95.380000000
33.100000000
16.320000000
45.870000000
10.190000000
49.300000000
44.110000000
39.470000000
39.270000000
37.620000000
16.660000000
65.340000000
91.170000000
32.210000000
85.050000000
56.020000000
10.300000000
89.540000000
29.210000000
48.870000000
39.340000000
87.110000000
42.770000000
30.550000000
11.870000000
49.890000000
6.060000000
43.940000000
36.460000000
69.910000000
21.100000000
15.770000000
55.110000000
10.800000000
80.800000000
11.380000000
84.210000000
88.700000000
50.950000000
48.590000000
30.570000000
0.240000000
32.620000000
66.380000000
31.950000000
59.920000000
22.330000000
86.250000000
99.630000000
44.720000000
8.460000000
37.510000000
92.860000000
88.200000000
24.130000000
47.400000000
48.540000000
19.180000000
5.990000000
28.530000000
24.380000000
25.970000000
57.050000000
92.860000000
93.300000000
14.750000000
12.050000000
34.170000000
71.880000000
19.510000000
17.850000000
41.790000000
35.580000000
31.320000000
31.010000000
27.620000000
7.460000000
69.890000000
43.270000000
55.800000000
23.870000000
18.170000000
63.340000000
95.900000000
26.860000000
1.540000000
81.090000000
69.160000000
6.520000000
17.630000000
13.270000000
15.100000000
99.800000000
3.800000000
40.990000000
30.540000000
3.470000000
64.680000000
21.530000000
100.740000000
6.150000000
69.360000000
65.940000000
5.750000000
11.250000000
20.660000000
15.780000000
19.780000000
18.300000000
24.250000000
17.900000000
8.110000000
5.930000000
5.580000000
25.400000000
37.090000000
37.980000000
11.710000000
17.440000000
22.690000000
8.260000000
7.560000000
27.150000000
10.160000000
16.940000000
22.320000000
12.600000000
20.440000000
21.920000000
26.820000000
33.930000000
30.010000000
82.570000000
8.840000000
30.630000000
7.290000000
45.010000000
54.060000000
10.070000000
39.790000000
94.070000000
41.740000000
21.000000000
18.670000000
37.820000000
40.790000000
49.600000000
81.610000000
83.280000000
43.780000000
101.170000000
45.620000000
43.150000000
55.140000000
73.700000000
31.170000000
25.790000000
38.990000000
33.920000000
13.530000000
26.080000000
81.210000000
39.500000000
23.680000000
70.040000000
10.940000000
19.670000000
28.400000000
44.190000000
11.630000000
28.960000000
39.850000000
8.980000000
8.360000000
9.830000000
92.500000000
7.840000000
4.790000000
7.200000000
19.160000000
15.180000000
35.420000000
34.520000000
37.060000000
32.430000000
101.240000000
32.800000000
59.200000000
70.480000000
26.450000000
26.980000000
65.020000000
35.240000000
35.770000000
15.330000000
100.300000000
26.870000000
68.470000000
39.520000000
37.330000000
43.080000000
14.200000000
14.680000000
32.800000000
68.860000000
68.780000000
28.200000000
25.480000000
27.780000000
89.150000000
57.950000000
24.930000000
3.990000000
15.950000000
31.060000000
29.030000000
6.770000000
41.220000000
30.730000000
9.240000000
16.360000000
10.160000000
11.530000000
27.660000000
6.750000000
8.700000000
11.680000000
16.640000000
25.870000000
16.290000000
11.530000000
14.610000000
35.240000000
64.960000000
39.790000000
48.150000000
80.170000000
62.910000000
78.700000000
28.270000000
45.960000000
42.580000000
77.690000000
79.200000000
60.680000000
13.690000000
31.690000000
27.220000000
132.040000000
5.590000000
27.790000000
29.210000000
14.330000000
16.870000000
12.460000000
37.770000000
13.520000000
19.030000000
35.160000000
13.060000000
24.490000000
40.180000000
30.780000000
118.990000000
22.520000000
15.750000000
6.420000000
12.010000000
2.540000000
41.520000000
20.900000000
46.740000000
57.600000000
86.540000000
42.310000000
48.770000000
23.120000000
64.560000000
54.820000000
8.320000000
87.150000000
117.870000000
85.180000000
95.940000000
70.680000000
39.680000000
41.100000000
13.850000000
16.910000000
45.530000000
37.590000000
36.650000000
90.310000000
30.800000000
14.760000000
31.780000000
16.430000000
60.270000000
40.210000000
38.730000000
20.900000000
77.710000000
26.100000000
28.180000000
24.190000000
36.080000000
96.810000000
51.520000000
20.340000000
77.820000000
58.240000000
118.290000000
88.310000000
94.580000000
88.640000000
47.610000000
45.030000000
26.910000000
64.720000000
85.820000000
23.610000000
20.810000000
50.690000000
91.090000000
34.040000000
55.790000000
98.570000000
10.270000000
36.510000000
41.390000000
58.130000000
81.900000000
31.700000000
15.770000000
26.450000000
21.450000000
22.510000000
24.790000000
22.360000000
5.510000000
6.180000000
15.160000000
23.340000000
45.930000000
17.140000000
29.390000000
75.310000000
85.400000000
51.510000000
61.580000000
73.310000000
52.590000000
14.780000000
26.170000000
7.460000000
37.610000000
46.630000000
46.060000000
31.700000000
49.480000000
73.820000000
33.360000000
141.310000000
41.530000000
37.300000000
35.140000000
33.430000000
47.770000000
46.480000000
40.020000000
40.970000000
37.280000000
34.170000000
37.000000000
77.260000000
56.370000000
96.480000000
39.390000000
76.380000000
66.590000000
38.120000000
33.930000000
58.130000000
64.260000000
72.530000000
162.370000000
73.420000000
37.300000000
33.550000000
94.290000000
97.930000000
68.740000000
9.120000000
12.950000000
71.420000000
62.770000000
11.420000000
29.890000000
126.150000000
47.160000000
41.250000000
35.630000000
43.650000000
147.520000000
29.980000000
146.140000000
33.100000000
64.890000000
34.630000000
30.910000000
35.100000000
26.820000000
39.970000000
38.200000000
55.330000000
61.700000000
32.900000000
27.860000000
30.800000000
59.400000000
34.150000000
70.240000000
76.300000000
43.970000000
45.740000000
38.050000000
30.150000000
35.290000000
43.030000000
153.490000000
81.220000000
50.200000000
19.000000000
95.440000000
113.500000000
63.110000000
73.390000000
34.720000000
150.820000000
48.300000000
72.030000000
34.710000000
42.110000000
39.660000000
22.150000000
72.890000000
33.490000000
24.300000000
44.370000000
21.900000000
35.920000000
13.360000000
17.910000000
73.630000000
80.090000000
20.660000000
5.130000000
16.210000000
135.900000000
51.720000000
56.810000000
29.640000000
43.730000000
48.760000000
84.360000000
14.840000000
72.410000000
51.990000000
30.630000000
43.780000000
86.810000000
51.970000000
23.390000000
16.290000000
23.040000000
100.400000000
77.160000000
48.879202000
61.070000000
86.119225000
70.050000000
57.060000000
60.730000000
58.972923000
86.200000000
27.120000000
38.420000000
31.730000000
14.090000000
44.340000000
95.070000000
24.190000000
29.350000000
50.925509000
87.870000000
90.820000000
70.070000000
26.143873000
18.970000000
61.380000000
74.520000000
28.740000000
55.850000000
33.988523000
92.380000000
102.820000000
65.430000000
72.920000000
32.870000000
53.790000000
128.800000000
29.080000000
29.400000000
32.081790000
18.930000000
16.230000000
22.200000000
36.340000000
71.320000000
37.450000000
38.347241000
35.445866000
56.180000000
79.830000000
32.770000000
28.090000000
45.670000000
55.560000000
25.870000000
43.090000000
41.450000000
63.910000000
44.160000000
39.890000000
26.820000000
50.310000000
50.490000000
47.350000000
43.950000000
117.240000000
31.520000000
27.821150000
25.670000000
51.130000000
52.510000000
46.430000000
28.620000000
29.580000000
63.950000000
66.620000000
63.440000000
29.250000000
45.840000000
38.030000000
52.150000000
66.760000000
114.270000000
50.490000000
67.250000000
44.810000000
32.550000000
37.510000000
83.598543000
46.410000000
31.600000000
27.500000000
36.840000000
49.330000000
41.710000000
91.130000000
54.230505000
82.577065000
42.552979000
43.366070000
51.091808000
30.580654000
92.077249000
27.850020000
79.338326000
172.450000000
40.036354000
68.474974000
15.620566000
44.890556000
42.810000000
46.573819000
36.840000000
37.410000000
37.830000000
39.130000000
62.490000000
67.020000000
19.220000000
30.680764000
51.810000000
41.710000000
26.540000000
19.210000000
19.460000000
37.810000000
66.460000000
64.540000000
35.850000000
49.450000000
101.230000000
56.470000000
37.440000000
30.790000000
111.150000000
9.180000000
21.490000000
26.230000000
16.310000000
24.130000000
63.500000000
68.100000000
63.140000000
76.20
76.20
76.20
152.40
76.20
76.20
76.20
76.20
76.20
76.20
76.20
76.20
76.20
76.20
76.20
76.20
76.20
76.20
76.20
76.20
76.20
76.20
76.20
76.20
76.20
76.20
76.20
76.20
76.20
76.20
76.20
76.20
76.20
76.20
76.20
76.20
76.20
76.20
76.20
152.40
76.20
76.20
76.20
76.20
76.20
152.40
152.40
76.20
76.20
76.20
76.20
76.20
76.20
76.20
76.20
76.20
76.20
76.20
76.20
76.20
203.20
76.20
76.20
76.20
152.40
76.20
76.20
101.60
76.20
76.20
76.20
76.20
76.20
76.20
76.20
76.20
76.20
76.20
76.20
76.20
76.20
76.20
76.20
76.20
76.20
76.20
76.20
76.20
76.20
76.20
76.20
76.20
76.20
76.20
76.20
76.20
76.20
76.20
76.20
76.20
76.20
76.20
76.20
76.20
76.20
76.20
152.40
152.40
152.40
152.40
152.40
152.40
152.40
76.20
76.20
76.20
76.20
76.20
76.20
76.20
76.20
76.20
76.20
76.20
76.20
76.20
76.20
76.20
76.20
76.20
76.20
76.20
76.20
76.20
76.20
76.20
76.20
76.20
76.20
76.20
76.20
76.20
101.60
101.60
101.60
101.60
101.60
101.60
101.60
101.60
101.60
101.60
76.20
76.20
76.20
76.20
76.20
76.20
76.20
76.20
76.20
76.20
76.20
76.20
76.20
76.20
76.20
76.20
76.20
76.20
76.20
152.40
101.60
101.60
76.20
76.20
76.20
76.20
76.20
76.20
76.20
76.20
76.20
76.20
76.20
76.20
76.20
76.20
76.20
76.20
76.20
76.20
76.20
76.20
76.20
76.20
76.20
76.20
76.20
76.20
76.20
76.20
76.20
76.20
76.20
76.20
76.20
76.20
76.20
76.20
76.20
76.20
76.20
76.20
76.20
76.20
76.20
76.20
76.20
76.20
76.20
76.20
76.20
76.20
76.20
76.20
76.20
76.20
76.20
76.20
76.20
76.20
76.20
76.20
76.20
203.20
76.20
76.20
76.20
76.20
76.20
76.20
76.20
76.20
76.20
76.20
76.20
76.20
76.20
76.20
76.20
76.20
76.20
152.40
152.40
76.20
76.20
76.20
76.20
76.20
76.20
76.20
76.20
76.20
76.20
76.20
76.20
76.20
76.20
76.20
152.40
76.20
76.20
76.20
76.20
76.20
76.20
76.20
76.20
76.20
76.20
76.20
76.20
76.20
76.20
76.20
76.20
76.20
76.20
76.20
76.20
76.20
76.20
76.20
76.20
76.20
76.20
76.20
101.60
101.60
76.20
76.20
76.20
76.20
76.20
76.20
76.20
76.20
76.20
76.20
101.60
76.20
76.20
76.20
76.20
76.20
76.20
76.20
76.20
76.20
76.20
76.20
76.20
76.20
76.20
152.40
152.40
152.40
152.40
152.40
152.40
76.20
76.20
76.20
101.60
76.20
76.20
76.20
76.20
76.20
76.20
76.20
101.60
101.60
101.60
76.20
76.20
76.20
76.20
76.20
76.20
76.20
76.20
76.20
76.20
76.20
76.20
76.20
76.20
76.20
76.20
76.20
76.20
76.20
76.20
76.20
76.20
76.20
76.20
76.20
76.20
76.20
76.20
76.20
76.20
76.20
76.20
76.20
76.20
76.20
76.20
76.20
76.20
76.20
76.20
76.20
76.20
76.20
76.20
76.20
76.20
76.20
76.20
76.20
76.20
76.20
76.20
76.20
76.20
76.20
76.20
76.20
76.20
76.20
76.20
76.20
76.20
76.20
76.20
76.20
76.20
76.20
76.20
76.20
76.20
76.20
76.20
76.20
76.20
76.20
76.20
76.20
76.20
76.20
76.20
76.20
76.20
76.20
76.20
76.20
76.20
76.20
76.20
76.20
76.20
76.20
76.20
76.20
76.20
76.20
76.20
76.20
76.20
76.20
76.20
76.20
76.20
76.20
76.20
76.20
76.20
76.20
76.20
76.20
76.20
76.20
76.20
76.20
76.20
76.20
76.20
76.20
76.20
76.20
76.20
76.20
76.20
76.20
76.20
76.20
76.20
76.20
76.20
76.20
76.20
76.20
76.20
76.20
76.20
76.20
76.20
76.20
76.20
76.20
76.20
76.20
76.20
76.20
76.20
76.20
76.20
76.20
76.20
76.20
76.20
76.20
76.20
76.20
76.20
76.20
76.20
76.20
76.20
76.20
76.20
76.20
76.20
76.20
76.20
76.20
76.20
76.20
76.20
76.20
76.20
76.20
76.20
76.20
76.20
76.20
76.20
76.20
76.20
76.20
76.20
76.20
76.20
76.20
76.20
76.20
76.20
76.20
152.40
152.40
152.40
152.40
152.40
152.40
152.40
152.40
76.20
76.20
76.20
76.20
76.20
76.20
76.20
76.20
76.20
76.20
76.20
76.20
76.20
101.60
101.60
101.60
101.60
101.60
101.60
76.20
76.20
76.20
76.20
76.20
76.20
76.20
76.20
76.20
76.20
76.20
76.20
76.20
76.20
76.20
76.20
76.20
76.20
76.20
76.20
76.20
76.20
76.20
76.20
76.20
76.20
76.20
76.20
76.20
76.20
152.40
152.40
152.40
76.20
76.20
76.20
76.20
76.20
76.20
76.20
76.20
76.20
76.20
76.20
76.20
76.20
76.20
76.20
76.20
76.20
76.20
76.20
76.20
76.20
76.20
76.20
76.20
76.20
76.20
76.20
76.20
76.20
76.20
76.20
76.20
76.20
76.20
76.20
76.20
76.20
76.20
76.20
76.20
76.20
76.20
203.20
76.20
76.20
76.20
76.20
76.20
76.20
76.20
76.20
76.20
76.20
76.20
76.20
76.20
76.20
76.20
76.20
76.20
76.20
76.20
76.20
76.20
76.20
76.20
76.20
76.20
76.20
76.20
76.20
76.20
76.20
76.20
76.20
76.20
152.40
76.20
76.20
76.20
76.20
76.20
76.20
76.20
76.20
76.20
76.20
76.20
76.20
76.20
76.20
76.20
76.20
76.20
76.20
76.20
76.20
76.20
76.20
76.20
76.20
76.20
76.20
76.20
76.20
76.20
76.20
76.20
76.20
76.20
76.20
76.20
76.20
76.20
76.20
76.20
203.20
152.40
152.40
152.40
203.20
76.20
76.20
76.20
76.20
76.20
76.20
76.20
76.20
76.20
76.20
76.20
76.20
76.20
76.20
76.20
76.20
76.20
76.20
76.20
76.20
76.20
76.20
76.20
76.20
76.20
76.20
76.20
76.20
76.20
76.20
76.20
76.20
76.20
76.20
76.20
76.20
76.20
76.20
76.20
76.20
76.20
76.20
76.20
76.20
76.20
76.20
76.20
76.20
76.20
76.20
76.20
76.20
101.60
76.20
76.20
76.20
76.20
76.20
76.20
76.20
76.20
76.20
76.20
76.20
76.20
76.20
76.20
76.20
76.20
76.20
76.20
101.60
101.60
76.20
76.20
152.40
152.40
76.20
101.60
76.20
76.20
76.20
76.20
76.20
76.20
76.20
76.20
76.20
76.20
76.20
76.20
76.20
76.20
76.20
76.20
76.20
76.20
76.20
76.20
76.20
76.20
76.20
76.20
76.20
76.20
76.20
76.20
76.20
76.20
76.20
76.20
76.20
76.20
76.20
76.20
101.60
76.20
76.20
76.20
76.20
76.20
76.20
76.20
76.20
76.20
76.20
76.20
76.20
76.20
76.20
76.20
76.20
76.20
76.20
203.20
76.20
76.20
76.20
76.20
76.20
76.20
76.20
76.20
76.20
76.20
76.20
76.20
76.20
76.20
76.20
76.20
76.20
76.20
76.20
76.20
76.20
76.20
76.20
76.20
76.20
76.20
76.20
76.20
76.20
76.20
76.20
76.20
76.20
76.20
76.20
76.20
76.20
76.20
76.20
76.20
76.20
76.20
76.20
76.20
76.20
76.20
76.20
76.20
76.20
152.40
76.20
76.20
76.20
76.20
76.20
76.20
76.20
76.20
76.20
76.20
76.20
76.20
76.20
76.20
76.20
76.20
76.20
76.20
76.20
76.20
76.20
76.20
76.20
76.20
76.20
76.20
76.20
76.20
76.20
76.20
76.20
76.20
76.20
76.20
76.20
152.40
76.20
76.20
76.20
76.20
76.20
152.40
152.40
76.20
76.20
101.60
76.20
76.20
76.20
76.20
76.20
76.20
76.20
76.20
76.20
76.20
203.20
76.20
76.20
76.20
152.40
76.20
76.20
101.60
76.20
76.20
101.60
76.20
76.20
76.20
76.20
76.20
76.20
76.20
76.20
76.20
76.20
76.20
76.20
76.20
76.20
76.20
76.20
76.20
76.20
76.20
76.20
76.20
76.20
76.20
76.20
76.20
76.20
76.20
76.20
76.20
76.20
76.20
76.20
76.20
152.40
76.20
152.40
152.40
152.40
152.40
152.40
152.40
152.40
76.20
76.20
76.20
76.20
76.20
76.20
76.20
76.20
76.20
76.20
76.20
76.20
76.20
76.20
76.20
76.20
101.60
76.20
76.20
76.20
76.20
76.20
76.20
76.20
76.20
76.20
76.20
76.20
76.20
152.40
101.60
152.40
101.60
152.40
101.60
101.60
101.60
101.60
76.20
76.20
76.20
76.20
76.20
76.20
76.20
76.20
76.20
76.20
76.20
76.20
76.20
76.20
76.20
76.20
76.20
76.20
76.20
76.20
152.40
101.60
101.60
76.20
101.60
76.20
76.20
76.20
152.40
76.20
76.20
76.20
76.20
76.20
76.20
76.20
76.20
76.20
76.20
76.20
76.20
76.20
76.20
76.20
76.20
76.20
76.20
76.20
76.20
76.20
76.20
76.20
76.20
76.20
76.20
76.20
76.20
76.20
76.20
76.20
76.20
76.20
76.20
76.20
76.20
76.20
76.20
76.20
76.20
76.20
76.20
76.20
76.20
76.20
76.20
76.20
76.20
76.20
76.20
76.20
76.20
76.20
76.20
76.20
203.20
76.20
76.20
76.20
76.20
76.20
101.60
76.20
76.20
76.20
76.20
76.20
76.20
76.20
76.20
76.20
76.20
76.20
152.40
152.40
76.20
76.20
76.20
76.20
76.20
76.20
76.20
76.20
76.20
76.20
76.20
76.20
76.20
76.20
76.20
152.40
76.20
76.20
76.20
76.20
76.20
76.20
76.20
76.20
76.20
76.20
76.20
76.20
76.20
76.20
76.20
76.20
76.20
152.40
76.20
76.20
76.20
76.20
76.20
76.20
76.20
76.20
76.20
101.60
101.60
76.20
76.20
76.20
76.20
76.20
76.20
76.20
76.20
76.20
76.20
101.60
76.20
76.20
76.20
76.20
76.20
76.20
76.20
76.20
76.20
76.20
76.20
76.20
76.20
76.20
152.40
152.40
152.40
152.40
152.40
152.40
76.20
76.20
76.20
101.60
76.20
76.20
76.20
76.20
76.20
76.20
76.20
101.60
101.60
101.60
76.20
76.20
76.20
76.20
76.20
76.20
76.20
76.20
76.20
76.20
76.20
76.20
76.20
76.20
76.20
76.20
76.20
76.20
76.20
76.20
76.20
76.20
76.20
76.20
76.20
76.20
76.20
76.20
76.20
76.20
76.20
76.20
76.20
76.20
76.20
76.20
76.20
76.20
76.20
76.20
76.20
76.20
76.20
76.20
76.20
76.20
76.20
76.20
152.40
76.20
76.20
76.20
76.20
76.20
76.20
76.20
76.20
76.20
76.20
76.20
76.20
76.20
152.40
76.20
76.20
76.20
76.20
76.20
76.20
76.20
76.20
76.20
76.20
76.20
76.20
76.20
76.20
76.20
76.20
76.20
76.20
76.20
76.20
76.20
76.20
76.20
76.20
76.20
76.20
76.20
76.20
76.20
76.20
76.20
76.20
76.20
76.20
76.20
76.20
76.20
76.20
76.20
76.20
76.20
76.20
152.40
76.20
76.20
76.20
76.20
76.20
76.20
76.20
76.20
76.20
76.20
76.20
76.20
76.20
76.20
76.20
76.20
76.20
76.20
76.20
76.20
152.40
76.20
76.20
76.20
76.20
76.20
76.20
76.20
152.40
76.20
76.20
76.20
76.20
76.20
76.20
76.20
76.20
76.20
76.20
76.20
76.20
76.20
76.20
76.20
76.20
76.20
76.20
76.20
76.20
76.20
76.20
76.20
76.20
76.20
76.20
76.20
76.20
76.20
76.20
76.20
76.20
76.20
76.20
76.20
76.20
76.20
76.20
76.20
76.20
76.20
76.20
76.20
76.20
76.20
76.20
76.20
76.20
76.20
76.20
76.20
76.20
152.40
152.40
152.40
152.40
152.40
152.40
152.40
152.40
76.20
76.20
76.20
76.20
76.20
76.20
76.20
76.20
76.20
76.20
76.20
76.20
76.20
101.60
101.60
101.60
101.60
101.60
101.60
76.20
76.20
76.20
76.20
76.20
76.20
152.40
76.20
76.20
76.20
76.20
76.20
76.20
76.20
76.20
76.20
76.20
76.20
76.20
76.20
76.20
76.20
76.20
76.20
76.20
76.20
76.20
76.20
76.20
76.20
152.40
152.40
152.40
76.20
76.20
76.20
76.20
76.20
76.20
76.20
76.20
76.20
76.20
76.20
76.20
76.20
76.20
76.20
76.20
76.20
76.20
76.20
76.20
76.20
76.20
76.20
76.20
76.20
76.20
76.20
76.20
76.20
76.20
76.20
76.20
76.20
76.20
76.20
76.20
76.20
76.20
76.20
76.20
76.20
76.20
203.20
76.20
76.20
76.20
76.20
76.20
76.20
76.20
76.20
76.20
76.20
76.20
76.20
76.20
76.20
76.20
76.20
76.20
76.20
76.20
76.20
76.20
76.20
76.20
76.20
76.20
76.20
76.20
76.20
76.20
76.20
76.20
76.20
76.20
152.40
76.20
76.20
76.20
76.20
76.20
76.20
76.20
76.20
76.20
76.20
76.20
76.20
76.20
76.20
76.20
76.20
76.20
76.20
76.20
76.20
76.20
76.20
76.20
76.20
76.20
76.20
76.20
76.20
76.20
76.20
76.20
76.20
76.20
76.20
76.20
76.20
76.20
76.20
76.20
203.20
152.40
152.40
152.40
203.20
76.20
76.20
76.20
76.20
76.20
76.20
76.20
76.20
76.20
76.20
76.20
76.20
76.20
76.20
76.20
152.40
76.20
76.20
76.20
76.20
76.20
76.20
76.20
76.20
76.20
76.20
76.20
76.20
76.20
76.20
76.20
76.20
76.20
76.20
76.20
76.20
76.20
76.20
76.20
76.20
76.20
76.20
76.20
76.20
76.20
76.20
76.20
76.20
76.20
76.20
76.20
76.20
101.60
76.20
76.20
76.20
152.40
76.20
76.20
76.20
76.20
76.20
76.20
76.20
76.20
76.20
76.20
76.20
76.20
76.20
76.20
101.60
101.60
76.20
76.20
152.40
152.40
76.20
101.60
76.20
76.20
76.20
76.20
76.20
76.20
76.20
76.20
76.20
76.20
76.20
76.20
76.20
76.20
76.20
76.20
76.20
76.20
76.20
76.20
76.20
76.20
76.20
76.20
76.20
76.20
76.20
76.20
76.20
76.20
76.20
76.20
76.20
76.20
76.20
76.20
101.60
76.20
76.20
76.20
76.20
76.20
76.20
76.20
76.20
76.20
76.20
76.20
76.20
76.20
76.20
76.20
76.20
76.20
76.20
203.20
76.20
152.40
76.20
76.20
76.20
76.20
76.20
76.20
76.20
76.20
76.20
76.20
76.20
76.20
76.20
76.20
76.20
76.20
76.20
76.20
76.20
76.20
76.20
76.20
76.20
76.20
76.20
76.20
76.20
76.20
76.20
76.20
76.20
76.20
76.20
76.20
76.20
76.20
76.20
76.20
76.20
76.20
76.20
76.20
76.20
76.20
76.20
76.20
76.20
152.40
76.20
152.40
152.40
152.40
76.20
76.20
76.20
76.20
76.20
76.20
152.40
152.40
76.20
152.40
76.20
76.20
76.20
76.20
76.20
76.20
76.20
76.20
76.20
152.40
76.20
76.20
76.20
152.40
152.40
76.20
76.20
76.20
76.20
76.20
76.20
76.20
152.40
152.40
152.40
152.40
152.40
76.20
152.40
152.40
254.00
76.20
304.80
304.80
152.40
152.40
76.20
76.20
254.00
76.20
254.00
76.20
203.20
76.20
76.20
76.20
152.40
76.20
76.20
152.40
76.20
76.20
101.60
76.20
152.40
76.20
76.20
76.20
76.20
152.40
76.20
76.20
76.20
76.20
152.40
76.20
152.40
76.20
76.20
76.20
152.40
152.40
76.20
76.20
152.40
152.40
152.40
76.20
76.20
76.20
152.40
152.40
76.20
76.20
76.20
76.20
152.40
152.40
152.40
152.40
152.40
152.40
152.40
152.40
152.40
76.20
76.20
76.20
76.20
152.40
76.20
152.40
76.20
76.20
76.20
76.20
76.20
152.40
76.20
76.20
152.40
101.60
76.20
76.20
152.40
76.20
76.20
76.20
76.20
76.20
152.40
76.20
76.20
152.40
76.20
152.40
76.20
101.60
152.40
152.40
101.60
76.20
76.20
76.20
76.20
76.20
76.20
152.40
76.20
152.40
76.20
152.40
76.20
76.20
76.20
76.20
152.40
152.40
152.40
152.40
76.20
152.40
76.20
76.20
76.20
152.40
76.20
152.40
76.20
76.20
76.20
152.40
76.20
152.40
76.20
76.20
76.20
76.20
152.40
152.40
152.40
76.20
76.20
152.40
76.20
76.20
76.20
76.20
76.20
76.20
76.20
76.20
76.20
152.40
152.40
76.20
76.20
152.40
76.20
76.20
76.20
152.40
76.20
152.40
76.20
76.20
152.40
152.40
76.20
76.20
152.40
76.20
76.20
152.40
152.40
76.20
76.20
76.20
152.40
152.40
76.20
152.40
152.40
76.20
152.40
76.20
76.20
203.20
76.20
152.40
76.20
152.40
76.20
76.20
152.40
152.40
76.20
76.20
76.20
76.20
76.20
76.20
76.20
76.20
76.20
152.40
152.40
76.20
76.20
76.20
76.20
76.20
152.40
152.40
76.20
152.40
76.20
76.20
76.20
76.20
152.40
152.40
76.20
76.20
152.40
76.20
76.20
76.20
76.20
76.20
152.40
152.40
76.20
76.20
76.20
76.20
152.40
152.40
76.20
76.20
152.40
76.20
76.20
76.20
152.40
76.20
152.40
152.40
76.20
76.20
152.40
101.60
76.20
152.40
76.20
76.20
76.20
152.40
76.20
76.20
76.20
152.40
152.40
76.20
76.20
76.20
76.20
76.20
152.40
76.20
76.20
76.20
76.20
76.20
152.40
76.20
76.20
152.40
152.40
152.40
152.40
152.40
152.40
76.20
76.20
76.20
76.20
76.20
76.20
76.20
76.20
76.20
76.20
76.20
101.60
101.60
152.40
152.40
76.20
76.20
76.20
152.40
76.20
76.20
152.40
76.20
76.20
76.20
152.40
152.40
76.20
152.40
76.20
76.20
76.20
152.40
76.20
76.20
76.20
152.40
76.20
76.20
76.20
152.40
76.20
76.20
76.20
152.40
152.40
76.20
152.40
76.20
76.20
152.40
152.40
76.20
152.40
76.20
76.20
76.20
76.20
152.40
152.40
76.20
76.20
76.20
152.40
152.40
76.20
76.20
76.20
76.20
76.20
76.20
152.40
76.20
152.40
152.40
76.20
76.20
76.20
76.20
152.40
76.20
76.20
76.20
76.20
76.20
76.20
152.40
152.40
76.20
152.40
152.40
152.40
76.20
76.20
76.20
152.40
76.20
76.20
76.20
152.40
152.40
152.40
76.20
76.20
152.40
152.40
152.40
76.20
76.20
76.20
76.20
152.40
76.20
76.20
152.40
76.20
152.40
76.20
152.40
152.40
76.20
76.20
152.40
76.20
76.20
76.20
76.20
76.20
152.40
76.20
152.40
76.20
76.20
76.20
76.20
76.20
152.40
152.40
76.20
76.20
152.40
76.20
76.20
152.40
76.20
152.40
76.20
152.40
152.40
76.20
76.20
76.20
76.20
76.20
76.20
152.40
152.40
152.40
76.20
76.20
152.40
152.40
76.20
76.20
76.20
76.20
76.20
76.20
76.20
76.20
152.40
152.40
76.20
76.20
76.20
76.20
76.20
76.20
76.20
76.20
76.20
76.20
76.20
152.40
76.20
76.20
76.20
152.40
76.20
152.40
76.20
76.20
76.20
76.20
76.20
152.40
76.20
76.20
152.40
76.20
76.20
152.40
152.40
76.20
152.40
152.40
152.40
152.40
152.40
76.20
76.20
76.20
152.40
152.40
76.20
76.20
76.20
152.40
76.20
152.40
152.40
76.20
76.20
101.60
101.60
152.40
101.60
152.40
76.20
76.20
152.40
76.20
76.20
152.40
76.20
76.20
76.20
76.20
76.20
76.20
76.20
152.40
152.40
152.40
152.40
76.20
76.20
152.40
152.40
76.20
76.20
152.40
76.20
76.20
152.40
152.40
152.40
152.40
76.20
76.20
152.40
76.20
76.20
76.20
152.40
76.20
76.20
76.20
152.40
152.40
76.20
76.20
76.20
152.40
152.40
76.20
76.20
152.40
152.40
76.20
152.40
76.20
76.20
152.40
152.40
152.40
152.40
76.20
152.40
76.20
76.20
152.40
152.40
76.20
76.20
76.20
152.40
76.20
76.20
76.20
152.40
152.40
76.20
203.20
76.20
76.20
152.40
76.20
76.20
76.20
76.20
76.20
76.20
76.20
76.20
76.20
76.20
76.20
76.20
76.20
76.20
76.20
76.20
76.20
76.20
76.20
76.20
76.20
76.20
76.20
76.20
76.20
76.20
76.20
76.20
76.20
152.40
152.40
76.20
152.40
76.20
76.20
152.40
76.20
76.20
152.40
152.40
76.20
76.20
76.20
76.20
76.20
152.40
152.40
152.40
76.20
76.20
76.20
76.20
152.40
76.20
76.20
76.20
76.20
76.20
76.20
76.20
152.40
152.40
76.20
76.20
76.20
76.20
152.40
152.40
152.40
152.40
203.20
152.40
152.40
152.40
203.20
76.20
76.20
152.40
76.20
76.20
76.20
152.40
76.20
76.20
152.40
76.20
76.20
152.40
76.20
76.20
152.40
76.20
76.20
152.40
76.20
152.40
152.40
76.20
76.20
76.20
76.20
76.20
152.40
76.20
76.20
76.20
76.20
76.20
76.20
76.20
76.20
76.20
152.40
76.20
76.20
76.20
76.20
152.40
76.20
152.40
76.20
76.20
76.20
76.20
76.20
76.20
152.40
101.60
76.20
76.20
76.20
152.40
152.40
152.40
76.20
152.40
76.20
76.20
76.20
152.40
76.20
76.20
76.20
76.20
152.40
76.20
152.40
152.40
152.40
76.20
152.40
152.40
152.40
152.40
152.40
152.40
76.20
76.20
152.40
76.20
76.20
76.20
76.20
76.20
76.20
152.40
76.20
76.20
76.20
76.20
76.20
152.40
76.20
76.20
152.40
152.40
76.20
76.20
76.20
152.40
76.20
76.20
76.20
152.40
152.40
152.40
152.40
76.20
76.20
76.20
101.60
76.20
76.20
76.20
76.20
76.20
152.40
76.20
76.20
76.20
76.20
76.20
76.20
76.20
76.20
76.20
76.20
152.40
76.20
152.40
152.40
76.20
76.20
76.20
152.40
76.20
76.20
76.20
152.40
152.40
76.20
76.20
152.40
76.20
76.20
152.40
152.40
76.20
76.20
76.20
152.40
76.20
76.20
152.40
76.20
76.20
152.40
76.20
76.20
76.20
76.20
152.40
76.20
76.20
76.20
76.20
76.20
76.20
76.20
76.20
76.20
76.20
76.20
76.20
76.20
76.20
76.20
152.40
76.20
152.40
76.20
152.40
152.40
76.20
76.20
152.40
76.20
76.20
76.20
152.40
76.20
152.40
152.40
76.20
76.20
76.20
76.20
76.20
76.20
76.20
76.20
152.40
152.40
76.20
76.20
152.40
152.40
76.20
152.40
76.20
76.20
76.20
76.20
152.40
152.40
76.20
152.40
152.40
152.40
152.40
152.40
76.20
76.20
76.20
101.60
76.20
355.60
101.60
152.40
355.60
76.20
76.20
76.20
406.40
101.60
152.40
203.20
76.20
76.20
152.40
152.40
152.40
76.20
152.40
76.20
76.20
101.60
76.20
152.40
152.40
152.40
76.20
76.20
76.20
76.20
152.40
76.20
76.20
76.20
152.40
152.40
76.20
76.20
152.40
76.20
152.40
76.20
76.20
152.40
152.40
152.40
152.40
76.20
76.20
152.40
76.20
76.20
152.40
76.20
76.20
152.40
76.20
152.40
152.40
152.40
152.40
152.40
152.40
152.40
76.20
76.20
76.20
152.40
76.20
76.20
152.40
76.20
76.20
76.20
76.20
76.20
76.20
76.20
76.20
152.40
152.40
152.40
76.20
152.40
76.20
152.40
76.20
76.20
152.40
152.40
76.20
76.20
152.40
76.20
76.20
76.20
101.60
152.40
152.40
101.60
76.20
76.20
76.20
76.20
76.20
76.20
152.40
76.20
76.20
76.20
152.40
76.20
76.20
152.40
76.20
152.40
152.40
152.40
76.20
76.20
152.40
76.20
76.20
76.20
152.40
152.40
152.40
152.40
76.20
76.20
152.40
76.20
152.40
76.20
76.20
76.20
152.40
152.40
152.40
152.40
76.20
76.20
152.40
76.20
76.20
76.20
152.40
152.40
76.20
152.40
76.20
76.20
152.40
152.40
152.40
76.20
152.40
152.40
76.20
152.40
152.40
76.20
76.20
152.40
76.20
152.40
76.20
76.20
76.20
152.40
76.20
76.20
76.20
152.40
76.20
152.40
152.40
76.20
152.40
76.20
152.40
152.40
76.20
152.40
76.20
152.40
203.20
76.20
76.20
152.40
76.20
152.40
76.20
152.40
152.40
76.20
152.40
76.20
76.20
152.40
76.20
152.40
76.20
76.20
76.20
152.40
76.20
152.40
76.20
76.20
76.20
152.40
152.40
76.20
152.40
76.20
152.40
76.20
152.40
152.40
76.20
76.20
76.20
152.40
76.20
76.20
76.20
76.20
152.40
152.40
152.40
76.20
76.20
76.20
152.40
76.20
76.20
152.40
76.20
76.20
76.20
76.20
152.40
152.40
76.20
152.40
76.20
76.20
76.20
152.40
76.20
76.20
152.40
76.20
76.20
152.40
152.40
76.20
76.20
76.20
152.40
152.40
76.20
76.20
152.40
76.20
152.40
76.20
76.20
152.40
76.20
152.40
76.20
152.40
76.20
76.20
152.40
152.40
152.40
152.40
152.40
152.40
76.20
76.20
76.20
152.40
76.20
76.20
76.20
76.20
76.20
76.20
152.40
101.60
152.40
76.20
152.40
76.20
152.40
76.20
152.40
76.20
76.20
152.40
152.40
76.20
152.40
152.40
76.20
76.20
152.40
76.20
152.40
76.20
76.20
76.20
76.20
76.20
76.20
76.20
76.20
152.40
152.40
76.20
76.20
76.20
152.40
76.20
76.20
152.40
76.20
76.20
152.40
152.40
76.20
152.40
76.20
76.20
76.20
76.20
152.40
76.20
76.20
152.40
76.20
152.40
152.40
152.40
76.20
76.20
152.40
76.20
76.20
76.20
152.40
76.20
152.40
76.20
152.40
76.20
76.20
76.20
152.40
76.20
76.20
152.40
76.20
152.40
152.40
76.20
76.20
152.40
76.20
76.20
76.20
76.20
76.20
152.40
76.20
76.20
76.20
76.20
152.40
152.40
152.40
152.40
76.20
76.20
152.40
76.20
76.20
152.40
76.20
152.40
152.40
76.20
152.40
76.20
152.40
76.20
76.20
152.40
152.40
76.20
76.20
76.20
76.20
152.40
76.20
76.20
152.40
76.20
152.40
76.20
76.20
152.40
152.40
76.20
152.40
76.20
76.20
76.20
152.40
152.40
76.20
152.40
152.40
152.40
76.20
76.20
152.40
152.40
76.20
76.20
76.20
76.20
152.40
152.40
152.40
152.40
152.40
152.40
152.40
152.40
76.20
76.20
76.20
76.20
76.20
152.40
76.20
76.20
152.40
76.20
76.20
152.40
152.40
76.20
76.20
76.20
76.20
76.20
76.20
152.40
152.40
76.20
76.20
76.20
76.20
152.40
76.20
152.40
76.20
152.40
76.20
76.20
76.20
152.40
76.20
76.20
152.40
152.40
76.20
76.20
152.40
76.20
152.40
152.40
152.40
152.40
152.40
76.20
76.20
76.20
152.40
76.20
76.20
76.20
76.20
76.20
152.40
152.40
76.20
76.20
152.40
152.40
101.60
152.40
101.60
152.40
76.20
76.20
76.20
76.20
152.40
152.40
152.40
76.20
76.20
76.20
152.40
76.20
76.20
152.40
152.40
152.40
152.40
76.20
152.40
152.40
76.20
76.20
76.20
152.40
76.20
76.20
152.40
152.40
76.20
152.40
76.20
76.20
152.40
76.20
76.20
76.20
76.20
152.40
76.20
76.20
76.20
76.20
76.20
76.20
76.20
152.40
152.40
76.20
152.40
152.40
152.40
76.20
152.40
76.20
152.40
152.40
152.40
152.40
76.20
152.40
76.20
152.40
76.20
76.20
76.20
152.40
76.20
76.20
76.20
76.20
152.40
152.40
76.20
152.40
152.40
203.20
76.20
76.20
76.20
76.20
76.20
76.20
76.20
76.20
152.40
76.20
76.20
152.40
76.20
152.40
152.40
152.40
76.20
76.20
76.20
76.20
76.20
76.20
76.20
152.40
76.20
76.20
152.40
76.20
76.20
76.20
152.40
76.20
76.20
152.40
76.20
76.20
76.20
76.20
152.40
76.20
76.20
76.20
152.40
76.20
76.20
76.20
76.20
76.20
76.20
152.40
76.20
76.20
76.20
152.40
152.40
152.40
152.40
76.20
152.40
152.40
76.20
152.40
152.40
152.40
76.20
76.20
76.20
76.20
76.20
152.40
152.40
152.40
152.40
203.20
152.40
152.40
152.40
203.20
76.20
76.20
76.20
76.20
76.20
76.20
152.40
76.20
152.40
152.40
76.20
76.20
152.40
76.20
152.40
76.20
152.40
76.20
76.20
76.20
152.40
152.40
152.40
76.20
76.20
76.20
76.20
152.40
152.40
76.20
76.20
76.20
152.40
76.20
76.20
76.20
76.20
152.40
76.20
76.20
76.20
76.20
76.20
76.20
76.20
76.20
76.20
76.20
76.20
76.20
76.20
152.40
152.40
152.40
152.40
76.20
152.40
76.20
76.20
76.20
152.40
152.40
76.20
76.20
152.40
76.20
76.20
76.20
152.40
152.40
76.20
152.40
152.40
152.40
76.20
152.40
152.40
152.40
152.40
152.40
152.40
76.20
76.20
152.40
76.20
76.20
76.20
76.20
152.40
76.20
152.40
76.20
76.20
76.20
76.20
76.20
76.20
76.20
76.20
152.40
152.40
152.40
76.20
76.20
152.40
152.40
76.20
76.20
152.40
76.20
76.20
76.20
76.20
76.20
76.20
152.40
76.20
76.20
76.20
76.20
76.20
152.40
152.40
152.40
152.40
152.40
76.20
76.20
152.40
76.20
152.40
76.20
76.20
76.20
152.40
152.40
76.20
76.20
76.20
152.40
76.20
152.40
152.40
152.40
152.40
76.20
76.20
76.20
76.20
76.20
152.40
152.40
152.40
76.20
76.20
152.40
76.20
76.20
76.20
152.40
76.20
152.40
76.20
76.20
152.40
76.20
152.40
76.20
76.20
152.40
76.20
152.40
76.20
152.40
76.20
76.20
76.20
152.40
152.40
76.20
76.20
152.40
76.20
152.40
152.40
76.20
152.40
76.20
152.40
152.40
76.20
76.20
76.20
152.40
152.40
76.20
76.20
152.40
152.40
76.20
76.20
152.40
76.20
152.40
152.40
76.20
76.20
76.20
152.40
76.20
76.20
76.20
152.40
152.40
152.40
152.40
76.20
101.60
152.40
76.20
76.20
76.20
76.20
152.40
76.20
76.20
76.20
152.40
152.40
76.20
152.40
76.20
152.40
152.40
152.40
76.20
76.20
152.40
76.20
152.40
76.20
203.20
76.20
152.40
76.20
152.40
76.20
76.20
152.40
152.40
76.20
152.40
152.40
76.20
76.20
152.40
76.20
152.40
152.40
76.20
76.20
76.20
152.40
152.40
152.40
152.40
152.40
76.20
76.20
76.20
152.40
152.40
76.20
76.20
76.20
152.40
76.20
76.20
76.20
76.20
152.40
152.40
152.40
152.40
152.40
152.40
152.40
152.40
152.40
152.40
152.40
152.40
152.40
152.40
152.40
76.20
152.40
76.20
457.20
152.40
76.20
152.40
152.40
152.40
152.40
76.20
152.40
152.40
152.40
152.40
152.40
76.20
76.20
76.20
76.20
152.40
152.40
76.20
76.20
76.20
152.40
152.40
152.40
152.40
76.20
76.20
152.40
76.20
152.40
152.40
76.20
76.20
152.40
76.20
152.40
152.40
76.20
152.40
152.40
76.20
152.40
76.20
152.40
76.20
762.00
152.40
76.20
152.40
152.40
76.20
152.40
76.20
152.40
76.20
76.20
152.40
76.20
76.20
152.40
76.20
76.20
152.40
152.40
152.40
152.40
76.20
76.20
76.20
152.40
152.40
152.40
76.20
152.40
76.20
76.20
76.20
76.20
152.40
152.40
76.20
76.20
76.20
152.40
152.40
152.40
76.20
152.40
152.40
152.40
76.20
76.20
152.40
152.40
76.20
152.40
76.20
76.20
76.20
152.40
76.20
76.20
76.20
152.40
152.40
152.40
76.20
76.20
76.20
76.20
76.20
76.20
76.20
152.40
76.20
152.40
76.20
152.40
152.40
76.20
152.40
76.20
152.40
76.20
152.40
152.40
152.40
76.20
152.40
152.40
152.40
76.20
76.20
152.40
76.20
152.40
76.20
152.40
76.20
76.20
152.40
152.40
76.20
76.20
76.20
152.40
152.40
152.40
76.20
152.40
152.40
152.40
152.40
76.20
152.40
152.40
76.20
76.20
76.20
152.40
76.20
76.20
457.20
76.20
152.40
76.20
76.20
76.20
76.20
76.20
152.40
152.40
76.20
76.20
152.40
152.40
76.20
76.20
76.20
76.20
152.40
76.20
152.40
76.20
152.40
76.20
152.40
152.40
152.40
76.20
152.40
152.40
152.40
152.40
152.40
152.40
76.20
76.20
152.40
152.40
152.40
152.40
76.20
76.20
76.20
152.40
76.20
76.20
76.20
76.20
76.20
152.40
152.40
76.20
76.20
76.20
152.40
152.40
76.20
152.40
152.40
152.40
76.20
76.20
76.20
152.40
152.40
152.40
76.20
152.40
76.20
152.40
152.40
76.20
76.20
76.20
76.20
76.20
76.20
152.40
152.40
406.40
152.40
152.40
76.20
152.40
76.20
152.40
152.40
152.40
152.40
152.40
76.20
76.20
152.40
152.40
152.40
76.20
152.40
76.20
254.00
76.20
152.40
152.40
76.20
76.20
152.40
76.20
76.20
76.20
76.20
76.20
76.20
76.20
76.20
152.40
76.20
76.20
152.40
152.40
152.40
152.40
152.40
76.20
152.40
76.20
152.40
152.40
76.20
152.40
152.40
76.20
152.40
152.40
152.40
76.20
152.40
152.40
76.20
76.20
76.20
152.40
76.20
76.20
76.20
76.20
152.40
76.20
76.20
76.20
76.20
76.20
152.40
152.40
76.20
101.60
76.20
76.20
152.40
152.40
152.40
152.40
76.20
76.20
152.40
76.20
76.20
152.40
152.40
152.40
152.40
152.40
152.40
76.20
76.20
152.40
152.40
76.20
76.20
76.20
76.20
76.20
76.20
76.20
152.40
152.40
152.40
152.40
152.40
152.40
152.40
76.20
76.20
152.40
152.40
152.40
152.40
152.40
76.20
76.20
76.20
152.40
152.40
76.20
76.20
76.20
76.20
76.20
508.00
152.40
76.20
152.40
76.20
152.40
152.40
76.20
76.20
152.40
152.40
152.40
76.20
152.40
152.40
152.40
76.20
152.40
76.20
152.40
76.20
76.20
152.40
76.20
76.20
76.20
152.40
152.40
152.40
76.20
152.40
76.20
76.20
152.40
152.40
76.20
152.40
76.20
152.40
76.20
152.40
152.40
152.40
152.40
152.40
152.40
152.40
76.20
76.20
76.20
152.40
76.20
152.40
76.20
76.20
76.20
76.20
76.20
76.20
152.40
76.20
76.20
152.40
152.40
152.40
76.20
152.40
152.40
76.20
152.40
152.40
152.40
152.40
152.40
152.40
152.40
152.40
76.20
152.40
152.40
152.40
152.40
76.20
152.40
152.40
76.20
152.40
152.40
76.20
76.20
76.20
76.20
76.20
76.20
76.20
76.20
76.20
152.40
152.40
76.20
76.20
76.20
76.20
152.40
152.40
152.40
152.40
152.40
152.40
152.40
76.20
152.40
76.20
457.20
152.40
76.20
152.40
152.40
152.40
152.40
76.20
76.20
152.40
152.40
152.40
76.20
152.40
76.20
76.20
76.20
76.20
152.40
76.20
152.40
152.40
152.40
152.40
152.40
76.20
152.40
152.40
76.20
76.20
76.20
152.40
152.40
152.40
152.40
152.40
76.20
76.20
152.40
76.20
76.20
152.40
76.20
152.40
76.20
152.40
76.20
152.40
152.40
76.20
76.20
76.20
152.40
152.40
152.40
152.40
152.40
76.20
152.40
76.20
152.40
76.20
152.40
152.40
76.20
76.20
152.40
76.20
152.40
76.20
76.20
152.40
76.20
152.40
76.20
76.20
76.20
152.40
76.20
76.20
76.20
76.20
152.40
152.40
76.20
76.20
152.40
76.20
152.40
76.20
152.40
152.40
152.40
76.20
152.40
152.40
76.20
152.40
152.40
152.40
152.40
152.40
76.20
152.40
76.20
152.40
76.20
76.20
152.40
152.40
152.40
152.40
914.40
152.40
76.20
152.40
152.40
76.20
152.40
76.20
76.20
76.20
76.20
152.40
76.20
152.40
152.40
152.40
76.20
152.40
76.20
76.20
152.40
152.40
152.40
76.20
76.20
152.40
76.20
152.40
152.40
406.40
76.20
152.40
152.40
152.40
152.40
76.20
152.40
152.40
152.40
76.20
76.20
76.20
76.20
152.40
152.40
76.20
152.40
152.40
152.40
76.20
152.40
76.20
76.20
152.40
152.40
152.40
76.20
76.20
152.40
76.20
152.40
76.20
152.40
76.20
152.40
76.20
76.20
152.40
76.20
76.20
76.20
152.40
152.40
76.20
76.20
76.20
152.40
76.20
152.40
152.40
152.40
152.40
76.20
76.20
76.20
152.40
76.20
76.20
76.20
76.20
76.20
76.20
76.20
152.40
152.40
152.40
76.20
76.20
152.40
76.20
152.40
152.40
152.40
152.40
508.00
152.40
152.40
76.20
152.40
152.40
152.40
76.20
76.20
152.40
76.20
76.20
76.20
152.40
203.20
76.20
76.20
152.40
152.40
152.40
254.00
152.40
76.20
76.20
76.20
76.20
76.20
152.40
152.40
76.20
76.20
76.20
152.40
76.20
152.40
76.20
76.20
152.40
152.40
76.20
152.40
152.40
76.20
152.40
76.20
76.20
76.20
152.40
76.20
76.20
76.20
152.40
76.20
152.40
76.20
152.40
152.40
76.20
152.40
152.40
76.20
152.40
152.40
76.20
152.40
76.20
152.40
152.40
76.20
152.40
152.40
76.20
152.40
152.40
152.40
152.40
152.40
76.20
152.40
254.00
152.40
152.40
203.20
152.40
152.40
76.20
406.40
76.20
152.40
152.40
152.40
152.40
76.20
152.40
76.20
76.20
76.20
76.20
152.40
152.40
152.40
152.40
76.20
152.40
152.40
76.20
76.20
152.40
76.20
76.20
152.40
152.40
152.40
152.40
152.40
76.20
76.20
152.40
76.20
152.40
76.20
76.20
152.40
152.40
76.20
152.40
76.20
152.40
76.20
76.20
152.40
76.20
152.40
152.40
76.20
152.40
76.20
152.40
76.20
762.00
152.40
76.20
76.20
152.40
76.20
152.40
76.20
76.20
355.60
152.40
76.20
152.40
152.40
152.40
76.20
152.40
152.40
152.40
152.40
76.20
152.40
508.00
152.40
76.20
152.40
76.20
152.40
76.20
76.20
152.40
152.40
76.20
76.20
76.20
152.40
152.40
76.20
152.40
76.20
76.20
76.20
152.40
152.40
76.20
152.40
152.40
152.40
304.80
152.40
76.20
152.40
152.40
76.20
152.40
76.20
152.40
152.40
76.20
76.20
152.40
76.20
152.40
76.20
152.40
76.20
304.80
152.40
152.40
152.40
152.40
76.20
152.40
76.20
152.40
457.20
152.40
101.60
76.20
152.40
152.40
152.40
152.40
152.40
76.20
152.40
76.20
76.20
76.20
152.40
152.40
76.20
152.40
76.20
76.20
76.20
152.40
152.40
76.20
76.20
152.40
355.60
76.20
304.80
76.20
76.20
152.40
152.40
152.40
76.20
76.20
76.20
152.40
152.40
76.20
76.20
76.20
152.40
152.40
76.20
76.20
152.40
76.20
304.80
152.40
76.20
152.40
152.40
76.20
152.40
152.40
152.40
76.20
203.20
76.20
76.20
76.20
76.20
152.40
76.20
762.00
152.40
76.20
152.40
76.20
152.40
152.40
152.40
152.40
76.20
152.40
76.20
152.40
76.20
152.40
304.80
76.20
152.40
76.20
508.00
152.40
152.40
152.40
76.20
152.40
152.40
304.80
152.40
762.00
76.20
76.20
152.40
76.20
76.20
76.20
152.40
152.40
76.20
355.60
152.40
406.40
152.40
152.40
76.20
152.40
152.40
152.40
152.40
76.20
152.40
152.40
152.40
76.20
304.80
76.20
152.40
152.40
76.20
76.20
152.40
152.40
152.40
76.20
152.40
152.40
152.40
152.40
152.40
76.20
152.40
76.20
76.20
152.40
152.40
152.40
152.40
152.40
76.20
152.40
152.40
76.20
152.40
152.40
152.40
152.40
76.20
76.20
76.20
152.40
76.20
76.20
76.20
152.40
76.20
76.20
152.40
152.40
152.40
152.40
152.40
76.20
76.20
76.20
76.20
152.40
152.40
76.20
152.40
76.20
609.60
76.20
76.20
152.40
152.40
76.20
76.20
152.40
76.20
152.40
152.40
152.40
76.20
152.40
76.20
76.20
152.40
152.40
152.40
254.00
152.40
152.40
152.40
152.40
76.20
76.20
76.20
76.20
76.20
152.40
152.40
152.40
76.20
152.40
152.40
152.40
76.20
152.40
152.40
76.20
152.40
152.40
76.20
76.20
76.20
152.40
203.20
76.20
152.40
406.40
152.40
76.20
152.40
152.40
152.40
76.20
76.20
76.20
76.20
152.40
152.40
152.40
76.20
152.40
152.40
152.40
152.40
76.20
76.20
152.40
76.20
152.40
101.60
152.40
76.20
152.40
152.40
76.20
76.20
76.20
152.40
152.40
914.40
457.20
76.20
152.40
152.40
76.20
152.40
152.40
76.20
76.20
152.40
76.20
152.40
76.20
76.20
76.20
152.40
152.40
304.80
152.40
152.40
609.60
76.20
76.20
152.40
152.40
152.40
101.60
76.20
152.40
152.40
76.20
152.40
76.20
76.20
76.20
152.40
152.40
76.20
76.20
76.20
76.20
152.40
152.40
152.40
76.20
152.40
76.20
76.20
76.20
76.20
152.40
152.40
152.40
152.40
76.20
76.20
152.40
76.20
152.40
152.40
152.40
152.40
76.20
76.20
152.40
76.20
152.40
152.40
76.20
76.20
76.20
76.20
152.40
457.20
152.40
76.20
152.40
152.40
152.40
152.40
152.40
152.40
76.20
152.40
152.40
152.40
152.40
76.20
152.40
152.40
76.20
152.40
152.40
152.40
152.40
152.40
152.40
152.40
152.40
152.40
76.20
76.20
76.20
152.40
76.20
76.20
152.40
152.40
152.40
76.20
152.40
76.20
152.40
76.20
152.40
76.20
152.40
76.20
76.20
76.20
152.40
152.40
76.20
152.40
76.20
355.60
152.40
76.20
76.20
152.40
76.20
304.80
152.40
76.20
203.20
76.20
76.20
152.40
152.40
76.20
101.60
152.40
152.40
76.20
76.20
76.20
76.20
152.40
76.20
76.20
152.40
152.40
152.40
152.40
76.20
152.40
76.20
152.40
203.20
152.40
76.20
152.40
76.20
76.20
152.40
76.20
76.20
76.20
152.40
152.40
152.40
152.40
152.40
152.40
406.40
76.20
76.20
152.40
152.40
152.40
76.20
152.40
76.20
76.20
76.20
76.20
152.40
76.20
254.00
76.20
152.40
152.40
152.40
76.20
152.40
152.40
152.40
152.40
76.20
152.40
152.40
152.40
152.40
152.40
152.40
76.20
76.20
152.40
76.20
152.40
152.40
304.80
76.20
152.40
152.40
152.40
76.20
76.20
152.40
152.40
152.40
406.40
76.20
152.40
152.40
152.40
76.20
76.20
355.60
101.60
76.20
76.20
152.40
76.20
76.20
152.40
76.20
762.00
152.40
152.40
152.40
76.20
152.40
152.40
76.20
762.00
152.40
152.40
101.60
152.40
152.40
762.00
152.40
76.20
152.40
76.20
76.20
152.40
76.20
152.40
76.20
152.40
76.20
152.40
152.40
152.40
101.60
76.20
152.40
76.20
152.40
76.20
76.20
152.40
76.20
152.40
76.20
76.20
152.40
76.20
152.40
152.40
152.40
152.40
76.20
76.20
152.40
76.20
152.40
152.40
76.20
76.20
152.40
76.20
152.40
76.20
76.20
76.20
914.40
152.40
152.40
152.40
76.20
76.20
76.20
76.20
76.20
152.40
254.00
76.20
152.40
101.60
152.40
152.40
76.20
152.40
152.40
152.40
152.40
152.40
152.40
76.20
152.40
76.20
76.20
101.60
76.20
76.20
76.20
152.40
76.20
152.40
76.20
152.40
152.40
76.20
152.40
152.40
76.20
76.20
914.40
152.40
152.40
152.40
152.40
76.20
152.40
152.40
76.20
76.20
152.40
76.20
152.40
76.20
152.40
76.20
152.40
152.40
152.40
76.20
152.40
76.20
152.40
152.40
152.40
76.20
76.20
152.40
406.40
152.40
76.20
152.40
152.40
152.40
254.00
76.20
76.20
76.20
76.20
76.20
76.20
76.20
152.40
152.40
152.40
152.40
152.40
76.20
152.40
152.40
76.20
152.40
152.40
76.20
152.40
152.40
76.20
152.40
152.40
76.20
152.40
76.20
76.20
152.40
152.40
76.20
152.40
152.40
76.20
152.40
152.40
152.40
152.40
152.40
76.20
152.40
76.20
76.20
152.40
152.40
152.40
152.40
152.40
76.20
152.40
76.20
152.40
152.40
76.20
76.20
76.20
152.40
152.40
76.20
76.20
152.40
76.20
76.20
152.40
152.40
76.20
76.20
152.40
76.20
152.40
76.20
76.20
76.20
152.40
76.20
152.40
152.40
152.40
76.20
152.40
152.40
76.20
76.20
152.40
152.40
152.40
76.20
76.20
152.40
152.40
76.20
76.20
152.40
152.40
152.40
76.20
152.40
76.20
76.20
76.20
152.40
76.20
76.20
152.40
76.20
76.20
76.20
76.20
152.40
152.40
76.20
152.40
152.40
76.20
152.40
152.40
76.20
76.20
152.40
76.20
152.40
76.20
76.20
76.20
152.40
76.20
76.20
101.60
76.20
152.40
76.20
76.20
76.20
76.20
152.40
76.20
76.20
76.20
609.60
152.40
152.40
152.40
76.20
152.40
152.40
152.40
76.20
76.20
152.40
76.20
76.20
76.20
152.40
76.20
508.00
152.40
152.40
152.40
76.20
152.40
152.40
76.20
457.20
76.20
914.40
76.20
152.40
152.40
152.40
152.40
152.40
152.40
152.40
76.20
76.20
152.40
76.20
152.40
152.40
152.40
152.40
254.00
152.40
152.40
76.20
609.60
76.20
203.20
76.20
152.40
76.20
76.20
152.40
76.20
152.40
76.20
76.20
76.20
152.40
76.20
76.20
76.20
76.20
152.40
152.40
152.40
152.40
152.40
76.20
152.40
76.20
152.40
76.20
76.20
76.20
152.40
355.60
152.40
76.20
101.60
152.40
152.40
152.40
152.40
152.40
76.20
152.40
152.40
76.20
76.20
152.40
152.40
152.40
152.40
152.40
762.00
609.60
76.20
152.40
152.40
152.40
152.40
76.20
76.20
152.40
76.20
76.20
152.40
152.40
76.20
152.40
152.40
76.20
76.20
76.20
76.20
152.40
76.20
152.40
76.20
76.20
152.40
76.20
152.40
152.40
304.80
152.40
152.40
76.20
152.40
152.40
76.20
76.20
152.40
76.20
76.20
76.20
152.40
152.40
152.40
76.20
152.40
76.20
76.20
76.20
762.00
152.40
152.40
152.40
76.20
76.20
76.20
76.20
152.40
76.20
152.40
152.40
76.20
152.40
406.40
152.40
152.40
76.20
152.40
152.40
76.20
76.20
76.20
457.20
76.20
152.40
152.40
203.20
152.40
76.20
152.40
76.20
152.40
76.20
152.40
152.40
76.20
76.20
76.20
76.20
152.40
152.40
76.20
76.20
152.40
152.40
76.20
76.20
152.40
152.40
304.80
152.40
152.40
76.20
76.20
76.20
152.40
76.20
76.20
152.40
152.40
76.20
76.20
76.20
76.20
76.20
152.40
762.00
152.40
152.40
609.60
152.40
152.40
76.20
152.40
152.40
76.20
152.40
152.40
152.40
152.40
152.40
152.40
76.20
152.40
152.40
203.20
76.20
152.40
76.20
76.20
152.40
76.20
914.40
76.20
457.20
152.40
152.40
76.20
152.40
254.00
152.40
152.40
76.20
152.40
152.40
76.20
152.40
76.20
76.20
76.20
76.20
203.20
152.40
76.20
152.40
152.40
76.20
76.20
76.20
76.20
76.20
152.40
152.40
152.40
76.20
101.60
76.20
76.20
152.40
76.20
76.20
152.40
152.40
508.00
152.40
76.20
152.40
76.20
76.20
152.40
152.40
203.20
76.20
152.40
152.40
304.80
152.40
152.40
355.60
152.40
152.40
152.40
457.20
152.40
152.40
152.40
152.40
76.20
76.20
76.20
152.40
76.20
76.20
152.40
152.40
152.40
76.20
152.40
76.20
76.20
152.40
152.40
76.20
152.40
152.40
152.40
152.40
76.20
76.20
152.40
76.20
76.20
152.40
152.40
76.20
152.40
152.40
76.20
152.40
152.40
76.20
152.40
76.20
152.40
152.40
76.20
152.40
152.40
76.20
76.20
76.20
152.40
76.20
76.20
152.40
101.60
152.40
76.20
76.20
152.40
609.60
152.40
152.40
152.40
76.20
76.20
76.20
152.40
76.20
355.60
76.20
152.40
76.20
152.40
152.40
76.20
76.20
76.20
152.40
76.20
76.20
76.20
76.20
76.20
76.20
508.00
152.40
152.40
76.20
76.20
152.40
152.40
76.20
76.20
152.40
76.20
76.20
152.40
152.40
76.20
152.40
76.20
152.40
152.40
76.20
152.40
76.20
152.40
76.20
76.20
76.20
152.40
152.40
76.20
76.20
76.20
152.40
152.40
76.20
152.40
152.40
76.20
76.20
152.40
203.20
76.20
76.20
76.20
76.20
152.40
152.40
152.40
152.40
152.40
76.20
76.20
76.20
76.20
152.40
152.40
152.40
152.40
76.20
76.20
152.40
152.40
152.40
76.20
152.40
152.40
76.20
76.20
152.40
152.40
152.40
76.20
152.40
76.20
76.20
152.40
152.40
76.20
76.20
76.20
152.40
152.40
152.40
152.40
152.40
304.80
152.40
152.40
609.60
152.40
152.40
76.20
152.40
76.20
152.40
76.20
762.00
152.40
152.40
152.40
76.20
152.40
152.40
76.20
152.40
76.20
152.40
152.40
76.20
76.20
76.20
76.20
152.40
76.20
76.20
152.40
76.20
76.20
76.20
406.40
914.40
152.40
152.40
152.40
152.40
76.20
152.40
152.40
152.40
152.40
152.40
152.40
152.40
76.20
76.20
152.40
76.20
152.40
76.20
76.20
76.20
76.20
152.40
152.40
76.20
609.60
152.40
152.40
76.20
406.40
152.40
457.20
76.20
152.40
76.20
152.40
152.40
76.20
152.40
152.40
152.40
152.40
152.40
152.40
101.60
76.20
152.40
152.40
152.40
76.20
508.00
76.20
76.20
609.60
152.40
76.20
152.40
152.40
152.40
76.20
152.40
152.40
152.40
76.20
152.40
152.40
152.40
76.20
76.20
76.20
76.20
76.20
152.40
76.20
76.20
76.20
152.40
152.40
152.40
152.40
609.60
76.20
76.20
152.40
76.20
76.20
152.40
152.40
304.80
355.60
76.20
76.20
152.40
76.20
152.40
152.40
76.20
76.20
76.20
152.40
76.20
152.40
76.20
76.20
152.40
76.20
355.60
76.20
152.40
76.20
76.20
152.40
76.20
76.20
152.40
76.20
203.20
76.20
76.20
152.40
152.40
152.40
304.80
76.20
152.40
152.40
76.20
152.40
152.40
76.20
76.20
152.40
152.40
152.40
76.20
76.20
76.20
152.40
76.20
76.20
152.40
152.40
152.40
152.40
101.60
152.40
152.40
152.40
76.20
76.20
76.20
76.20
152.40
76.20
76.20
152.40
76.20
152.40
152.40
76.20
152.40
152.40
76.20
152.40
76.20
152.40
76.20
76.20
152.40
152.40
76.20
152.40
152.40
152.40
101.60
152.40
152.40
76.20
152.40
152.40
76.20
76.20
76.20
152.40
76.20
76.20
152.40
76.20
152.40
152.40
152.40
152.40
76.20
152.40
762.00
152.40
152.40
152.40
254.00
609.60
76.20
152.40
76.20
152.40
152.40
152.40
76.20
152.40
76.20
152.40
76.20
76.20
152.40
152.40
254.00
152.40
101.60
76.20
355.60
76.20
76.20
76.20
152.40
152.40
152.40
152.40
152.40
152.40
152.40
76.20
152.40
152.40
152.40
152.40
76.20
76.20
152.40
152.40
76.20
76.20
152.40
152.40
76.20
76.20
152.40
152.40
152.40
152.40
152.40
508.00
406.40
152.40
152.40
152.40
152.40
152.40
76.20
76.20
152.40
76.20
152.40
152.40
76.20
152.40
152.40
152.40
76.20
76.20
152.40
76.20
152.40
76.20
152.40
152.40
76.20
304.80
457.20
76.20
152.40
152.40
152.40
76.20
762.00
152.40
76.20
152.40
76.20
76.20
152.40
152.40
152.40
406.40
76.20
152.40
152.40
762.00
152.40
152.40
76.20
152.40
76.20
76.20
76.20
76.20
152.40
152.40
152.40
76.20
152.40
76.20
152.40
152.40
152.40
76.20
152.40
76.20
76.20
76.20
76.20
76.20
152.40
152.40
76.20
76.20
152.40
152.40
152.40
152.40
152.40
76.20
152.40
76.20
152.40
76.20
152.40
76.20
76.20
76.20
152.40
152.40
76.20
152.40
152.40
152.40
152.40
152.40
76.20
76.20
76.20
152.40
152.40
152.40
152.40
76.20
406.40
152.40
76.20
355.60
203.20
152.40
76.20
76.20
76.20
152.40
152.40
76.20
76.20
152.40
101.60
76.20
152.40
76.20
76.20
152.40
76.20
76.20
152.40
152.40
152.40
152.40
76.20
76.20
76.20
152.40
152.40
76.20
76.20
76.20
152.40
152.40
152.40
76.20
457.20
508.00
152.40
76.20
152.40
152.40
76.20
355.60
76.20
152.40
76.20
76.20
76.20
76.20
76.20
152.40
152.40
152.40
152.40
76.20
76.20
76.20
406.40
152.40
152.40
152.40
355.60
76.20
76.20
76.20
355.60
203.20
152.40
152.40
76.20
457.20
76.20
76.20
914.40
152.40
406.40
76.20
152.40
203.20
152.40
76.20
76.20
76.20
203.20
406.40
76.20
76.20
304.80
152.40
76.20
76.20
76.20
152.40
76.20
406.40
152.40
152.40
254.00
152.40
76.20
76.20
76.20
101.60
762.00
76.20
152.40
152.40
76.20
152.40
76.20
76.20
76.20
76.20
76.20
152.40
152.40
76.20
304.80
762.00
457.20
152.40
254.00
152.40
203.20
152.40
152.40
76.20
152.40
355.60
457.20
152.40
355.60
304.80
152.40
76.20
152.40
152.40
406.40
152.40
152.40
914.40
152.40
152.40
152.40
406.40
762.00
457.20
762.00
152.40
152.40
76.20
76.20
76.20
152.40
152.40
76.20
762.00
152.40
152.40
76.20
152.40
152.40
254.00
101.60
152.40
152.40
76.20
254.00
406.40
76.20
76.20
152.40
914.40
762.00
76.20
406.40
76.20
76.20
101.60
101.60
152.40
152.40
152.40
76.20
152.40
152.40
203.20
76.20
76.20
254.00
76.20
76.20
609.60
76.20
152.40
76.20
152.40
152.40
152.40
76.20
152.40
76.20
76.20
254.00
76.20
152.40
152.40
355.60
76.20
76.20
76.20
406.40
152.40
152.40
76.20
203.20
152.40
152.40
355.60
76.20
152.40
355.60
76.20
152.40
609.60
101.60
152.40
76.20
152.40
76.20
76.20
508.00
76.20
508.00
76.20
152.40
457.20
76.20
152.40
914.40
508.00
76.20
152.40
76.20
152.40
76.20
762.00
152.40
76.20
152.40
914.40
76.20
76.20
101.60
76.20
609.60
76.20
508.00
152.40
152.40
76.20
76.20
76.20
76.20
76.20
152.40
355.60
152.40
152.40
76.20
76.20
76.20
76.20
152.40
508.00
762.00
76.20
152.40
152.40
76.20
101.60
152.40
914.40
152.40
76.20
76.20
76.20
152.40
152.40
76.20
76.20
152.40
457.20
152.40
76.20
152.40
76.20
76.20
152.40
76.20
152.40
152.40
304.80
76.20
76.20
203.20
101.60
457.20
76.20
76.20
508.00
152.40
76.20
152.40
76.20
76.20
101.60
457.20
76.20
609.60
76.20
76.20
76.20
508.00
304.80
152.40
76.20
762.00
76.20
609.60
762.00
152.40
152.40
406.40
254.00
609.60
152.40
76.20
203.20
508.00
152.40
304.80
76.20
76.20
101.60
254.00
76.20
152.40
76.20
609.60
152.40
152.40
152.40
76.20
76.20
914.40
76.20
101.60
76.20
76.20
457.20
609.60
609.60
254.00
152.40
76.20
152.40
914.40
76.20
203.20
152.40
76.20
76.20
152.40
76.20
152.40
355.60
152.40
152.40
762.00
152.40
76.20
76.20
76.20
76.20
152.40
304.80
76.20
203.20
762.00
152.40
152.40
609.60
152.40
152.40
152.40
609.60
254.00
152.40
152.40
76.20
152.40
457.20
152.40
152.40
304.80
76.20
76.20
508.00
76.20
76.20
76.20
152.40
101.60
406.40
101.60
508.00
355.60
101.60
152.40
76.20
508.00
152.40
457.20
152.40
254.00
76.20
76.20
152.40
304.80
152.40
76.20
152.40
304.80
508.00
406.40
152.40
152.40
76.20
762.00
101.60
406.40
76.20
76.20
76.20
304.80
152.40
76.20
406.40
152.40
152.40
152.40
762.00
76.20
203.20
152.40
76.20
152.40
508.00
406.40
304.80
457.20
76.20
76.20
76.20
152.40
152.40
76.20
101.60
508.00
304.80
101.60
152.40
152.40
76.20
76.20
508.00
76.20
76.20
76.20
152.40
152.40
76.20
152.40
355.60
76.20
76.20
76.20
76.20
152.40
152.40
76.20
76.20
152.40
76.20
152.40
76.20
76.20
76.20
76.20
152.40
152.40
609.60
76.20
914.40
76.20
762.00
152.40
508.00
76.20
152.40
609.60
76.20
762.00
152.40
76.20
609.60
609.60
76.20
203.20
152.40
254.00
152.40
76.20
152.40
254.00
457.20
914.40
76.20
152.40
76.20
76.20
152.40
76.20
152.40
76.20
203.20
76.20
76.20
76.20
609.60
76.20
76.20
76.20
152.40
609.60
152.40
152.40
457.20
406.40
254.00
76.20
152.40
304.80
76.20
152.40
76.20
76.20
152.40
76.20
304.80
76.20
152.40
152.40
203.20
203.20
457.20
152.40
76.20
152.40
152.40
152.40
355.60
914.40
152.40
406.40
152.40
406.40
304.80
508.00
76.20
152.40
152.40
76.20
152.40
762.00
152.40
152.40
457.20
76.20
76.20
76.20
609.60
203.20
152.40
762.00
76.20
76.20
76.20
254.00
152.40
406.40
508.00
101.60
152.40
76.20
76.20
508.00
457.20
609.60
152.40
152.40
76.20
457.20
152.40
762.00
152.40
406.40
76.20
76.20
101.60
76.20
152.40
609.60
152.40
76.20
508.00
76.20
152.40
76.20
152.40
152.40
76.20
76.20
152.40
76.20
76.20
101.60
152.40
76.20
76.20
152.40
76.20
76.20
76.20
152.40
508.00
76.20
152.40
203.20
76.20
152.40
152.40
152.40
355.60
254.00
76.20
152.40
304.80
152.40
914.40
152.40
152.40
76.20
76.20
152.40
152.40
152.40
203.20
76.20
508.00
762.00
152.40
76.20
152.40
76.20
457.20
609.60
76.20
406.40
76.20
101.60
152.40
254.00
152.40
152.40
152.40
76.20
254.00
152.40
76.20
76.20
76.20
76.20
76.20
152.40
76.20
152.40
152.40
152.40
152.40
76.20
76.20
76.20
609.60
76.20
355.60
76.20
152.40
76.20
76.20
152.40
152.40
76.20
76.20
457.20
76.20
203.20
152.40
76.20
152.40
152.40
152.40
152.40
152.40
152.40
76.20
914.40
152.40
152.40
152.40
406.40
609.60
457.20
355.60
152.40
304.80
76.20
76.20
355.60
76.20
76.20
76.20
152.40
76.20
304.80
152.40
76.20
76.20
76.20
76.20
152.40
762.00
152.40
304.80
152.40
762.00
406.40
152.40
152.40
76.20
152.40
101.60
76.20
152.40
762.00
203.20
457.20
76.20
76.20
152.40
152.40
406.40
254.00
76.20
762.00
76.20
76.20
76.20
152.40
76.20
304.80
152.40
101.60
152.40
254.00
76.20
76.20
76.20
152.40
152.40
152.40
76.20
152.40
152.40
406.40
76.20
457.20
609.60
508.00
76.20
76.20
76.20
406.40
152.40
152.40
152.40
76.20
76.20
152.40
76.20
152.40
304.80
152.40
76.20
457.20
152.40
76.20
76.20
152.40
406.40
152.40
203.20
609.60
254.00
152.40
76.20
76.20
152.40
152.40
152.40
76.20
152.40
76.20
76.20
76.20
76.20
76.20
508.00
457.20
355.60
76.20
355.60
76.20
254.00
355.60
76.20
76.20
152.40
76.20
152.40
762.00
76.20
355.60
508.00
152.40
76.20
76.20
76.20
152.40
152.40
152.40
304.80
76.20
152.40
355.60
76.20
76.20
304.80
457.20
76.20
152.40
76.20
152.40
76.20
76.20
152.40
152.40
152.40
152.40
457.20
152.40
76.20
76.20
76.20
76.20
76.20
152.40
76.20
152.40
76.20
152.40
76.20
152.40
76.20
152.40
76.20
152.40
152.40
203.20
101.60
152.40
762.00
152.40
762.00
152.40
355.60
355.60
76.20
152.40
76.20
254.00
76.20
152.40
457.20
609.60
406.40
76.20
152.40
152.40
152.40
76.20
76.20
152.40
609.60
762.00
152.40
76.20
457.20
254.00
152.40
76.20
76.20
508.00
152.40
254.00
152.40
152.40
76.20
152.40
152.40
152.40
76.20
152.40
76.20
609.60
152.40
76.20
76.20
152.40
203.20
76.20
152.40
762.00
152.40
152.40
152.40
152.40
457.20
152.40
101.60
76.20
457.20
76.20
609.60
203.20
76.20
76.20
508.00
152.40
76.20
76.20
76.20
203.20
152.40
152.40
152.40
152.40
762.00
152.40
152.40
76.20
76.20
152.40
152.40
76.20
152.40
152.40
152.40
76.20
152.40
457.20
152.40
76.20
152.40
152.40
76.20
76.20
152.40
76.20
76.20
101.60
152.40
457.20
76.20
304.80
152.40
762.00
152.40
762.00
152.40
152.40
508.00
762.00
152.40
152.40
76.20
762.00
152.40
152.40
762.00
76.20
203.20
762.00
152.40
508.00
152.40
355.60
76.20
152.40
152.40
152.40
76.20
152.40
152.40
152.40
152.40
152.40
76.20
609.60
457.20
609.60
152.40
76.20
76.20
76.20
152.40
152.40
76.20
152.40
508.00
101.60
76.20
914.40
76.20
76.20
76.20
152.40
457.20
355.60
76.20
76.20
508.00
609.60
76.20
406.40
355.60
152.40
152.40
152.40
152.40
609.60
76.20
406.40
76.20
457.20
762.00
304.80
152.40
508.00
762.00
76.20
76.20
152.40
406.40
152.40
457.20
152.40
76.20
152.40
76.20
406.40
609.60
152.40
914.40
152.40
76.20
152.40
254.00
152.40
76.20
76.20
152.40
406.40
76.20
152.40
152.40
304.80
152.40
203.20
152.40
152.40
762.00
76.20
203.20
76.20
152.40
76.20
152.40
76.20
152.40
152.40
76.20
203.20
609.60
152.40
76.20
152.40
457.20
152.40
152.40
406.40
101.60
304.80
152.40
76.20
152.40
152.40
304.80
508.00
76.20
304.80
76.20
76.20
304.80
508.00
152.40
152.40
254.00
76.20
76.20
152.40
152.40
152.40
76.20
914.40
76.20
152.40
152.40
762.00
76.20
152.40
508.00
76.20
152.40
152.40
152.40
609.60
76.20
152.40
152.40
76.20
76.20
457.20
76.20
76.20
76.20
76.20
152.40
203.20
152.40
76.20
76.20
152.40
152.40
457.20
152.40
152.40
355.60
76.20
152.40
254.00
355.60
152.40
76.20
914.40
76.20
76.20
406.40
152.40
76.20
152.40
76.20
152.40
152.40
355.60
76.20
152.40
76.20
101.60
508.00
76.20
152.40
76.20
76.20
152.40
152.40
254.00
76.20
76.20
152.40
254.00
406.40
76.20
76.20
152.40
609.60
76.20
76.20
152.40
76.20
152.40
76.20
152.40
762.00
76.20
76.20
152.40
152.40
152.40
152.40
152.40
76.20
152.40
76.20
609.60
76.20
76.20
76.20
152.40
76.20
457.20
76.20
609.60
355.60
508.00
76.20
152.40
76.20
76.20
152.40
76.20
76.20
76.20
152.40
76.20
203.20
152.40
152.40
152.40
254.00
152.40
457.20
76.20
76.20
76.20
152.40
76.20
152.40
254.00
152.40
152.40
508.00
76.20
76.20
304.80
76.20
152.40
457.20
76.20
76.20
508.00
355.60
76.20
152.40
152.40
254.00
152.40
152.40
152.40
152.40
76.20
152.40
76.20
152.40
76.20
76.20
152.40
152.40
355.60
76.20
76.20
101.60
152.40
152.40
152.40
152.40
76.20
76.20
76.20
76.20
152.40
76.20
254.00
152.40
152.40
76.20
152.40
609.60
76.20
152.40
152.40
101.60
508.00
152.40
304.80
76.20
152.40
76.20
76.20
152.40
76.20
76.20
152.40
304.80
152.40
152.40
203.20
152.40
152.40
76.20
152.40
152.40
609.60
203.20
304.80
152.40
152.40
152.40
152.40
152.40
152.40
76.20
508.00
762.00
101.60
355.60
76.20
76.20
76.20
152.40
76.20
355.60
152.40
76.20
152.40
152.40
76.20
152.40
152.40
457.20
609.60
76.20
76.20
76.20
203.20
152.40
101.60
609.60
76.20
406.40
76.20
76.20
152.40
152.40
76.20
76.20
304.80
152.40
76.20
152.40
76.20
76.20
101.60
76.20
152.40
76.20
76.20
304.80
76.20
152.40
762.00
76.20
152.40
152.40
76.20
76.20
152.40
304.80
609.60
76.20
76.20
152.40
457.20
76.20
76.20
152.40
76.20
76.20
76.20
76.20
76.20
152.40
203.20
76.20
76.20
152.40
76.20
76.20
152.40
76.20
152.40
457.20
76.20
152.40
76.20
203.20
203.20
203.20
76.20
254.00
355.60
152.40
76.20
203.20
152.40
152.40
152.40
76.20
152.40
152.40
76.20
457.20
152.40
254.00
76.20
762.00
76.20
76.20
152.40
609.60
152.40
304.80
76.20
152.40
76.20
76.20
406.40
76.20
76.20
152.40
76.20
762.00
76.20
152.40
762.00
76.20
76.20
76.20
152.40
76.20
76.20
76.20
457.20
152.40
152.40
76.20
355.60
254.00
76.20
152.40
152.40
203.20
203.20
304.80
76.20
355.60
76.20
152.40
101.60
609.60
203.20
609.60
152.40
76.20
762.00
152.40
152.40
406.40
304.80
76.20
152.40
101.60
152.40
152.40
76.20
609.60
76.20
152.40
101.60
76.20
152.40
76.20
152.40
152.40
203.20
76.20
76.20
152.40
152.40
457.20
76.20
355.60
152.40
76.20
76.20
355.60
406.40
152.40
76.20
152.40
609.60
152.40
508.00
76.20
152.40
76.20
355.60
76.20
406.40
101.60
152.40
508.00
152.40
76.20
152.40
152.40
508.00
76.20
152.40
76.20
152.40
76.20
76.20
152.40
76.20
203.20
152.40
76.20
152.40
76.20
762.00
152.40
406.40
76.20
76.20
101.60
76.20
762.00
76.20
76.20
76.20
76.20
152.40
762.00
203.20
152.40
76.20
152.40
76.20
152.40
76.20
609.60
152.40
76.20
152.40
406.40
76.20
152.40
914.40
76.20
76.20
152.40
152.40
76.20
203.20
76.20
76.20
152.40
152.40
152.40
101.60
152.40
76.20
203.20
203.20
762.00
254.00
152.40
152.40
152.40
76.20
457.20
76.20
609.60
76.20
76.20
152.40
76.20
152.40
152.40
76.20
76.20
76.20
406.40
76.20
152.40
76.20
76.20
76.20
152.40
76.20
203.20
76.20
76.20
152.40
152.40
914.40
457.20
101.60
76.20
152.40
152.40
152.40
203.20
152.40
152.40
76.20
152.40
152.40
152.40
76.20
508.00
406.40
152.40
152.40
203.20
76.20
152.40
152.40
152.40
203.20
76.20
152.40
152.40
76.20
254.00
457.20
76.20
152.40
304.80
355.60
152.40
762.00
152.40
152.40
76.20
152.40
76.20
152.40
304.80
152.40
609.60
609.60
152.40
457.20
304.80
152.40
152.40
76.20
152.40
76.20
152.40
152.40
76.20
152.40
152.40
152.40
76.20
609.60
355.60
152.40
152.40
406.40
76.20
152.40
152.40
152.40
762.00
76.20
152.40
762.00
76.20
457.20
152.40
457.20
609.60
76.20
76.20
152.40
203.20
152.40
609.60
76.20
304.80
152.40
152.40
152.40
76.20
76.20
76.20
457.20
152.40
152.40
76.20
609.60
152.40
76.20
152.40
406.40
254.00
76.20
152.40
355.60
76.20
152.40
76.20
76.20
914.40
76.20
304.80
254.00
101.60
406.40
76.20
76.20
762.00
76.20
76.20
152.40
254.00
203.20
152.40
76.20
76.20
152.40
152.40
152.40
76.20
152.40
152.40
152.40
152.40
76.20
152.40
508.00
76.20
152.40
76.20
76.20
152.40
152.40
152.40
101.60
152.40
76.20
609.60
76.20
406.40
609.60
152.40
152.40
76.20
152.40
406.40
152.40
152.40
152.40
76.20
254.00
152.40
76.20
76.20
152.40
152.40
101.60
304.80
152.40
152.40
152.40
508.00
76.20
254.00
203.20
304.80
76.20
609.60
152.40
152.40
76.20
76.20
76.20
152.40
76.20
508.00
76.20
457.20
152.40
152.40
355.60
406.40
609.60
76.20
76.20
76.20
76.20
203.20
76.20
76.20
76.20
152.40
762.00
609.60
508.00
609.60
101.60
76.20
508.00
76.20
508.00
152.40
406.40
457.20
304.80
254.00
355.60
76.20
406.40
152.40
609.60
76.20
76.20
406.40
457.20
152.40
152.40
152.40
762.00
152.40
609.60
76.20
762.00
508.00
406.40
457.20
457.20
76.20
101.60
76.20
76.20
76.20
152.40
152.40
254.00
76.20
76.20
76.20
152.40
76.20
762.00
254.00
914.40
152.40
76.20
76.20
76.20
76.20
609.60
203.20
152.40
152.40
406.40
76.20
304.80
203.20
254.00
609.60
762.00
76.20
152.40
457.20
152.40
152.40
76.20
76.20
152.40
101.60
914.40
152.40
762.00
609.60
76.20
76.20
508.00
76.20
152.40
609.60
508.00
152.40
76.20
254.00
76.20
355.60
76.20
203.20
203.20
76.20
203.20
914.40
203.20
152.40
152.40
76.20
304.80
152.40
152.40
304.80
76.20
304.80
76.20
457.20
304.80
76.20
914.40
762.00
609.60
152.40
254.00
76.20
762.00
152.40
152.40
406.40
609.60
355.60
101.60
76.20
76.20
101.60
152.40
609.60
152.40
762.00
304.80
762.00
76.20
152.40
152.40
355.60
762.00
76.20
508.00
76.20
152.40
76.20
152.40
203.20
152.40
152.40
304.80
355.60
355.60
406.40
203.20
406.40
76.20
355.60
152.40
76.20
508.00
355.60
457.20
152.40
152.40
203.20
406.40
152.40
508.00
914.40
76.20
76.20
152.40
152.40
152.40
76.20
76.20
406.40
406.40
508.00
508.00
152.40
101.60
76.20
152.40
76.20
152.40
304.80
355.60
152.40
76.20
76.20
76.20
152.40
355.60
152.40
76.20
762.00
76.20
152.40
203.20
152.40
76.20
406.40
76.20
152.40
76.20
152.40
101.60
76.20
76.20
508.00
152.40
152.40
203.20
76.20
203.20
101.60
152.40
152.40
203.20
254.00
152.40
609.60
304.80
508.00
76.20
152.40
457.20
762.00
762.00
76.20
76.20
152.40
152.40
76.20
152.40
152.40
152.40
508.00
76.20
355.60
762.00
101.60
152.40
76.20
152.40
254.00
152.40
76.20
152.40
76.20
101.60
152.40
152.40
101.60
152.40
76.20
457.20
76.20
76.20
508.00
609.60
203.20
76.20
203.20
203.20
76.20
254.00
152.40
152.40
76.20
152.40
457.20
152.40
76.20
508.00
355.60
76.20
76.20
508.00
762.00
152.40
355.60
152.40
762.00
254.00
152.40
76.20
152.40
508.00
76.20
76.20
304.80
76.20
406.40
76.20
355.60
76.20
76.20
101.60
609.60
457.20
76.20
457.20
76.20
304.80
304.80
304.80
152.40
762.00
914.40
355.60
152.40
762.00
152.40
152.40
76.20
355.60
101.60
152.40
76.20
152.40
355.60
76.20
76.20
76.20
76.20
304.80
76.20
152.40
152.40
152.40
76.20
152.40
254.00
203.20
76.20
101.60
76.20
609.60
152.40
355.60
76.20
152.40
914.40
76.20
152.40
254.00
76.20
152.40
101.60
762.00
76.20
457.20
152.40
152.40
76.20
76.20
101.60
152.40
76.20
76.20
76.20
76.20
152.40
203.20
76.20
76.20
76.20
914.40
76.20
152.40
76.20
355.60
152.40
76.20
152.40
76.20
76.20
76.20
76.20
406.40
762.00
152.40
101.60
76.20
76.20
152.40
914.40
457.20
76.20
76.20
203.20
152.40
76.20
76.20
762.00
101.60
152.40
152.40
76.20
76.20
76.20
76.20
355.60
76.20
762.00
152.40
152.40
508.00
152.40
457.20
406.40
76.20
76.20
304.80
152.40
914.40
914.40
101.60
152.40
152.40
76.20
152.40
762.00
406.40
76.20
152.40
406.40
152.40
304.80
76.20
76.20
203.20
76.20
76.20
152.40
152.40
152.40
304.80
76.20
152.40
152.40
152.40
152.40
609.60
152.40
152.40
355.60
76.20
609.60
152.40
609.60
152.40
76.20
254.00
457.20
406.40
76.20
152.40
76.20
254.00
762.00
76.20
76.20
152.40
609.60
101.60
101.60
76.20
76.20
406.40
152.40
508.00
152.40
914.40
76.20
76.20
76.20
457.20
76.20
76.20
152.40
203.20
76.20
152.40
152.40
76.20
355.60
76.20
152.40
152.40
203.20
152.40
152.40
762.00
203.20
76.20
152.40
152.40
152.40
152.40
76.20
254.00
152.40
76.20
152.40
406.40
76.20
762.00
76.20
76.20
152.40
609.60
152.40
152.40
76.20
76.20
914.40
152.40
762.00
152.40
254.00
304.80
76.20
508.00
76.20
76.20
152.40
355.60
457.20
76.20
406.40
254.00
76.20
152.40
152.40
457.20
101.60
76.20
76.20
609.60
406.40
152.40
101.60
76.20
152.40
304.80
304.80
101.60
152.40
762.00
406.40
152.40
203.20
101.60
101.60
76.20
152.40
457.20
152.40
76.20
152.40
355.60
76.20
406.40
152.40
152.40
76.20
152.40
76.20
457.20
304.80
304.80
76.20
152.40
76.20
76.20
152.40
304.80
152.40
609.60
406.40
101.60
76.20
355.60
152.40
203.20
152.40
76.20
609.60
406.40
304.80
76.20
203.20
152.40
76.20
76.20
457.20
76.20
101.60
76.20
76.20
152.40
101.60
76.20
76.20
203.20
914.40
152.40
152.40
76.20
101.60
152.40
152.40
914.40
203.20
508.00
203.20
152.40
152.40
152.40
76.20
76.20
355.60
355.60
76.20
152.40
609.60
406.40
101.60
203.20
76.20
101.60
762.00
254.00
152.40
76.20
254.00
406.40
152.40
406.40
254.00
152.40
254.00
76.20
76.20
76.20
76.20
76.20
76.20
152.40
152.40
203.20
76.20
203.20
508.00
304.80
152.40
609.60
152.40
152.40
457.20
762.00
457.20
76.20
152.40
355.60
406.40
152.40
76.20
76.20
406.40
914.40
304.80
152.40
508.00
203.20
152.40
355.60
76.20
101.60
152.40
762.00
76.20
76.20
609.60
152.40
76.20
762.00
152.40
254.00
76.20
152.40
76.20
609.60
76.20
152.40
101.60
76.20
76.20
355.60
203.20
76.20
152.40
101.60
355.60
76.20
914.40
76.20
203.20
457.20
76.20
508.00
152.40
406.40
406.40
152.40
76.20
203.20
152.40
609.60
152.40
406.40
609.60
76.20
152.40
152.40
254.00
203.20
152.40
152.40
76.20
152.40
508.00
76.20
76.20
304.80
152.40
76.20
203.20
609.60
152.40
609.60
76.20
76.20
76.20
152.40
76.20
152.40
76.20
76.20
152.40
304.80
508.00
101.60
76.20
152.40
203.20
152.40
76.20
76.20
76.20
152.40
914.40
609.60
101.60
304.80
203.20
76.20
101.60
76.20
152.40
304.80
76.20
76.20
152.40
762.00
152.40
152.40
762.00
101.60
355.60
152.40
914.40
203.20
406.40
76.20
762.00
203.20
152.40
254.00
76.20
101.60
304.80
76.20
914.40
101.60
152.40
355.60
76.20
152.40
457.20
355.60
76.20
152.40
508.00
355.60
508.00
203.20
76.20
304.80
406.40
152.40
203.20
152.40
152.40
254.00
152.40
203.20
762.00
304.80
152.40
152.40
76.20
355.60
304.80
76.20
203.20
101.60
101.60
355.60
254.00
609.60
254.00
152.40
457.20
152.40
76.20
355.60
203.20
76.20
152.40
152.40
152.40
762.00
609.60
76.20
457.20
76.20
76.20
101.60
203.20
152.40
152.40
76.20
76.20
457.20
304.80
304.80
76.20
152.40
406.40
406.40
152.40
508.00
203.20
355.60
355.60
101.60
406.40
203.20
76.20
152.40
508.00
406.40
203.20
152.40
76.20
355.60
76.20
254.00
76.20
76.20
914.40
457.20
254.00
152.40
762.00
254.00
609.60
152.40
304.80
914.40
76.20
762.00
76.20
152.40
76.20
406.40
355.60
355.60
203.20
76.20
101.60
152.40
203.20
609.60
406.40
152.40
152.40
101.60
355.60
609.60
254.00
76.20
609.60
914.40
152.40
304.80
152.40
762.00
152.40
152.40
355.60
76.20
406.40
406.40
76.20
406.40
76.20
609.60
304.80
203.20
152.40
152.40
508.00
76.20
355.60
304.80
254.00
609.60
152.40
762.00
76.20
304.80
355.60
457.20
762.00
304.80
457.20
203.20
762.00
152.40
355.60
101.60
762.00
203.20
152.40
101.60
508.00
355.60
76.20
152.40
609.60
406.40
254.00
406.40
457.20
355.60
254.00
152.40
304.80
762.00
304.80
508.00
762.00
76.20
762.00
508.00
254.00
304.80
355.60
76.20
152.40
304.80
762.00
355.60
101.60
508.00
152.40
76.20
762.00
152.40
355.60
406.40
152.40
304.80
76.20
304.80
101.60
76.20
609.60
152.40
609.60
355.60
76.20
508.00
101.60
203.20
76.20
152.40
762.00
304.80
355.60
762.00
101.60
76.20
304.80
508.00
76.20
508.00
152.40
457.20
457.20
76.20
101.60
914.40
101.60
914.40
609.60
508.00
508.00
508.00
101.60
76.20
101.60
457.20
152.40
203.20
508.00
76.20
254.00
609.60
355.60
152.40
76.20
152.40
152.40
76.20
355.60
76.20
254.00
254.00
254.00
101.60
355.60
203.20
457.20
254.00
152.40
914.40
508.00
152.40
304.80
609.60
76.20
355.60
254.00
254.00
152.40
101.60
152.40
76.20
406.40
152.40
76.20
304.80
508.00
152.40
76.20
152.40
76.20
152.40
101.60
76.20
457.20
101.60
152.40
76.20
76.20
406.40
203.20
76.20
508.00
101.60
457.20
101.60
101.60
152.40
203.20
76.20
152.40
76.20
76.20
152.40
609.60
152.40
355.60
101.60
914.40
76.20
76.20
152.40
76.20
203.20
152.40
203.20
76.20
203.20
457.20
254.00
203.20
508.00
76.20
609.60
76.20
355.60
762.00
152.40
152.40
76.20
101.60
457.20
457.20
406.40
152.40
76.20
101.60
609.60
76.20
76.20
101.60
152.40
254.00
914.40
76.20
76.20
457.20
355.60
152.40
152.40
457.20
152.40
152.40
609.60
457.20
101.60
76.20
203.20
152.40
152.40
609.60
457.20
508.00
457.20
101.60
76.20
762.00
76.20
762.00
406.40
152.40
304.80
304.80
101.60
76.20
762.00
76.20
152.40
457.20
304.80
203.20
304.80
508.00
101.60
457.20
609.60
609.60
76.20
152.40
76.20
457.20
101.60
355.60
152.40
457.20
914.40
609.60
152.40
152.40
457.20
508.00
457.20
152.40
762.00
203.20
304.80
304.80
76.20
152.40
76.20
152.40
508.00
609.60
254.00
152.40
152.40
152.40
76.20
457.20
203.20
76.20
203.20
152.40
254.00
304.80
152.40
508.00
762.00
76.20
76.20
203.20
76.20
355.60
254.00
406.40
152.40
609.60
101.60
76.20
304.80
406.40
76.20
304.80
76.20
152.40
152.40
762.00
304.80
355.60
609.60
203.20
152.40
101.60
76.20
76.20
152.40
254.00
406.40
406.40
76.20
508.00
101.60
152.40
203.20
76.20
762.00
101.60
152.40
203.20
355.60
152.40
152.40
152.40
76.20
609.60
76.20
101.60
304.80
152.40
76.20
203.20
152.40
152.40
304.80
762.00
152.40
609.60
609.60
76.20
76.20
355.60
101.60
152.40
457.20
508.00
609.60
152.40
609.60
254.00
152.40
76.20
406.40
406.40
76.20
152.40
406.40
914.40
304.80
152.40
152.40
76.20
76.20
457.20
152.40
762.00
762.00
508.00
76.20
76.20
76.20
254.00
76.20
101.60
355.60
203.20
406.40
609.60
203.20
406.40
76.20
76.20
914.40
254.00
254.00
508.00
406.40
203.20
152.40
457.20
152.40
203.20
406.40
304.80
76.20
254.00
76.20
406.40
304.80
152.40
76.20
355.60
152.40
457.20
152.40
457.20
152.40
76.20
101.60
762.00
203.20
76.20
457.20
457.20
203.20
152.40
203.20
152.40
304.80
152.40
76.20
254.00
203.20
914.40
457.20
406.40
152.40
254.00
457.20
254.00
457.20
101.60
762.00
762.00
406.40
457.20
762.00
203.20
76.20
304.80
76.20
355.60
76.20
355.60
76.20
76.20
76.20
152.40
457.20
355.60
152.40
152.40
152.40
609.60
508.00
76.20
457.20
254.00
406.40
457.20
76.20
457.20
304.80
76.20
609.60
76.20
152.40
76.20
914.40
203.20
457.20
254.00
101.60
457.20
76.20
152.40
609.60
762.00
304.80
203.20
457.20
203.20
152.40
203.20
457.20
101.60
152.40
304.80
203.20
101.60
152.40
457.20
508.00
152.40
355.60
76.20
914.40
152.40
609.60
152.40
76.20
254.00
254.00
101.60
254.00
152.40
76.20
609.60
609.60
152.40
457.20
762.00
203.20
304.80
762.00
76.20
304.80
914.40
203.20
457.20
254.00
101.60
762.00
203.20
76.20
152.40
203.20
254.00
76.20
304.80
152.40
762.00
457.20
101.60
406.40
762.00
508.00
76.20
304.80
457.20
76.20
76.20
76.20
457.20
152.40
254.00
355.60
203.20
152.40
254.00
152.40
406.40
101.60
609.60
101.60
152.40
76.20
203.20
152.40
152.40
914.40
76.20
101.60
304.80
762.00
457.20
152.40
203.20
762.00
152.40
152.40
254.00
76.20
254.00
152.40
152.40
304.80
609.60
152.40
254.00
76.20
76.20
406.40
304.80
152.40
203.20
355.60
304.80
76.20
304.80
101.60
76.20
76.20
355.60
914.40
152.40
508.00
76.20
76.20
508.00
76.20
152.40
609.60
254.00
914.40
762.00
914.40
609.60
508.00
508.00
76.20
152.40
76.20
508.00
914.40
508.00
457.20
76.20
76.20
203.20
457.20
203.20
76.20
508.00
203.20
304.80
304.80
406.40
762.00
152.40
76.20
609.60
76.20
508.00
762.00
304.80
76.20
304.80
203.20
304.80
254.00
76.20
304.80
76.20
203.20
304.80
76.20
152.40
76.20
152.40
101.60
304.80
406.40
152.40
152.40
457.20
254.00
203.20
152.40
609.60
355.60
152.40
304.80
355.60
76.20
304.80
406.40
254.00
203.20
76.20
355.60
914.40
152.40
203.20
152.40
76.20
254.00
76.20
355.60
101.60
152.40
76.20
101.60
914.40
609.60
304.80
304.80
406.40
203.20
762.00
152.40
152.40
152.40
508.00
76.20
762.00
101.60
152.40
762.00
76.20
355.60
152.40
304.80
508.00
457.20
457.20
152.40
152.40
304.80
304.80
457.20
152.40
508.00
152.40
76.20
152.40
254.00
152.40
457.20
152.40
203.20
609.60
76.20
406.40
76.20
203.20
762.00
304.80
762.00
101.60
609.60
304.80
508.00
457.20
457.20
76.20
254.00
762.00
76.20
508.00
508.00
152.40
203.20
152.40
76.20
76.20
76.20
914.40
609.60
914.40
152.40
203.20
406.40
304.80
254.00
203.20
457.20
508.00
762.00
254.00
609.60
76.20
355.60
76.20
762.00
254.00
762.00
76.20
254.00
152.40
762.00
203.20
76.20
762.00
152.40
254.00
101.60
508.00
457.20
406.40
76.20
762.00
406.40
203.20
609.60
254.00
254.00
609.60
508.00
