150
18.736000
32.345000
28.215000
70.865000
101.128000
70.081000
43.707000
69.342000
31.283000
34.398000
15.494000
107.786000
39.487000
210.024000
80.058000
115.569000
143.318000
38.210000
112.807000
54.056000
61.250000
147.011000
43.056000
104.116000
56.067000
68.592000
209.730000
262.011000
37.672000
221.085000
63.774000
113.946000
27.961000
74.290000
153.026000
57.758000
77.089000
24.243000
131.824000
140.641000
99.196000
143.629000
166.944000
43.235000
97.526000
134.062000
74.631000
1.414000
113.224000
221.973000
53.037000
15.847000
69.598000
123.403000
91.466000
70.382000
150.764000
62.606000
97.900000
94.518000
34.703000
135.014000
2.062000
89.142000
85.536000
64.871000
143.796000
63.406000
235.293000
106.254000
97.066000
112.399000
64.814000
81.844000
65.374000
62.759000
88.272000
123.521000
120.984000
35.268000
170.768000
55.227000
112.646000
118.595000
89.344000
135.766000
65.979000
157.102000
122.938000
30.563000
93.413000
54.535000
58.777000
86.936000
139.937000
27.020000
88.199000
128.035000
105.434000
25.845000
97.107000
63.967000
53.134000
43.448000
95.858000
114.314000
49.865000
188.085000
69.845000
124.929000
98.119000
92.570000
23.153000
113.450000
76.875000
198.658000
117.604000
152.386000
18.862000
111.981000
89.755000
114.535000
197.216000
112.590000
214.155000
27.123000
158.020000
154.551000
85.692000
98.991000
26.137000
37.772000
16.025000
166.328000
77.833000
57.819000
24.134000
93.040000
26.811000
33.708000
15.494000
107.786000
39.487000
210.024000
80.058000
115.569000
79.424000
119.149000
3.734000
55.354000
304.80
304.80
304.80
304.80
304.80
304.80
304.80
304.80
304.80
152.40
152.40
152.40
152.40
203.20
152.40
152.40
254.00
254.00
101.60
76.20
76.20
76.20
76.20
101.60
76.20
76.20
76.20
76.20
76.20
76.20
254.00
203.20
76.20
101.60
254.00
152.40
152.40
101.60
152.40
76.20
101.60
76.20
76.20
76.20
76.20
76.20
101.60
76.20
76.20
76.20
76.20
76.20
152.40
76.20
76.20
76.20
76.20
76.20
76.20
76.20
76.20
76.20
76.20
76.20
76.20
76.20
76.20
76.20
76.20
152.40
152.40
152.40
152.40
152.40
203.20
152.40
203.20
76.20
76.20
76.20
76.20
76.20
76.20
76.20
76.20
76.20
76.20
76.20
76.20
76.20
76.20
76.20
76.20
76.20
76.20
76.20
76.20
76.20
76.20
76.20
76.20
76.20
76.20
76.20
76.20
203.20
76.20
152.40
101.60
101.60
101.60
101.60
76.20
101.60
101.60
76.20
76.20
76.20
76.20
76.20
76.20
76.20
76.20
76.20
76.20
76.20
76.20
76.20
76.20
76.20
254.00
152.40
76.20
76.20
76.20
76.20
76.20
76.20
76.20
254.00
254.00
254.00
254.00
254.00
254.00
254.00
203.20
76.20
76.20
76.20
304.80
304.80
355.60
304.80
304.80
304.80
304.80
304.80
304.80
152.40
152.40
152.40
152.40
203.20
152.40
152.40
254.00
254.00
152.40
76.20
76.20
76.20
76.20
101.60
76.20
76.20
76.20
76.20
76.20
76.20
254.00
203.20
76.20
101.60
254.00
152.40
152.40
101.60
152.40
76.20
101.60
76.20
76.20
76.20
76.20
76.20
101.60
76.20
76.20
76.20
76.20
76.20
152.40
76.20
76.20
76.20
101.60
76.20
76.20
101.60
76.20
76.20
76.20
76.20
76.20
76.20
76.20
76.20
76.20
152.40
152.40
152.40
203.20
152.40
203.20
152.40
203.20
76.20
76.20
76.20
76.20
76.20
76.20
76.20
76.20
76.20
76.20
76.20
76.20
76.20
76.20
76.20
76.20
76.20
76.20
76.20
76.20
76.20
76.20
76.20
76.20
76.20
76.20
76.20
76.20
203.20
76.20
152.40
101.60
101.60
101.60
101.60
76.20
101.60
101.60
76.20
76.20
76.20
76.20
76.20
76.20
76.20
76.20
76.20
76.20
76.20
76.20
76.20
76.20
76.20
254.00
152.40
76.20
101.60
76.20
76.20
76.20
76.20
76.20
254.00
254.00
254.00
254.00
254.00
254.00
254.00
203.20
76.20
76.20
76.20
304.80
304.80
355.60
304.80
304.80
304.80
304.80
304.80
304.80
152.40
152.40
152.40
152.40
203.20
152.40
152.40
254.00
254.00
152.40
76.20
76.20
76.20
76.20
101.60
76.20
76.20
76.20
76.20
76.20
76.20
254.00
203.20
76.20
101.60
254.00
152.40
152.40
101.60
152.40
76.20
101.60
76.20
76.20
76.20
76.20
76.20
101.60
76.20
76.20
76.20
76.20
76.20
152.40
76.20
76.20
101.60
101.60
76.20
76.20
76.20
76.20
76.20
76.20
76.20
76.20
76.20
76.20
76.20
76.20
152.40
152.40
152.40
203.20
152.40
203.20
152.40
254.00
76.20
76.20
76.20
76.20
76.20
152.40
76.20
76.20
76.20
76.20
76.20
76.20
76.20
76.20
76.20
76.20
76.20
76.20
76.20
76.20
76.20
76.20
76.20
76.20
76.20
76.20
76.20
76.20
203.20
76.20
152.40
101.60
101.60
101.60
101.60
76.20
101.60
101.60
76.20
76.20
76.20
76.20
76.20
76.20
76.20
76.20
76.20
76.20
76.20
76.20
76.20
76.20
76.20
254.00
152.40
76.20
101.60
76.20
76.20
76.20
76.20
76.20
254.00
254.00
254.00
254.00
254.00
254.00
254.00
203.20
76.20
76.20
76.20
304.80
304.80
355.60
304.80
304.80
304.80
304.80
254.00
304.80
152.40
152.40
152.40
152.40
254.00
152.40
152.40
254.00
254.00
152.40
76.20
76.20
76.20
76.20
101.60
76.20
76.20
76.20
76.20
101.60
76.20
254.00
203.20
76.20
101.60
254.00
152.40
152.40
101.60
152.40
76.20
101.60
76.20
76.20
76.20
101.60
76.20
101.60
76.20
76.20
76.20
76.20
76.20
152.40
76.20
76.20
101.60
101.60
76.20
76.20
76.20
76.20
76.20
76.20
76.20
76.20
76.20
76.20
76.20
76.20
152.40
152.40
152.40
203.20
152.40
203.20
152.40
254.00
76.20
76.20
76.20
76.20
76.20
152.40
76.20
76.20
76.20
76.20
76.20
76.20
76.20
76.20
76.20
101.60
101.60
76.20
76.20
76.20
76.20
76.20
76.20
76.20
76.20
76.20
76.20
76.20
203.20
76.20
152.40
101.60
101.60
101.60
101.60
76.20
101.60
101.60
76.20
76.20
76.20
76.20
76.20
76.20
76.20
76.20
76.20
76.20
76.20
76.20
76.20
76.20
76.20
254.00
152.40
101.60
76.20
76.20
76.20
76.20
76.20
76.20
254.00
254.00
254.00
254.00
254.00
254.00
254.00
203.20
76.20
76.20
76.20
304.80
304.80
355.60
304.80
304.80
304.80
304.80
254.00
304.80
152.40
152.40
152.40
152.40
254.00
152.40
152.40
254.00
254.00
152.40
76.20
76.20
76.20
76.20
101.60
76.20
76.20
76.20
76.20
101.60
76.20
254.00
203.20
76.20
101.60
254.00
152.40
152.40
101.60
152.40
76.20
101.60
76.20
76.20
76.20
101.60
101.60
101.60
76.20
76.20
76.20
76.20
76.20
152.40
76.20
76.20
101.60
101.60
101.60
76.20
101.60
101.60
76.20
76.20
76.20
76.20
76.20
76.20
101.60
76.20
152.40
152.40
152.40
203.20
152.40
203.20
203.20
254.00
76.20
76.20
76.20
76.20
76.20
152.40
76.20
76.20
101.60
76.20
76.20
76.20
76.20
101.60
76.20
101.60
101.60
76.20
76.20
76.20
76.20
76.20
76.20
76.20
76.20
76.20
76.20
76.20
203.20
76.20
152.40
101.60
101.60
101.60
76.20
76.20
101.60
101.60
76.20
76.20
76.20
76.20
76.20
76.20
101.60
76.20
76.20
76.20
76.20
76.20
76.20
76.20
76.20
254.00
152.40
101.60
76.20
101.60
76.20
76.20
76.20
76.20
254.00
254.00
254.00
254.00
254.00
254.00
254.00
203.20
76.20
76.20
101.60
304.80
304.80
355.60
304.80
304.80
304.80
304.80
254.00
304.80
152.40
152.40
152.40
152.40
254.00
152.40
152.40
254.00
254.00
152.40
76.20
76.20
76.20
76.20
152.40
76.20
76.20
76.20
76.20
101.60
76.20
254.00
203.20
76.20
101.60
254.00
152.40
152.40
101.60
152.40
76.20
101.60
76.20
76.20
76.20
101.60
101.60
101.60
76.20
76.20
76.20
76.20
76.20
152.40
76.20
76.20
101.60
101.60
101.60
76.20
101.60
101.60
76.20
76.20
76.20
76.20
76.20
76.20
101.60
76.20
152.40
152.40
152.40
152.40
152.40
203.20
203.20
254.00
76.20
76.20
76.20
101.60
76.20
152.40
76.20
76.20
101.60
76.20
76.20
76.20
76.20
101.60
101.60
101.60
101.60
76.20
76.20
101.60
76.20
76.20
76.20
76.20
76.20
76.20
76.20
76.20
203.20
76.20
152.40
101.60
101.60
101.60
76.20
76.20
101.60
76.20
101.60
76.20
76.20
76.20
76.20
76.20
101.60
76.20
76.20
76.20
76.20
76.20
76.20
76.20
76.20
254.00
152.40
152.40
76.20
101.60
101.60
76.20
76.20
76.20
254.00
254.00
254.00
254.00
254.00
254.00
254.00
203.20
76.20
76.20
101.60
254.00
304.80
355.60
304.80
304.80
304.80
304.80
254.00
304.80
101.60
254.00
457.20
304.80
406.40
152.40
152.40
254.00
254.00
101.60
76.20
76.20
76.20
76.20
101.60
76.20
76.20
76.20
76.20
76.20
76.20
203.20
203.20
76.20
101.60
254.00
152.40
152.40
101.60
101.60
76.20
101.60
76.20
76.20
76.20
76.20
76.20
101.60
76.20
76.20
76.20
76.20
76.20
152.40
76.20
76.20
76.20
76.20
76.20
76.20
76.20
76.20
76.20
76.20
76.20
76.20
76.20
76.20
76.20
76.20
152.40
152.40
152.40
152.40
152.40
152.40
152.40
203.20
76.20
76.20
76.20
76.20
76.20
76.20
76.20
76.20
76.20
76.20
76.20
76.20
76.20
76.20
76.20
76.20
76.20
76.20
76.20
76.20
76.20
76.20
76.20
76.20
76.20
76.20
76.20
76.20
304.80
76.20
355.60
101.60
76.20
203.20
76.20
152.40
76.20
76.20
76.20
76.20
76.20
76.20
76.20
76.20
76.20
76.20
76.20
76.20
76.20
76.20
76.20
76.20
152.40
609.60
203.20
101.60
101.60
76.20
152.40
76.20
76.20
76.20
254.00
152.40
254.00
254.00
254.00
254.00
254.00
203.20
76.20
76.20
76.20
254.00
304.80
355.60
355.60
304.80
304.80
304.80
254.00
304.80
101.60
254.00
457.20
304.80
406.40
152.40
152.40
254.00
254.00
101.60
76.20
76.20
76.20
76.20
101.60
76.20
76.20
76.20
76.20
101.60
101.60
254.00
203.20
76.20
101.60
254.00
152.40
152.40
101.60
101.60
76.20
101.60
76.20
76.20
101.60
76.20
76.20
101.60
76.20
101.60
76.20
76.20
76.20
152.40
76.20
76.20
76.20
76.20
76.20
101.60
76.20
76.20
76.20
76.20
101.60
76.20
76.20
101.60
76.20
101.60
152.40
203.20
152.40
152.40
152.40
152.40
203.20
203.20
76.20
76.20
76.20
76.20
76.20
101.60
76.20
101.60
76.20
76.20
76.20
76.20
76.20
76.20
76.20
76.20
76.20
76.20
76.20
76.20
76.20
76.20
76.20
76.20
76.20
76.20
76.20
101.60
254.00
76.20
355.60
152.40
76.20
203.20
76.20
152.40
76.20
76.20
76.20
76.20
76.20
101.60
76.20
76.20
76.20
76.20
76.20
76.20
101.60
76.20
76.20
76.20
152.40
609.60
203.20
101.60
101.60
76.20
152.40
76.20
76.20
76.20
254.00
152.40
355.60
304.80
254.00
254.00
254.00
203.20
76.20
76.20
76.20
406.40
254.00
203.20
457.20
355.60
457.20
254.00
304.80
406.40
203.20
152.40
254.00
101.60
203.20
203.20
254.00
457.20
203.20
101.60
101.60
76.20
76.20
76.20
76.20
76.20
76.20
76.20
76.20
76.20
101.60
304.80
254.00
152.40
76.20
254.00
203.20
76.20
152.40
203.20
76.20
101.60
76.20
101.60
76.20
76.20
76.20
101.60
76.20
76.20
76.20
76.20
76.20
152.40
76.20
76.20
76.20
76.20
76.20
152.40
76.20
76.20
101.60
101.60
76.20
76.20
76.20
76.20
101.60
76.20
203.20
203.20
254.00
152.40
152.40
152.40
101.60
203.20
101.60
76.20
76.20
101.60
76.20
76.20
76.20
76.20
76.20
76.20
76.20
76.20
76.20
76.20
76.20
76.20
76.20
76.20
101.60
76.20
76.20
76.20
101.60
76.20
76.20
101.60
76.20
101.60
152.40
76.20
152.40
76.20
76.20
152.40
76.20
76.20
76.20
76.20
76.20
76.20
76.20
76.20
76.20
76.20
76.20
76.20
101.60
101.60
76.20
101.60
76.20
76.20
101.60
406.40
152.40
76.20
203.20
101.60
101.60
101.60
152.40
152.40
304.80
304.80
254.00
304.80
406.40
203.20
304.80
152.40
76.20
76.20
76.20
762.00
254.00
203.20
457.20
406.40
508.00
254.00
304.80
609.60
355.60
254.00
508.00
101.60
355.60
406.40
914.40
914.40
203.20
508.00
762.00
508.00
457.20
152.40
254.00
457.20
304.80
76.20
203.20
254.00
762.00
355.60
254.00
304.80
76.20
304.80
762.00
101.60
406.40
457.20
406.40
457.20
355.60
762.00
457.20
609.60
203.20
508.00
457.20
254.00
406.40
101.60
406.40
508.00
203.20
76.20
508.00
304.80
609.60
914.40
254.00
101.60
762.00
762.00
152.40
76.20
203.20
457.20
762.00
304.80
203.20
304.80
457.20
203.20
254.00
254.00
152.40
406.40
762.00
508.00
152.40
304.80
355.60
203.20
152.40
457.20
76.20
304.80
609.60
254.00
609.60
254.00
609.60
152.40
609.60
152.40
762.00
508.00
203.20
152.40
762.00
76.20
152.40
762.00
406.40
203.20
203.20
457.20
254.00
254.00
457.20
762.00
304.80
304.80
76.20
203.20
355.60
609.60
508.00
304.80
254.00
609.60
406.40
406.40
762.00
508.00
152.40
508.00
203.20
76.20
254.00
914.40
406.40
406.40
762.00
355.60
355.60
406.40
508.00
457.20
406.40
406.40
254.00
355.60
457.20
203.20
355.60
152.40
304.80
457.20
152.40
203.20
508.00
762.00
254.00
609.60
355.60
609.60
762.00
508.00
152.40
762.00
406.40
355.60
254.00
508.00
355.60
457.20
203.20
101.60
457.20
609.60
254.00
508.00
203.20
152.40
101.60
152.40
101.60
609.60
609.60
406.40
203.20
101.60
203.20
457.20
355.60
914.40
609.60
457.20
355.60
254.00
76.20
254.00
304.80
508.00
762.00
914.40
152.40
76.20
304.80
508.00
762.00
304.80
508.00
152.40
762.00
203.20
914.40
762.00
508.00
609.60
254.00
457.20
203.20
609.60
762.00
101.60
508.00
406.40
457.20
609.60
406.40
508.00
355.60
609.60
101.60
609.60
609.60
406.40
457.20
101.60
203.20
355.60
609.60
406.40
152.40
101.60
762.00
152.40
304.80
457.20
355.60
609.60
152.40
152.40
762.00
304.80
609.60
101.60
406.40
457.20
355.60
76.20
101.60
304.80
304.80
254.00
355.60
762.00
355.60
457.20
406.40
254.00
609.60
203.20
152.40
762.00
304.80
457.20
406.40
203.20
609.60
304.80
914.40
406.40
406.40
76.20
355.60
406.40
914.40
406.40
762.00
457.20
762.00
101.60
508.00
254.00
304.80
152.40
508.00
254.00
254.00
762.00
406.40
457.20
355.60
914.40
101.60
762.00
304.80
