263
1.2000
0.3000
0.9900
0.1600
0.1700
0.1700
0.7600
0.3600
0.8200
0.3400
0.1200
0.3600
0.1600
0.1700
0.1500
0.1700
0.2800
0.3600
0.2800
0.3000
1.5700
0.2900
0.6000
1.3000
1.1500
0.2800
0.2200
0.3600
0.3900
0.3400
0.1700
0.1700
0.1500
0.7800
0.2900
0.8500
1.0000
0.1400
0.1400
0.1300
0.1400
0.1100
0.1400
0.1400
0.8400
0.3600
0.7100
0.7900
0.1400
0.0700
0.1400
0.1400
0.1400
0.9200
0.2900
1.1600
1.9300
1.0100
1.0000
0.2900
0.6500
0.1100
0.1700
0.1600
0.9800
0.3600
0.5500
0.5000
1.0800
0.1400
0.0900
0.1400
0.1000
0.1700
0.5500
0.1400
0.1400
0.1400
0.8900
0.2900
0.7400
0.6900
0.1400
0.0700
0.1600
0.5700
0.1400
0.0800
0.1600
0.7500
0.1400
0.0800
0.1600
0.2400
0.1400
0.1400
0.1400
0.2100
0.1400
0.1400
0.1400
0.7300
0.7400
0.1400
0.1400
0.1400
0.8200
0.2900
0.9800
0.9800
0.1400
0.1300
0.1900
0.3100
0.1400
0.1400
0.1300
0.1500
0.1400
0.1400
0.1400
0.2200
0.2000
0.1100
0.1800
0.1500
0.1400
0.2300
0.4900
0.3400
0.1500
0.1400
0.2400
0.3100
0.3500
1.3400
0.5800
0.4200
0.4900
0.1800
1.2700
0.0900
0.6400
0.2000
0.7200
0.6500
0.1100
0.1200
0.1200
0.4000
0.2900
0.4600
0.7000
0.1400
0.1400
0.1300
0.1800
0.1400
0.1400
0.1400
0.3600
0.2900
0.4600
0.7200
0.1400
0.1400
0.1300
0.1800
0.1400
0.1400
0.1400
0.2000
0.1700
0.1200
0.1800
0.1700
0.2900
0.2000
0.2800
0.4500
0.3200
0.2400
0.1500
0.2400
0.3200
0.4000
1.2200
0.7800
0.9500
0.2100
1.0000
0.1100
0.1100
0.1100
0.1200
0.7200
0.1100
1.0300
1.1100
0.1200
0.1100
0.1200
0.0900
0.6200
0.1000
0.9800
0.9800
0.1200
0.1100
0.1200
0.1100
0.1100
0.1100
0.1200
0.6000
0.2900
0.9300
0.1400
0.0900
0.8300
0.1100
0.1100
0.1200
0.1200
0.1100
0.1100
0.1200
0.4800
0.1200
0.0900
0.1700
0.3900
0.1200
0.1300
0.1900
0.8000
0.1100
0.7200
0.8400
0.5400
1.3900
0.7400
0.1100
0.7600
0.1100
0.1100
0.1100
0.1200
0.2800
0.9600
0.9700
0.1500
1.2700
1.2300
0.5100
0.7300
2.2900
1.0600
1.2100
2.2300
1.1400
1.2000
0.2000
76.20
76.20
76.20
76.20
76.20
76.20
76.20
76.20
76.20
76.20
76.20
76.20
76.20
76.20
76.20
76.20
76.20
76.20
76.20
76.20
76.20
76.20
76.20
76.20
76.20
76.20
76.20
76.20
76.20
76.20
76.20
76.20
76.20
76.20
76.20
76.20
76.20
76.20
76.20
76.20
76.20
76.20
76.20
76.20
76.20
76.20
76.20
76.20
76.20
76.20
76.20
76.20
76.20
76.20
76.20
76.20
76.20
76.20
76.20
76.20
76.20
76.20
76.20
76.20
76.20
76.20
76.20
76.20
76.20
76.20
76.20
76.20
76.20
76.20
76.20
76.20
76.20
76.20
76.20
76.20
76.20
76.20
76.20
76.20
76.20
76.20
76.20
76.20
76.20
76.20
76.20
76.20
76.20
76.20
76.20
76.20
76.20
76.20
76.20
76.20
76.20
76.20
76.20
76.20
76.20
76.20
76.20
76.20
76.20
76.20
76.20
76.20
76.20
76.20
76.20
76.20
76.20
76.20
76.20
76.20
76.20
76.20
76.20
76.20
76.20
76.20
76.20
76.20
76.20
76.20
76.20
76.20
76.20
76.20
76.20
76.20
76.20
76.20
76.20
76.20
76.20
76.20
76.20
76.20
76.20
76.20
76.20
76.20
76.20
76.20
76.20
76.20
76.20
76.20
76.20
76.20
76.20
76.20
76.20
76.20
76.20
76.20
76.20
76.20
76.20
76.20
76.20
76.20
76.20
76.20
76.20
76.20
76.20
76.20
76.20
76.20
76.20
76.20
76.20
76.20
76.20
76.20
76.20
76.20
76.20
76.20
76.20
76.20
76.20
76.20
76.20
76.20
76.20
76.20
76.20
76.20
76.20
76.20
76.20
76.20
76.20
76.20
76.20
76.20
76.20
76.20
76.20
76.20
76.20
76.20
76.20
76.20
76.20
76.20
76.20
76.20
76.20
76.20
76.20
76.20
76.20
76.20
76.20
76.20
76.20
76.20
76.20
76.20
76.20
76.20
76.20
76.20
76.20
76.20
76.20
76.20
76.20
76.20
76.20
76.20
76.20
76.20
76.20
76.20
76.20
76.20
76.20
76.20
76.20
76.20
76.20
76.20
76.20
76.20
76.20
76.20
76.20
76.20
76.20
76.20
76.20
76.20
76.20
76.20
76.20
76.20
76.20
76.20
76.20
76.20
76.20
76.20
76.20
152.40
76.20
76.20
152.40
76.20
76.20
76.20
76.20
76.20
76.20
76.20
76.20
76.20
76.20
76.20
76.20
152.40
76.20
76.20
76.20
76.20
76.20
76.20
76.20
76.20
76.20
76.20
152.40
76.20
76.20
76.20
76.20
76.20
76.20
76.20
76.20
152.40
76.20
76.20
152.40
76.20
76.20
76.20
76.20
76.20
76.20
76.20
76.20
76.20
76.20
152.40
76.20
76.20
76.20
76.20
76.20
76.20
76.20
76.20
76.20
76.20
76.20
76.20
76.20
76.20
76.20
76.20
76.20
76.20
76.20
76.20
76.20
76.20
76.20
152.40
76.20
76.20
76.20
152.40
76.20
76.20
76.20
152.40
76.20
76.20
152.40
76.20
76.20
76.20
76.20
152.40
76.20
76.20
76.20
76.20
76.20
76.20
76.20
76.20
76.20
76.20
76.20
76.20
76.20
76.20
76.20
76.20
76.20
76.20
76.20
76.20
76.20
76.20
76.20
76.20
76.20
152.40
76.20
76.20
152.40
76.20
76.20
76.20
76.20
76.20
76.20
76.20
76.20
76.20
76.20
76.20
76.20
76.20
76.20
76.20
76.20
152.40
76.20
152.40
152.40
76.20
76.20
76.20
76.20
76.20
76.20
76.20
76.20
76.20
76.20
76.20
76.20
76.20
76.20
76.20
76.20
152.40
152.40
76.20
76.20
76.20
76.20
76.20
76.20
76.20
76.20
76.20
76.20
76.20
76.20
76.20
76.20
76.20
76.20
76.20
152.40
76.20
76.20
76.20
152.40
76.20
76.20
76.20
76.20
76.20
76.20
76.20
76.20
76.20
76.20
76.20
76.20
76.20
76.20
76.20
76.20
76.20
152.40
152.40
76.20
76.20
76.20
76.20
76.20
76.20
76.20
76.20
76.20
76.20
76.20
152.40
76.20
152.40
76.20
76.20
152.40
76.20
76.20
76.20
76.20
76.20
76.20
76.20
152.40
76.20
152.40
76.20
76.20
76.20
76.20
76.20
76.20
76.20
76.20
76.20
76.20
76.20
76.20
76.20
76.20
76.20
76.20
76.20
76.20
76.20
76.20
76.20
152.40
76.20
76.20
76.20
76.20
76.20
76.20
76.20
152.40
76.20
76.20
76.20
76.20
152.40
76.20
152.40
152.40
76.20
76.20
152.40
152.40
76.20
76.20
76.20
76.20
76.20
76.20
76.20
76.20
76.20
76.20
76.20
152.40
76.20
76.20
76.20
76.20
152.40
152.40
76.20
76.20
76.20
76.20
152.40
76.20
76.20
76.20
76.20
76.20
76.20
76.20
76.20
152.40
76.20
76.20
76.20
76.20
76.20
152.40
152.40
76.20
152.40
76.20
76.20
76.20
76.20
76.20
76.20
152.40
76.20
152.40
76.20
152.40
76.20
76.20
76.20
76.20
76.20
76.20
152.40
76.20
152.40
152.40
76.20
76.20
152.40
152.40
76.20
76.20
76.20
76.20
76.20
76.20
76.20
152.40
76.20
76.20
152.40
152.40
76.20
76.20
152.40
76.20
76.20
76.20
76.20
152.40
76.20
152.40
76.20
76.20
152.40
76.20
76.20
152.40
76.20
76.20
152.40
76.20
76.20
76.20
76.20
76.20
152.40
152.40
76.20
152.40
152.40
76.20
76.20
76.20
76.20
76.20
76.20
76.20
152.40
76.20
76.20
152.40
76.20
76.20
76.20
76.20
76.20
76.20
76.20
76.20
76.20
76.20
76.20
76.20
152.40
76.20
76.20
76.20
152.40
76.20
152.40
76.20
76.20
76.20
76.20
76.20
76.20
76.20
76.20
152.40
76.20
76.20
76.20
76.20
76.20
152.40
152.40
76.20
76.20
76.20
76.20
76.20
76.20
152.40
152.40
76.20
76.20
76.20
76.20
152.40
76.20
76.20
152.40
76.20
76.20
152.40
152.40
76.20
152.40
76.20
76.20
76.20
76.20
76.20
76.20
76.20
76.20
76.20
152.40
152.40
152.40
76.20
76.20
152.40
76.20
76.20
152.40
76.20
152.40
76.20
152.40
76.20
76.20
76.20
76.20
152.40
76.20
76.20
152.40
76.20
76.20
152.40
76.20
76.20
152.40
76.20
76.20
76.20
76.20
76.20
76.20
152.40
152.40
152.40
76.20
76.20
76.20
76.20
76.20
76.20
76.20
152.40
152.40
76.20
76.20
76.20
76.20
76.20
76.20
76.20
76.20
76.20
76.20
76.20
76.20
76.20
152.40
76.20
76.20
152.40
76.20
76.20
152.40
152.40
76.20
76.20
152.40
76.20
76.20
76.20
76.20
76.20
152.40
76.20
152.40
152.40
76.20
152.40
76.20
152.40
76.20
152.40
152.40
152.40
152.40
76.20
76.20
152.40
76.20
76.20
152.40
76.20
76.20
76.20
152.40
76.20
152.40
76.20
76.20
76.20
152.40
76.20
152.40
152.40
76.20
76.20
152.40
76.20
152.40
152.40
76.20
152.40
76.20
76.20
152.40
76.20
152.40
76.20
76.20
76.20
76.20
76.20
76.20
76.20
152.40
152.40
76.20
76.20
76.20
76.20
152.40
76.20
152.40
76.20
152.40
152.40
76.20
152.40
76.20
152.40
76.20
76.20
76.20
76.20
76.20
76.20
152.40
76.20
76.20
76.20
76.20
152.40
76.20
76.20
152.40
76.20
76.20
152.40
76.20
76.20
152.40
152.40
152.40
76.20
76.20
76.20
152.40
76.20
76.20
76.20
76.20
76.20
152.40
152.40
152.40
76.20
76.20
152.40
76.20
152.40
152.40
76.20
76.20
152.40
76.20
152.40
152.40
76.20
152.40
76.20
76.20
152.40
76.20
152.40
152.40
76.20
152.40
76.20
76.20
76.20
76.20
76.20
76.20
152.40
152.40
152.40
152.40
76.20
76.20
152.40
76.20
76.20
76.20
76.20
152.40
152.40
76.20
76.20
76.20
152.40
76.20
76.20
76.20
76.20
152.40
76.20
76.20
76.20
76.20
76.20
152.40
152.40
76.20
76.20
76.20
76.20
152.40
152.40
76.20
76.20
76.20
76.20
152.40
76.20
152.40
76.20
152.40
152.40
76.20
76.20
76.20
76.20
152.40
76.20
76.20
76.20
76.20
76.20
76.20
76.20
76.20
76.20
76.20
76.20
76.20
152.40
152.40
76.20
152.40
76.20
152.40
152.40
76.20
152.40
76.20
76.20
76.20
76.20
76.20
152.40
76.20
76.20
76.20
152.40
152.40
76.20
152.40
152.40
152.40
76.20
152.40
76.20
152.40
76.20
76.20
152.40
152.40
76.20
152.40
76.20
76.20
76.20
76.20
152.40
152.40
76.20
76.20
152.40
152.40
76.20
152.40
76.20
76.20
152.40
76.20
76.20
76.20
76.20
76.20
76.20
76.20
76.20
76.20
152.40
152.40
76.20
152.40
152.40
76.20
152.40
152.40
76.20
76.20
152.40
76.20
76.20
76.20
76.20
152.40
152.40
76.20
152.40
152.40
76.20
152.40
76.20
76.20
76.20
152.40
76.20
152.40
152.40
76.20
76.20
76.20
152.40
76.20
152.40
76.20
76.20
76.20
76.20
152.40
76.20
76.20
152.40
76.20
152.40
152.40
152.40
76.20
76.20
76.20
152.40
76.20
152.40
76.20
76.20
76.20
76.20
152.40
76.20
152.40
76.20
76.20
76.20
152.40
152.40
76.20
152.40
76.20
152.40
76.20
76.20
76.20
152.40
76.20
152.40
76.20
76.20
152.40
76.20
76.20
76.20
152.40
76.20
76.20
76.20
152.40
76.20
76.20
152.40
152.40
76.20
76.20
76.20
152.40
76.20
152.40
76.20
152.40
76.20
76.20
76.20
76.20
76.20
76.20
152.40
152.40
152.40
152.40
76.20
152.40
76.20
76.20
152.40
152.40
76.20
152.40
152.40
76.20
76.20
76.20
76.20
76.20
152.40
152.40
152.40
76.20
152.40
152.40
152.40
152.40
76.20
152.40
76.20
76.20
152.40
152.40
152.40
76.20
76.20
76.20
152.40
76.20
76.20
152.40
152.40
76.20
152.40
152.40
76.20
76.20
152.40
152.40
76.20
152.40
76.20
76.20
76.20
76.20
152.40
76.20
76.20
76.20
152.40
152.40
76.20
76.20
152.40
76.20
152.40
76.20
76.20
152.40
76.20
76.20
152.40
152.40
76.20
76.20
152.40
76.20
76.20
76.20
76.20
76.20
76.20
152.40
76.20
76.20
76.20
76.20
76.20
76.20
76.20
76.20
152.40
152.40
152.40
152.40
76.20
152.40
76.20
152.40
152.40
152.40
76.20
76.20
152.40
76.20
76.20
152.40
76.20
152.40
76.20
76.20
76.20
152.40
152.40
76.20
152.40
152.40
152.40
76.20
76.20
76.20
152.40
152.40
152.40
152.40
152.40
76.20
76.20
76.20
76.20
76.20
76.20
152.40
76.20
152.40
76.20
152.40
76.20
76.20
152.40
76.20
76.20
76.20
152.40
152.40
152.40
76.20
152.40
76.20
152.40
152.40
152.40
76.20
76.20
76.20
76.20
76.20
76.20
76.20
152.40
76.20
76.20
76.20
76.20
76.20
76.20
152.40
76.20
76.20
76.20
152.40
76.20
152.40
152.40
76.20
76.20
152.40
76.20
152.40
152.40
152.40
152.40
76.20
76.20
76.20
76.20
152.40
152.40
76.20
76.20
152.40
76.20
152.40
76.20
76.20
152.40
152.40
152.40
152.40
152.40
152.40
152.40
76.20
152.40
76.20
152.40
152.40
76.20
76.20
76.20
76.20
76.20
152.40
152.40
76.20
76.20
76.20
76.20
76.20
76.20
152.40
76.20
152.40
76.20
152.40
76.20
76.20
76.20
76.20
76.20
76.20
152.40
76.20
76.20
76.20
152.40
76.20
152.40
152.40
152.40
76.20
152.40
152.40
76.20
152.40
76.20
76.20
152.40
76.20
152.40
76.20
76.20
152.40
152.40
152.40
152.40
76.20
152.40
152.40
152.40
76.20
76.20
76.20
152.40
76.20
76.20
152.40
76.20
152.40
76.20
152.40
76.20
152.40
152.40
152.40
152.40
152.40
152.40
76.20
152.40
152.40
76.20
152.40
76.20
152.40
76.20
76.20
152.40
76.20
152.40
76.20
76.20
76.20
76.20
152.40
76.20
76.20
76.20
152.40
152.40
76.20
76.20
76.20
152.40
152.40
76.20
76.20
152.40
152.40
152.40
76.20
76.20
152.40
76.20
152.40
152.40
152.40
76.20
76.20
76.20
76.20
76.20
76.20
152.40
152.40
76.20
76.20
152.40
76.20
152.40
152.40
152.40
76.20
152.40
152.40
152.40
152.40
76.20
152.40
76.20
76.20
76.20
152.40
76.20
76.20
152.40
76.20
152.40
76.20
76.20
76.20
152.40
76.20
152.40
76.20
152.40
152.40
152.40
76.20
76.20
76.20
76.20
76.20
76.20
76.20
76.20
152.40
76.20
152.40
152.40
152.40
76.20
76.20
76.20
76.20
76.20
152.40
152.40
152.40
76.20
152.40
76.20
152.40
76.20
76.20
76.20
76.20
76.20
76.20
76.20
76.20
152.40
152.40
76.20
152.40
76.20
76.20
76.20
76.20
76.20
152.40
76.20
76.20
76.20
76.20
152.40
152.40
152.40
152.40
152.40
76.20
152.40
76.20
76.20
76.20
76.20
76.20
152.40
76.20
152.40
76.20
76.20
76.20
152.40
76.20
76.20
76.20
76.20
152.40
152.40
76.20
152.40
76.20
76.20
76.20
76.20
76.20
152.40
76.20
76.20
76.20
152.40
152.40
152.40
152.40
76.20
76.20
76.20
76.20
152.40
152.40
76.20
76.20
152.40
152.40
76.20
76.20
76.20
152.40
152.40
152.40
152.40
152.40
152.40
76.20
152.40
76.20
76.20
152.40
76.20
152.40
76.20
76.20
76.20
152.40
152.40
76.20
76.20
76.20
76.20
76.20
76.20
152.40
76.20
152.40
152.40
152.40
152.40
152.40
76.20
76.20
152.40
152.40
76.20
152.40
152.40
152.40
152.40
152.40
152.40
76.20
152.40
152.40
76.20
152.40
76.20
152.40
76.20
152.40
76.20
76.20
152.40
152.40
76.20
152.40
76.20
152.40
76.20
152.40
152.40
152.40
76.20
76.20
76.20
76.20
152.40
76.20
76.20
76.20
152.40
76.20
152.40
152.40
76.20
76.20
152.40
76.20
152.40
152.40
152.40
152.40
76.20
76.20
76.20
152.40
152.40
76.20
76.20
76.20
76.20
76.20
76.20
76.20
76.20
76.20
152.40
76.20
152.40
76.20
76.20
76.20
152.40
76.20
76.20
76.20
76.20
152.40
152.40
76.20
152.40
152.40
152.40
76.20
152.40
76.20
152.40
152.40
76.20
152.40
76.20
152.40
76.20
152.40
76.20
76.20
76.20
152.40
76.20
76.20
76.20
76.20
76.20
76.20
76.20
152.40
152.40
76.20
152.40
152.40
76.20
152.40
76.20
152.40
76.20
76.20
76.20
152.40
76.20
152.40
76.20
76.20
76.20
152.40
152.40
152.40
76.20
76.20
152.40
76.20
76.20
152.40
152.40
76.20
152.40
152.40
76.20
152.40
152.40
152.40
76.20
76.20
76.20
152.40
152.40
76.20
76.20
76.20
76.20
152.40
76.20
152.40
76.20
76.20
152.40
152.40
76.20
76.20
76.20
152.40
76.20
76.20
76.20
152.40
76.20
76.20
76.20
152.40
76.20
152.40
152.40
152.40
76.20
76.20
152.40
152.40
76.20
152.40
152.40
152.40
152.40
76.20
76.20
152.40
152.40
152.40
76.20
76.20
76.20
152.40
76.20
76.20
152.40
152.40
76.20
152.40
76.20
152.40
76.20
152.40
76.20
152.40
76.20
76.20
76.20
76.20
76.20
152.40
76.20
76.20
152.40
152.40
152.40
76.20
152.40
76.20
76.20
152.40
76.20
152.40
152.40
76.20
152.40
152.40
152.40
76.20
152.40
152.40
76.20
76.20
152.40
152.40
152.40
152.40
152.40
76.20
76.20
76.20
76.20
76.20
152.40
76.20
76.20
76.20
76.20
152.40
76.20
76.20
152.40
76.20
76.20
152.40
76.20
152.40
152.40
76.20
152.40
76.20
76.20
152.40
76.20
76.20
76.20
152.40
152.40
76.20
152.40
152.40
152.40
76.20
76.20
76.20
76.20
152.40
76.20
152.40
76.20
76.20
76.20
76.20
76.20
152.40
76.20
76.20
76.20
76.20
152.40
152.40
254.00
152.40
152.40
152.40
76.20
76.20
76.20
76.20
152.40
152.40
76.20
76.20
76.20
152.40
152.40
76.20
152.40
152.40
76.20
76.20
76.20
152.40
76.20
76.20
152.40
152.40
76.20
76.20
152.40
76.20
76.20
152.40
76.20
76.20
152.40
152.40
152.40
152.40
76.20
76.20
76.20
76.20
76.20
152.40
76.20
76.20
76.20
76.20
76.20
152.40
152.40
152.40
152.40
152.40
76.20
152.40
76.20
76.20
76.20
76.20
152.40
152.40
152.40
152.40
76.20
152.40
152.40
76.20
76.20
152.40
152.40
76.20
76.20
76.20
76.20
76.20
152.40
152.40
76.20
152.40
152.40
76.20
76.20
152.40
76.20
152.40
76.20
152.40
152.40
76.20
76.20
152.40
152.40
76.20
152.40
76.20
76.20
76.20
152.40
76.20
76.20
76.20
76.20
76.20
152.40
152.40
152.40
76.20
76.20
152.40
76.20
76.20
152.40
76.20
76.20
152.40
152.40
76.20
76.20
152.40
152.40
76.20
152.40
152.40
76.20
76.20
76.20
152.40
152.40
76.20
76.20
152.40
152.40
76.20
76.20
76.20
152.40
76.20
152.40
152.40
76.20
152.40
76.20
152.40
152.40
152.40
152.40
76.20
76.20
76.20
76.20
152.40
152.40
152.40
152.40
76.20
76.20
152.40
76.20
76.20
152.40
152.40
76.20
76.20
152.40
76.20
76.20
76.20
76.20
76.20
76.20
76.20
76.20
152.40
76.20
152.40
76.20
76.20
76.20
76.20
76.20
152.40
152.40
152.40
152.40
152.40
76.20
152.40
76.20
76.20
76.20
76.20
152.40
76.20
152.40
76.20
152.40
152.40
152.40
152.40
152.40
76.20
152.40
152.40
152.40
152.40
152.40
152.40
152.40
76.20
152.40
152.40
152.40
76.20
76.20
76.20
76.20
76.20
152.40
76.20
152.40
76.20
152.40
152.40
152.40
76.20
76.20
76.20
76.20
76.20
76.20
76.20
152.40
76.20
152.40
76.20
76.20
76.20
76.20
152.40
152.40
152.40
76.20
76.20
152.40
76.20
152.40
152.40
76.20
76.20
76.20
152.40
152.40
152.40
76.20
76.20
76.20
152.40
76.20
152.40
76.20
76.20
152.40
76.20
152.40
76.20
76.20
152.40
76.20
152.40
152.40
152.40
76.20
152.40
152.40
152.40
76.20
152.40
76.20
76.20
152.40
152.40
152.40
76.20
76.20
76.20
152.40
76.20
76.20
76.20
76.20
76.20
76.20
152.40
152.40
152.40
152.40
76.20
152.40
76.20
152.40
76.20
76.20
76.20
76.20
76.20
76.20
76.20
152.40
152.40
76.20
152.40
152.40
76.20
152.40
152.40
152.40
76.20
152.40
152.40
76.20
152.40
76.20
76.20
76.20
76.20
152.40
152.40
152.40
76.20
76.20
76.20
76.20
76.20
152.40
152.40
76.20
152.40
76.20
76.20
76.20
152.40
76.20
152.40
152.40
76.20
76.20
76.20
152.40
152.40
76.20
152.40
152.40
152.40
152.40
76.20
76.20
76.20
152.40
76.20
76.20
76.20
152.40
76.20
76.20
152.40
152.40
76.20
152.40
76.20
152.40
152.40
76.20
76.20
76.20
152.40
152.40
152.40
152.40
152.40
152.40
152.40
76.20
76.20
152.40
76.20
76.20
76.20
76.20
76.20
76.20
152.40
76.20
152.40
76.20
76.20
152.40
76.20
152.40
152.40
152.40
76.20
76.20
152.40
152.40
152.40
152.40
76.20
152.40
76.20
152.40
76.20
152.40
76.20
76.20
76.20
76.20
76.20
76.20
76.20
152.40
76.20
76.20
152.40
76.20
76.20
152.40
152.40
76.20
152.40
76.20
152.40
152.40
76.20
76.20
76.20
76.20
76.20
355.60
76.20
609.60
152.40
457.20
304.80
762.00
508.00
508.00
355.60
457.20
355.60
609.60
508.00
203.20
203.20
609.60
355.60
304.80
76.20
406.40
203.20
101.60
406.40
254.00
304.80
406.40
203.20
609.60
355.60
355.60
76.20
101.60
609.60
304.80
457.20
406.40
152.40
508.00
203.20
203.20
203.20
406.40
508.00
406.40
304.80
609.60
508.00
203.20
304.80
508.00
203.20
355.60
152.40
152.40
355.60
406.40
355.60
609.60
304.80
914.40
406.40
508.00
457.20
101.60
304.80
304.80
304.80
304.80
355.60
254.00
914.40
355.60
609.60
457.20
304.80
304.80
406.40
762.00
152.40
254.00
254.00
406.40
457.20
457.20
355.60
76.20
101.60
508.00
152.40
304.80
406.40
457.20
609.60
508.00
914.40
152.40
101.60
914.40
254.00
508.00
254.00
101.60
304.80
304.80
304.80
914.40
457.20
508.00
406.40
355.60
457.20
152.40
101.60
457.20
152.40
762.00
101.60
101.60
203.20
304.80
304.80
355.60
355.60
304.80
203.20
254.00
457.20
457.20
76.20
508.00
508.00
101.60
355.60
914.40
254.00
203.20
254.00
304.80
152.40
762.00
203.20
203.20
254.00
457.20
304.80
152.40
457.20
457.20
101.60
304.80
406.40
254.00
406.40
101.60
457.20
304.80
355.60
406.40
76.20
457.20
101.60
152.40
609.60
355.60
101.60
406.40
457.20
101.60
152.40
609.60
406.40
762.00
914.40
254.00
152.40
101.60
355.60
101.60
457.20
76.20
406.40
101.60
152.40
355.60
152.40
406.40
406.40
406.40
304.80
609.60
254.00
406.40
762.00
355.60
355.60
609.60
406.40
254.00
508.00
355.60
762.00
304.80
914.40
508.00
508.00
457.20
355.60
457.20
762.00
457.20
76.20
508.00
101.60
457.20
101.60
762.00
609.60
254.00
101.60
609.60
762.00
203.20
152.40
254.00
355.60
457.20
152.40
406.40
609.60
406.40
203.20
355.60
914.40
508.00
457.20
203.20
304.80
304.80
254.00
762.00
762.00
406.40
152.40
406.40
254.00
101.60
101.60
304.80
457.20
355.60
101.60
101.60
762.00
609.60
304.80
254.00
355.60
406.40
152.40
254.00
609.60
152.40
406.40
762.00
406.40
304.80
76.20
355.60
762.00
457.20
609.60
406.40
609.60
457.20
508.00
508.00
762.00
457.20
152.40
101.60
152.40
304.80
254.00
203.20
508.00
762.00
304.80
203.20
304.80
609.60
508.00
508.00
762.00
508.00
152.40
609.60
609.60
152.40
609.60
609.60
254.00
101.60
406.40
203.20
254.00
914.40
762.00
457.20
101.60
406.40
508.00
101.60
406.40
304.80
762.00
101.60
254.00
203.20
203.20
508.00
304.80
152.40
152.40
254.00
609.60
304.80
254.00
609.60
508.00
304.80
457.20
609.60
457.20
203.20
762.00
203.20
508.00
101.60
457.20
355.60
152.40
406.40
457.20
914.40
508.00
254.00
508.00
762.00
304.80
406.40
609.60
762.00
304.80
203.20
355.60
914.40
254.00
304.80
304.80
152.40
304.80
304.80
152.40
101.60
355.60
355.60
457.20
609.60
203.20
457.20
152.40
355.60
101.60
152.40
914.40
914.40
101.60
508.00
203.20
457.20
508.00
101.60
304.80
406.40
762.00
762.00
76.20
254.00
406.40
101.60
762.00
457.20
508.00
406.40
406.40
609.60
76.20
406.40
355.60
355.60
304.80
203.20
457.20
508.00
254.00
762.00
406.40
762.00
254.00
304.80
355.60
152.40
152.40
406.40
406.40
101.60
508.00
762.00
406.40
254.00
609.60
406.40
203.20
203.20
914.40
203.20
508.00
406.40
508.00
355.60
406.40
457.20
609.60
762.00
508.00
203.20
457.20
152.40
355.60
101.60
152.40
76.20
76.20
152.40
203.20
203.20
254.00
152.40
152.40
304.80
101.60
101.60
152.40
762.00
152.40
304.80
355.60
254.00
508.00
101.60
203.20
304.80
203.20
101.60
762.00
203.20
457.20
203.20
508.00
457.20
762.00
254.00
508.00
304.80
355.60
406.40
914.40
304.80
152.40
762.00
914.40
304.80
101.60
914.40
355.60
762.00
101.60
762.00
203.20
152.40
254.00
355.60
508.00
101.60
457.20
508.00
101.60
914.40
355.60
152.40
254.00
254.00
914.40
76.20
101.60
457.20
152.40
203.20
406.40
101.60
406.40
152.40
152.40
355.60
203.20
609.60
457.20
457.20
152.40
152.40
203.20
304.80
254.00
152.40
