67
115.69000
649.69000
198.82000
214.05000
186.41000
14.80000
192.57000
136.75000
16.36000
119.39000
44.74000
137.33000
308.06000
33.13000
9.82000
159.87000
658.34000
259.92000
310.65000
261.09000
68.09000
106.94000
155.83000
120.58000
16.43000
369.25000
90.74000
25.37000
291.24000
93.07000
69.19000
78.65000
213.31000
19.46000
8.52000
9.11000
22.08000
28.47000
330.60000
2.74000
16.16000
168.83000
65.79000
214.92000
633.28000
139.76000
15.36000
61.74000
18.87000
22.23000
116.84000
100.31000
47.57000
105.55000
239.63000
138.87000
123.72000
97.24000
11.06000
108.67000
168.89000
195.14000
57.56000
40.24000
321.65000
8.86000
82.83000
76.20
76.20
76.20
76.20
76.20
76.20
76.20
76.20
76.20
76.20
76.20
76.20
76.20
101.60
152.40
76.20
76.20
76.20
76.20
101.60
76.20
76.20
76.20
76.20
76.20
76.20
76.20
76.20
76.20
76.20
76.20
76.20
152.40
152.40
152.40
152.40
76.20
76.20
152.40
76.20
76.20
76.20
76.20
76.20
76.20
76.20
76.20
76.20
76.20
76.20
76.20
76.20
76.20
76.20
76.20
76.20
76.20
76.20
76.20
76.20
76.20
76.20
76.20
76.20
76.20
76.20
76.20
76.20
76.20
76.20
76.20
76.20
76.20
76.20
76.20
76.20
76.20
76.20
76.20
76.20
101.60
152.40
76.20
76.20
76.20
76.20
101.60
76.20
76.20
76.20
76.20
76.20
76.20
76.20
76.20
76.20
76.20
76.20
76.20
152.40
152.40
152.40
152.40
76.20
76.20
152.40
76.20
76.20
76.20
76.20
76.20
76.20
76.20
76.20
76.20
101.60
76.20
76.20
76.20
76.20
76.20
76.20
76.20
76.20
76.20
76.20
76.20
76.20
76.20
76.20
76.20
76.20
76.20
76.20
76.20
76.20
76.20
76.20
76.20
76.20
76.20
76.20
76.20
76.20
76.20
76.20
76.20
101.60
152.40
76.20
76.20
76.20
76.20
101.60
76.20
76.20
152.40
76.20
76.20
76.20
76.20
76.20
76.20
76.20
76.20
152.40
152.40
152.40
152.40
152.40
76.20
76.20
152.40
76.20
76.20
76.20
152.40
76.20
76.20
152.40
76.20
76.20
152.40
76.20
76.20
76.20
76.20
76.20
76.20
76.20
76.20
76.20
152.40
76.20
76.20
76.20
76.20
76.20
76.20
76.20
76.20
76.20
76.20
76.20
152.40
152.40
152.40
152.40
76.20
152.40
152.40
152.40
76.20
76.20
152.40
152.40
76.20
76.20
76.20
76.20
152.40
76.20
76.20
76.20
76.20
76.20
152.40
76.20
152.40
76.20
76.20
76.20
76.20
152.40
152.40
152.40
152.40
152.40
76.20
152.40
152.40
76.20
76.20
76.20
76.20
76.20
76.20
152.40
152.40
152.40
152.40
152.40
152.40
76.20
152.40
76.20
76.20
152.40
76.20
152.40
76.20
76.20
76.20
76.20
76.20
76.20
152.40
76.20
152.40
76.20
76.20
152.40
152.40
76.20
76.20
76.20
152.40
76.20
76.20
76.20
76.20
76.20
76.20
152.40
76.20
152.40
76.20
152.40
76.20
152.40
152.40
76.20
152.40
76.20
76.20
76.20
76.20
152.40
152.40
76.20
152.40
152.40
152.40
152.40
76.20
152.40
152.40
152.40
76.20
76.20
76.20
76.20
76.20
152.40
76.20
152.40
76.20
152.40
76.20
76.20
76.20
152.40
152.40
152.40
76.20
76.20
76.20
152.40
76.20
152.40
76.20
152.40
76.20
76.20
152.40
76.20
152.40
76.20
76.20
76.20
152.40
76.20
152.40
152.40
76.20
152.40
76.20
76.20
152.40
152.40
152.40
76.20
152.40
76.20
152.40
76.20
76.20
152.40
76.20
76.20
76.20
152.40
152.40
76.20
152.40
76.20
76.20
152.40
152.40
152.40
76.20
76.20
76.20
152.40
152.40
152.40
76.20
76.20
152.40
76.20
152.40
152.40
152.40
76.20
76.20
76.20
152.40
152.40
76.20
76.20
76.20
76.20
76.20
152.40
76.20
76.20
152.40
152.40
152.40
152.40
152.40
152.40
152.40
76.20
76.20
76.20
152.40
152.40
152.40
76.20
152.40
76.20
152.40
76.20
76.20
76.20
152.40
76.20
152.40
152.40
76.20
152.40
76.20
152.40
76.20
76.20
76.20
152.40
152.40
152.40
152.40
76.20
76.20
152.40
152.40
152.40
152.40
76.20
152.40
76.20
152.40
76.20
76.20
76.20
152.40
152.40
152.40
152.40
76.20
152.40
152.40
76.20
76.20
76.20
76.20
76.20
76.20
76.20
152.40
152.40
76.20
152.40
152.40
76.20
76.20
76.20
76.20
152.40
152.40
76.20
152.40
152.40
152.40
76.20
152.40
76.20
152.40
152.40
152.40
152.40
76.20
152.40
152.40
76.20
76.20
152.40
152.40
76.20
152.40
152.40
76.20
152.40
76.20
76.20
152.40
152.40
152.40
76.20
76.20
76.20
76.20
152.40
152.40
152.40
76.20
152.40
152.40
152.40
76.20
76.20
152.40
76.20
76.20
76.20
152.40
76.20
152.40
76.20
152.40
76.20
152.40
76.20
76.20
76.20
76.20
152.40
76.20
76.20
152.40
76.20
152.40
76.20
152.40
76.20
152.40
76.20
152.40
101.60
254.00
457.20
406.40
203.20
203.20
304.80
609.60
762.00
76.20
406.40
304.80
152.40
101.60
457.20
254.00
609.60
203.20
101.60
254.00
101.60
101.60
76.20
762.00
101.60
304.80
508.00
152.40
76.20
304.80
508.00
254.00
457.20
762.00
101.60
101.60
304.80
101.60
457.20
609.60
254.00
609.60
254.00
457.20
508.00
355.60
254.00
457.20
101.60
254.00
203.20
406.40
762.00
76.20
254.00
406.40
457.20
203.20
508.00
152.40
508.00
508.00
304.80
203.20
457.20
76.20
508.00
101.60
203.20
609.60
203.20
355.60
101.60
406.40
457.20
355.60
609.60
355.60
304.80
254.00
508.00
203.20
203.20
406.40
254.00
609.60
457.20
152.40
76.20
457.20
152.40
254.00
406.40
101.60
203.20
762.00
355.60
304.80
152.40
914.40
609.60
76.20
76.20
152.40
457.20
406.40
203.20
609.60
304.80
101.60
508.00
101.60
152.40
304.80
914.40
304.80
457.20
304.80
406.40
762.00
762.00
457.20
457.20
203.20
355.60
508.00
304.80
152.40
508.00
762.00
355.60
457.20
457.20
508.00
203.20
457.20
457.20
101.60
152.40
609.60
101.60
304.80
762.00
508.00
355.60
101.60
762.00
101.60
914.40
203.20
254.00
76.20
101.60
914.40
457.20
355.60
609.60
355.60
304.80
152.40
508.00
152.40
254.00
76.20
457.20
457.20
203.20
508.00
762.00
355.60
76.20
406.40
508.00
762.00
914.40
609.60
101.60
508.00
76.20
101.60
355.60
508.00
101.60
355.60
762.00
304.80
406.40
304.80
101.60
203.20
762.00
203.20
304.80
355.60
508.00
203.20
254.00
355.60
457.20
355.60
