58
132.76000
374.68000
119.74000
312.72000
289.09000
336.33000
135.81000
201.26000
132.53000
144.66000
175.72000
112.17000
210.74000
75.41000
181.42000
146.96000
162.69000
99.64000
52.98000
162.97000
83.96000
49.82000
78.50000
99.27000
82.29000
147.49000
197.32000
83.30000
113.80000
80.82000
340.97000
77.39000
112.37000
37.34000
108.85000
182.82000
136.02000
56.70000
124.08000
234.60000
203.83000
248.05000
65.19000
210.09000
147.57000
103.80000
210.95000
75.08000
180.29000
149.05000
215.05000
144.44000
34.74000
59.93000
165.67000
119.97000
83.17000
1.00000
51.40
32.60
32.60
32.60
26.00
16.00
20.40
16.00
51.40
16.00
20.40
40.80
51.40
147.20
130.80
90.00
51.40
61.40
51.40
32.60
32.60
102.20
114.60
102.20
61.40
61.40
20.40
61.40
73.60
51.40
20.40
20.40
26.00
61.40
90.00
114.60
16.00
16.00
26.00
40.80
40.80
61.40
51.40
51.40
61.40
20.40
26.00
16.00
90.00
16.00
20.40
32.60
20.40
40.80
32.60
26.00
26.00
130.80
51.40
32.60
32.60
32.60
26.00
16.00
20.40
16.00
51.40
16.00
20.40
40.80
51.40
147.20
130.80
90.00
51.40
61.40
51.40
32.60
32.60
102.20
114.60
102.20
61.40
61.40
20.40
61.40
73.60
51.40
20.40
26.00
26.00
61.40
90.00
114.60
16.00
16.00
26.00
40.80
40.80
61.40
51.40
51.40
61.40
20.40
26.00
16.00
90.00
16.00
20.40
32.60
20.40
40.80
32.60
26.00
26.00
130.80
51.40
26.00
26.00
26.00
26.00
26.00
26.00
26.00
26.00
16.00
16.00
26.00
51.40
147.20
16.00
90.00
16.00
16.00
26.00
32.60
32.60
102.20
26.00
26.00
61.40
61.40
26.00
26.00
26.00
26.00
26.00
26.00
130.80
327.40
184.00
184.00
163.60
16.00
26.00
40.80
40.80
61.40
51.40
51.40
16.00
16.00
16.00
26.00
26.00
26.00
204.60
184.00
368.20
290.60
26.00
26.00
26.00
327.40
100.00
100.00
100.00
100.00
100.00
100.00
100.00
100.00
100.00
100.00
100.00
100.00
100.00
100.00
100.00
100.00
100.00
100.00
100.00
100.00
100.00
100.00
100.00
100.00
100.00
100.00
100.00
100.00
100.00
100.00
100.00
100.00
100.00
100.00
100.00
100.00
100.00
100.00
100.00
100.00
100.00
100.00
100.00
100.00
100.00
100.00
100.00
100.00
100.00
100.00
100.00
100.00
100.00
100.00
100.00
100.00
100.00
100.00
204.60
40.80
32.60
32.60
130.80
229.20
327.40
184.00
73.60
90.00
20.40
257.80
327.40
290.60
147.20
51.40
40.80
32.60
204.60
163.60
204.60
26.00
73.60
51.40
114.60
290.60
257.80
40.80
61.40
32.60
20.40
163.60
327.40
257.80
204.60
147.20
257.80
163.60
32.60
26.00
32.60
90.00
368.20
184.00
163.60
51.40
163.60
102.20
20.40
102.20
257.80
61.40
327.40
73.60
26.00
32.60
147.20
409.20
184.00
257.80
147.20
73.60
163.60
114.60
16.00
51.40
163.60
102.20
327.40
204.60
61.40
229.20
20.40
290.60
90.00
130.80
257.80
26.00
51.40
32.60
130.80
102.20
16.00
61.40
20.40
184.00
147.20
90.00
368.20
20.40
147.20
257.80
204.60
229.20
130.80
32.60
229.20
73.60
40.80
163.60
73.60
73.60
90.00
184.00
163.60
184.00
290.60
163.60
114.60
51.40
290.60
130.80
90.00
290.60
130.80
368.20
163.60
102.20
16.00
16.00
26.00
290.60
61.40
229.20
114.60
257.80
73.60
257.80
20.40
130.80
61.40
61.40
204.60
90.00
32.60
40.80
409.20
26.00
409.20
16.00
184.00
20.40
90.00
368.20
26.00
147.20
257.80
147.20
114.60
409.20
32.60
147.20
73.60
290.60
130.80
147.20
26.00
327.40
327.40
32.60
26.00
40.80
20.40
163.60
368.20
130.80
51.40
257.80
368.20
90.00
290.60
290.60
20.40
229.20
73.60
26.00
147.20
257.80
147.20
229.20
102.20
51.40
90.00
102.20
73.60
32.60
290.60
257.80
257.80
130.80
327.40
73.60
90.00
229.20
409.20
90.00
163.60
327.40
73.60
32.60
61.40
368.20
26.00
102.20
290.60
26.00
26.00
20.40
257.80
20.40
26.00
20.40
114.60
90.00
40.80
73.60
257.80
40.80
409.20
257.80
90.00
327.40
147.20
16.00
257.80
51.40
51.40
20.40
163.60
147.20
147.20
229.20
163.60
102.20
409.20
409.20
26.00
290.60
73.60
229.20
114.60
257.80
73.60
257.80
26.00
130.80
368.20
61.40
204.60
90.00
32.60
40.80
409.20
26.00
409.20
16.00
184.00
20.40
102.20
368.20
26.00
409.20
257.80
147.20
114.60
409.20
409.20
147.20
73.60
290.60
130.80
147.20
26.00
327.40
327.40
32.60
26.00
40.80
20.40
163.60
368.20
130.80
51.40
257.80
368.20
90.00
290.60
290.60
26.00
229.20
163.60
102.20
409.20
409.20
90.00
290.60
73.60
229.20
114.60
257.80
73.60
257.80
26.00
130.80
368.20
61.40
204.60
90.00
90.00
40.80
409.20
90.00
368.20
16.00
163.60
20.40
102.20
368.20
26.00
409.20
257.80
147.20
147.20
409.20
409.20
147.20
73.60
290.60
130.80
147.20
26.00
327.40
327.40
32.60
26.00
40.80
20.40
163.60
368.20
130.80
51.40
257.80
368.20
90.00
327.40
290.60
229.20
229.20
163.60
102.20
409.20
409.20
90.00
290.60
409.20
368.20
409.20
409.20
409.20
409.20
409.20
409.20
409.20
61.40
204.60
90.00
90.00
40.80
409.20
90.00
368.20
16.00
163.60
20.40
102.20
368.20
26.00
409.20
257.80
147.20
130.80
409.20
409.20
147.20
73.60
290.60
114.60
147.20
20.40
327.40
327.40
32.60
26.00
40.80
20.40
163.60
368.20
130.80
51.40
257.80
368.20
90.00
290.60
290.60
229.20
229.20
