34
100
1350
900
1150
1450
450
850
850
800
950
1200
3500
800
500
550
2730
1750
800
400
2200
1500
500
2650
1230
1300
850
300
750
1500
2000
1600
150
860
950
40.00
40.00
40.00
40.00
40.00
40.00
30.00
30.00
24.00
24.00
20.00
20.00
12.00
12.00
12.00
24.00
24.00
30.00
24.00
40.00
16.00
12.00
30.00
12.00
12.00
16.00
20.00
24.00
20.00
20.00
16.00
12.00
12.00
16.00
40.00
40.00
40.00
40.00
40.00
40.00
30.00
30.00
24.00
24.00
20.00
20.00
12.00
12.00
12.00
20.00
24.00
30.00
24.00
40.00
20.00
12.00
30.00
20.00
12.00
12.00
12.00
20.00
20.00
20.00
20.00
20.00
12.00
16.00
40.00
40.00
40.00
40.00
40.00
40.00
30.00
30.00
30.00
20.00
20.00
20.00
12.00
12.00
12.00
24.00
24.00
30.00
30.00
40.00
16.00
12.00
30.00
12.00
12.00
12.00
20.00
24.00
20.00
20.00
16.00
12.00
16.00
16.00
40.00
40.00
40.00
40.00
40.00
40.00
30.00
30.00
24.00
30.00
20.00
20.00
12.00
12.00
24.00
20.00
20.00
30.00
24.00
40.00
20.00
20.00
30.00
20.00
20.00
12.00
20.00
20.00
20.00
12.00
12.00
20.00
20.00
20.00
40.00
40.00
40.00
40.00
40.00
40.00
30.00
30.00
24.00
40.00
20.00
20.00
12.00
12.00
24.00
20.00
20.00
30.00
24.00
40.00
20.00
20.00
30.00
20.00
20.00
12.00
20.00
20.00
20.00
12.00
12.00
20.00
20.00
20.00
40.00
40.00
40.00
40.00
40.00
40.00
30.00
30.00
24.00
40.00
20.00
20.00
12.00
20.00
20.00
20.00
20.00
30.00
20.00
40.00
20.00
12.00
30.00
20.00
20.00
12.00
20.00
20.00
20.00
20.00
20.00
20.00
12.00
12.00
40.00
40.00
40.00
40.00
40.00
40.00
30.00
30.00
24.00
40.00
20.00
20.00
20.00
12.00
24.00
20.00
20.00
30.00
24.00
40.00
20.00
20.00
30.00
20.00
20.00
20.00
20.00
20.00
20.00
12.00
12.00
20.00
20.00
20.00
40.00
40.00
40.00
40.00
40.00
40.00
30.00
30.00
24.00
40.00
20.00
20.00
20.00
12.00
12.00
20.00
30.00
30.00
24.00
40.00
20.00
12.00
30.00
20.00
20.00
20.00
12.00
20.00
20.00
12.00
12.00
20.00
20.00
20.00
40.00
40.00
40.00
40.00
40.00
40.00
30.00
30.00
24.00
40.00
20.00
20.00
20.00
12.00
24.00
20.00
30.00
30.00
24.00
40.00
20.00
12.00
30.00
20.00
20.00
20.00
12.00
20.00
20.00
12.00
12.00
20.00
20.00
20.00
40.00
40.00
40.00
40.00
40.00
40.00
30.00
30.00
24.00
40.00
20.00
20.00
20.00
12.00
12.00
20.00
30.00
30.00
20.00
40.00
20.00
20.00
30.00
20.00
20.00
20.00
12.00
20.00
20.00
20.00
12.00
20.00
20.00
20.00
40.00
40.00
40.00
40.00
40.00
40.00
30.00
30.00
24.00
40.00
20.00
20.00
20.00
20.00
12.00
20.00
30.00
30.00
24.00
40.00
20.00
20.00
30.00
20.00
20.00
20.00
12.00
20.00
20.00
20.00
12.00
20.00
20.00
20.00
