34
478
830
1030
679
830
508
1416
593
553
505
454
1095
392
1124
1025
1125
1003
954
1200
435
543
740
988
1859
405
467
543
721
882
966
635
2013
1000
1000
200.00
250.00
600.00
250.00
200.00
400.00
600.00
150.00
500.00
250.00
300.00
150.00
300.00
300.00
450.00
250.00
700.00
800.00
200.00
800.00
500.00
350.00
600.00
900.00
500.00
450.00
150.00
150.00
150.00
400.00
200.00
900.00
500.00
350.00
200.00
250.00
600.00
250.00
200.00
400.00
600.00
150.00
500.00
250.00
300.00
150.00
300.00
300.00
450.00
250.00
700.00
800.00
200.00
800.00
500.00
350.00
600.00
900.00
500.00
450.00
150.00
150.00
150.00
400.00
250.00
900.00
500.00
350.00
200.00
250.00
600.00
250.00
250.00
400.00
600.00
150.00
500.00
250.00
300.00
150.00
300.00
300.00
450.00
250.00
700.00
800.00
200.00
800.00
500.00
350.00
600.00
900.00
500.00
450.00
150.00
150.00
150.00
400.00
250.00
900.00
500.00
350.00
750.00
250.00
600.00
250.00
250.00
400.00
600.00
450.00
500.00
600.00
750.00
800.00
900.00
450.00
450.00
250.00
700.00
800.00
250.00
800.00
500.00
350.00
600.00
900.00
500.00
450.00
450.00
150.00
150.00
400.00
250.00
900.00
500.00
450.00
350.00
450.00
1000.00
250.00
450.00
900.00
250.00
700.00
900.00
700.00
350.00
600.00
750.00
450.00
750.00
300.00
800.00
750.00
750.00
750.00
400.00
600.00
600.00
800.00
250.00
350.00
800.00
450.00
250.00
700.00
900.00
1000.00
250.00
800.00
350.00
500.00
1000.00
250.00
450.00
900.00
700.00
700.00
900.00
700.00
350.00
600.00
750.00
400.00
750.00
300.00
800.00
700.00
750.00
750.00
400.00
600.00
600.00
800.00
700.00
700.00
800.00
450.00
250.00
700.00
900.00
1000.00
700.00
900.00
350.00
500.00
1000.00
250.00
450.00
900.00
700.00
900.00
900.00
700.00
350.00
600.00
750.00
400.00
750.00
1000.00
1000.00
700.00
750.00
750.00
400.00
600.00
600.00
800.00
1000.00
1000.00
800.00
450.00
250.00
700.00
900.00
1000.00
700.00
900.00
450.00
500.00
1000.00
400.00
450.00
900.00
700.00
900.00
900.00
700.00
450.00
600.00
750.00
500.00
750.00
900.00
1000.00
700.00
800.00
750.00
450.00
600.00
600.00
800.00
900.00
900.00
800.00
450.00
400.00
700.00
900.00
1000.00
700.00
900.00
900.00
900.00
900.00
900.00
900.00
900.00
900.00
900.00
900.00
700.00
450.00
600.00
900.00
500.00
750.00
900.00
1000.00
700.00
800.00
750.00
450.00
600.00
600.00
800.00
900.00
900.00
800.00
400.00
400.00
700.00
900.00
1000.00
700.00
900.00
900.00
1000.00
900.00
900.00
900.00
900.00
900.00
900.00
900.00
1000.00
1000.00
600.00
900.00
1000.00
750.00
900.00
1000.00
700.00
800.00
750.00
1000.00
1000.00
1000.00
800.00
900.00
900.00
800.00
900.00
1000.00
700.00
900.00
1000.00
700.00
1000.00
900.00
1000.00
900.00
900.00
900.00
900.00
900.00
900.00
900.00
900.00
900.00
1000.00
900.00
1000.00
1000.00
900.00
1000.00
1000.00
1000.00
1000.00
1000.00
1000.00
1000.00
750.00
900.00
900.00
800.00
900.00
1000.00
700.00
900.00
1000.00
1000.00
1000.00
