378
133.97700
44.70500
59.66600
82.83600
37.53400
67.22200
158.49000
33.36800
114.78900
11.88900
246.86700
34.44400
33.02800
103.62000
148.20100
54.84600
127.67300
300.40000
228.45900
42.58500
274.87300
103.81400
137.43800
177.96000
90.65000
50.50000
67.93100
26.24600
10.02000
401.45500
192.91400
1.46200
13.45000
43.81100
35.05900
2.64200
111.07900
157.86400
26.12600
70.54600
120.36200
144.48500
111.67200
82.90600
342.11800
45.14600
201.46700
82.91900
15.59000
38.22500
57.84400
44.12300
30.88500
15.79500
171.46300
239.02000
176.72700
460.20100
231.38100
99.87400
374.37900
76.59800
296.83200
107.63400
15.02100
566.59100
10.08000
29.63500
261.44900
170.01400
102.69600
788.76400
184.78400
205.69500
365.48900
165.64400
785.06600
396.95100
10.88900
9.56200
298.40200
131.14300
35.22200
8.76900
6.64400
18.24100
10.27900
47.41600
5.06100
2.69100
27.25600
4.26200
0.80300
8.66400
93.94000
34.45800
11.75700
142.65100
10.16600
7.47200
7.45600
11.89800
41.69400
12.30000
191.67600
41.91000
303.74400
263.37200
61.86100
14.00300
10.02000
143.20300
9.40400
8.15600
34.74200
55.95300
163.82500
52.23000
200.92000
131.76300
127.64700
161.93100
8.56200
35.98300
74.89200
82.33100
99.37800
71.53700
33.77600
33.06700
118.96600
23.75900
1.79700
84.89100
10.24100
12.68400
66.83700
84.18800
57.66600
74.41100
32.74800
18.52000
44.37700
17.03500
127.35800
17.08500
12.34400
120.14100
80.85100
49.95500
29.88100
24.72400
124.82000
67.97500
17.13300
1.01900
1.01900
258.81900
90.94700
5.63400
226.71800
121.92700
60.20200
15.09500
151.63400
14.86500
52.16200
8.49200
48.17100
8.58200
5.36600
24.50500
32.81500
98.73500
64.72000
164.53000
19.58700
39.18200
77.63900
91.74700
121.39200
92.11700
115.94900
397.34000
375.49300
148.28100
1.00200
26.67300
21.88900
7.40900
24.79300
30.80100
91.19200
47.54200
5.62500
1.96100
154.50600
59.29300
63.39600
8.35400
7.39800
76.22500
78.07400
42.73100
68.81600
10.22100
11.37800
9.09900
45.92800
10.73600
64.76800
43.95000
47.65200
13.98800
8.82300
61.30700
9.21300
20.33700
54.69500
48.70300
9.67100
57.45900
11.06000
58.24400
27.15600
13.12900
12.36900
9.42100
55.04500
9.46300
78.87500
57.53300
126.62600
43.58400
10.03500
11.64600
38.76600
25.26800
10.82000
81.23400
6.74800
11.93200
5.09600
9.54600
13.99100
41.96000
28.34400
22.75000
10.97800
45.51100
52.31900
10.45500
25.62500
58.85700
9.98900
12.45500
11.09900
11.07300
88.50600
41.75300
7.97400
11.02300
54.31800
10.49900
10.02700
10.59600
12.59900
41.42900
7.41400
10.48400
35.59100
9.11800
46.06400
11.21000
9.62800
61.24500
33.61300
9.92300
7.87000
54.26300
58.71800
18.43000
10.08600
88.48300
42.21800
22.67700
9.54300
41.60400
54.66700
65.86600
220.21000
10.48500
55.04700
15.26000
55.33000
11.38300
46.95100
6.51400
9.89200
6.15300
7.41100
55.20000
66.51100
10.06300
8.86200
55.03800
24.67400
9.66300
11.78700
39.71600
6.14300
88.39900
42.12500
100.51300
13.21400
47.03300
8.74300
11.46200
83.84400
7.06500
2.74600
0.96500
1.36900
53.50700
48.05400
9.83300
67.20500
10.74000
9.86600
39.88100
17.21900
86.37200
9.84900
11.66300
9.80900
10.39400
44.71800
11.36900
57.70200
75.37400
86.84300
29.82000
9.93800
39.48300
49.46700
9.71300
38.60300
48.85600
39.24300
38.02600
10.12000
10.15400
60.21800
9.38700
18.42100
42.68700
64.90000
48.57200
68.58200
68.45500
58.68400
59.09100
31.67500
143.31800
44.82100
68.33800
52.72300
52.49100
64.75700
64.87100
85.77000
248.73700
74.21900
160.37800
7.43800
40.32300
75.50600
68.99400
76.20
76.20
76.20
76.20
76.20
76.20
76.20
76.20
76.20
76.20
76.20
76.20
76.20
76.20
76.20
76.20
76.20
76.20
76.20
76.20
76.20
76.20
76.20
76.20
76.20
76.20
76.20
76.20
76.20
76.20
76.20
76.20
76.20
76.20
76.20
76.20
76.20
76.20
76.20
76.20
76.20
76.20
76.20
76.20
76.20
76.20
76.20
76.20
76.20
76.20
76.20
76.20
76.20
76.20
76.20
76.20
76.20
76.20
76.20
76.20
76.20
76.20
101.60
76.20
101.60
76.20
76.20
76.20
76.20
76.20
76.20
76.20
76.20
76.20
152.40
76.20
152.40
152.40
76.20
76.20
203.20
76.20
76.20
76.20
76.20
76.20
76.20
76.20
76.20
76.20
76.20
76.20
76.20
76.20
76.20
76.20
76.20
76.20
76.20
76.20
76.20
76.20
76.20
76.20
76.20
76.20
76.20
76.20
76.20
76.20
76.20
76.20
76.20
76.20
76.20
76.20
76.20
76.20
76.20
76.20
76.20
76.20
76.20
76.20
76.20
76.20
76.20
76.20
76.20
76.20
76.20
76.20
76.20
76.20
76.20
76.20
76.20
76.20
76.20
76.20
76.20
76.20
76.20
76.20
76.20
76.20
76.20
76.20
76.20
76.20
76.20
76.20
76.20
76.20
76.20
76.20
76.20
76.20
76.20
76.20
76.20
76.20
76.20
76.20
76.20
76.20
76.20
76.20
76.20
76.20
76.20
76.20
76.20
76.20
76.20
76.20
76.20
76.20
76.20
76.20
76.20
76.20
76.20
76.20
76.20
76.20
76.20
76.20
76.20
76.20
152.40
152.40
76.20
76.20
76.20
76.20
76.20
76.20
76.20
76.20
76.20
76.20
76.20
76.20
76.20
76.20
76.20
76.20
76.20
76.20
76.20
76.20
76.20
76.20
101.60
76.20
203.20
203.20
152.40
101.60
76.20
76.20
76.20
76.20
76.20
76.20
76.20
76.20
76.20
152.40
76.20
76.20
76.20
76.20
76.20
76.20
76.20
76.20
76.20
76.20
76.20
76.20
76.20
76.20
76.20
76.20
76.20
76.20
76.20
76.20
76.20
76.20
76.20
76.20
76.20
76.20
76.20
76.20
76.20
76.20
76.20
76.20
76.20
76.20
76.20
76.20
76.20
76.20
76.20
76.20
76.20
76.20
76.20
76.20
76.20
76.20
76.20
76.20
76.20
76.20
76.20
76.20
76.20
76.20
76.20
76.20
76.20
76.20
76.20
76.20
76.20
76.20
76.20
76.20
76.20
76.20
76.20
76.20
76.20
76.20
76.20
101.60
76.20
76.20
76.20
76.20
76.20
76.20
76.20
76.20
76.20
76.20
76.20
152.40
76.20
76.20
76.20
76.20
76.20
76.20
76.20
76.20
76.20
76.20
76.20
76.20
76.20
76.20
76.20
76.20
76.20
76.20
76.20
76.20
76.20
76.20
76.20
76.20
76.20
76.20
76.20
76.20
76.20
76.20
76.20
76.20
76.20
76.20
76.20
76.20
76.20
76.20
76.20
76.20
76.20
76.20
76.20
76.20
76.20
76.20
76.20
76.20
76.20
76.20
101.60
76.20
76.20
76.20
76.20
76.20
76.20
76.20
76.20
76.20
76.20
76.20
76.20
101.60
76.20
76.20
76.20
76.20
76.20
76.20
76.20
76.20
76.20
76.20
76.20
76.20
76.20
76.20
76.20
76.20
76.20
76.20
76.20
76.20
76.20
76.20
76.20
76.20
76.20
76.20
76.20
76.20
76.20
76.20
76.20
76.20
76.20
76.20
76.20
76.20
76.20
76.20
76.20
76.20
101.60
76.20
76.20
76.20
76.20
76.20
76.20
76.20
76.20
76.20
76.20
76.20
76.20
76.20
76.20
101.60
76.20
76.20
76.20
76.20
76.20
76.20
101.60
76.20
101.60
76.20
76.20
76.20
76.20
76.20
76.20
76.20
76.20
76.20
152.40
76.20
152.40
152.40
76.20
76.20
203.20
76.20
76.20
76.20
76.20
76.20
76.20
76.20
76.20
76.20
76.20
76.20
76.20
76.20
76.20
76.20
76.20
76.20
76.20
76.20
76.20
76.20
76.20
76.20
76.20
76.20
76.20
76.20
76.20
76.20
76.20
76.20
76.20
76.20
76.20
76.20
76.20
76.20
76.20
76.20
76.20
76.20
76.20
76.20
76.20
76.20
76.20
101.60
76.20
76.20
76.20
76.20
76.20
76.20
76.20
76.20
76.20
76.20
76.20
101.60
76.20
76.20
76.20
76.20
76.20
76.20
76.20
76.20
76.20
76.20
76.20
76.20
76.20
76.20
76.20
76.20
76.20
76.20
76.20
76.20
76.20
76.20
76.20
76.20
76.20
76.20
76.20
76.20
76.20
76.20
76.20
76.20
76.20
76.20
76.20
76.20
101.60
76.20
76.20
76.20
76.20
76.20
76.20
76.20
76.20
76.20
101.60
76.20
76.20
76.20
152.40
152.40
76.20
76.20
76.20
76.20
76.20
76.20
101.60
76.20
76.20
76.20
76.20
76.20
76.20
76.20
76.20
76.20
76.20
76.20
76.20
76.20
76.20
76.20
101.60
76.20
203.20
203.20
152.40
101.60
76.20
76.20
76.20
76.20
76.20
76.20
76.20
76.20
76.20
152.40
76.20
76.20
76.20
76.20
76.20
76.20
76.20
76.20
76.20
76.20
76.20
76.20
76.20
76.20
76.20
76.20
101.60
76.20
101.60
76.20
101.60
76.20
76.20
76.20
76.20
76.20
76.20
76.20
101.60
76.20
76.20
76.20
76.20
76.20
76.20
76.20
76.20
76.20
76.20
76.20
76.20
76.20
76.20
76.20
76.20
76.20
76.20
76.20
76.20
76.20
76.20
76.20
76.20
76.20
76.20
76.20
76.20
76.20
76.20
76.20
76.20
76.20
76.20
76.20
76.20
76.20
76.20
76.20
76.20
76.20
76.20
101.60
76.20
76.20
76.20
76.20
76.20
76.20
101.60
76.20
76.20
76.20
76.20
152.40
76.20
76.20
76.20
76.20
76.20
76.20
76.20
76.20
76.20
76.20
76.20
76.20
76.20
76.20
76.20
76.20
76.20
76.20
76.20
76.20
76.20
76.20
76.20
76.20
76.20
76.20
76.20
76.20
76.20
76.20
76.20
76.20
76.20
76.20
76.20
76.20
76.20
76.20
76.20
101.60
76.20
76.20
76.20
76.20
76.20
76.20
76.20
76.20
76.20
76.20
101.60
101.60
76.20
76.20
76.20
76.20
76.20
76.20
76.20
76.20
76.20
76.20
76.20
101.60
76.20
76.20
76.20
76.20
76.20
76.20
76.20
76.20
76.20
76.20
76.20
76.20
76.20
76.20
76.20
76.20
76.20
76.20
76.20
76.20
76.20
76.20
76.20
152.40
76.20
76.20
76.20
76.20
76.20
76.20
76.20
76.20
76.20
76.20
76.20
76.20
76.20
76.20
76.20
76.20
101.60
76.20
76.20
76.20
76.20
152.40
76.20
76.20
152.40
76.20
152.40
76.20
76.20
76.20
76.20
76.20
76.20
76.20
76.20
76.20
76.20
76.20
101.60
76.20
101.60
76.20
152.40
76.20
76.20
76.20
76.20
76.20
76.20
76.20
152.40
76.20
152.40
152.40
76.20
76.20
203.20
76.20
76.20
76.20
76.20
152.40
152.40
76.20
76.20
76.20
76.20
76.20
76.20
76.20
76.20
76.20
76.20
76.20
76.20
76.20
76.20
76.20
76.20
76.20
76.20
76.20
76.20
76.20
152.40
76.20
76.20
76.20
76.20
76.20
76.20
76.20
76.20
76.20
76.20
76.20
152.40
76.20
76.20
76.20
76.20
76.20
76.20
101.60
76.20
76.20
76.20
76.20
152.40
76.20
76.20
76.20
76.20
76.20
76.20
101.60
76.20
76.20
76.20
76.20
76.20
76.20
76.20
76.20
76.20
76.20
76.20
76.20
152.40
76.20
76.20
76.20
76.20
76.20
76.20
76.20
76.20
76.20
76.20
76.20
76.20
76.20
76.20
76.20
76.20
76.20
76.20
76.20
76.20
76.20
76.20
152.40
152.40
76.20
76.20
76.20
76.20
76.20
76.20
76.20
76.20
76.20
101.60
76.20
76.20
76.20
152.40
152.40
76.20
152.40
76.20
76.20
76.20
76.20
101.60
76.20
76.20
76.20
76.20
76.20
76.20
76.20
76.20
76.20
76.20
152.40
76.20
76.20
76.20
76.20
76.20
76.20
203.20
203.20
152.40
152.40
76.20
76.20
76.20
76.20
76.20
76.20
76.20
76.20
76.20
152.40
76.20
76.20
76.20
76.20
76.20
76.20
76.20
76.20
76.20
76.20
76.20
76.20
76.20
76.20
76.20
76.20
101.60
76.20
101.60
76.20
101.60
76.20
76.20
76.20
76.20
76.20
76.20
76.20
101.60
76.20
76.20
76.20
76.20
76.20
76.20
76.20
76.20
76.20
76.20
76.20
76.20
76.20
152.40
76.20
76.20
76.20
76.20
76.20
76.20
76.20
76.20
76.20
76.20
76.20
76.20
76.20
76.20
76.20
76.20
76.20
76.20
76.20
76.20
76.20
76.20
76.20
76.20
76.20
76.20
76.20
76.20
101.60
76.20
152.40
76.20
76.20
76.20
152.40
101.60
76.20
76.20
76.20
76.20
152.40
76.20
76.20
76.20
76.20
76.20
152.40
76.20
76.20
76.20
76.20
76.20
76.20
76.20
76.20
76.20
76.20
76.20
76.20
76.20
76.20
152.40
76.20
76.20
76.20
76.20
76.20
76.20
76.20
76.20
76.20
76.20
76.20
76.20
76.20
76.20
76.20
76.20
76.20
76.20
101.60
76.20
76.20
76.20
76.20
76.20
76.20
76.20
76.20
76.20
76.20
101.60
101.60
76.20
76.20
76.20
76.20
76.20
76.20
152.40
76.20
152.40
76.20
76.20
101.60
152.4
76.2
76.2
76.2
76.2
76.2
76.2
76.2
76.2
406.4
76.2
76.2
76.2
76.2
76.2
76.2
76.2
76.2
76.2
76.2
76.2
76.2
76.2
76.2
76.2
76.2
76.2
76.2
76.2
76.2
76.2
76.2
76.2
76.2
76.2
152.4
76.2
76.2
76.2
76.2
101.6
76.2
76.2
76.2
76.2
152.4
76.2
76.2
152.4
76.2
152.4
76.2
76.2
76.2
76.2
76.2
76.2
76.2
76.2
76.2
76.2
76.2
101.6
152.4
101.6
76.2
152.4
76.2
76.2
152.4
76.2
76.2
76.2
76.2
152.4
76.2
152.4
152.4
76.2
76.2
203.2
76.2
76.2
76.2
76.2
152.4
152.4
76.2
76.2
76.2
76.2
76.2
152.4
76.2
76.2
76.2
76.2
76.2
76.2
203.2
76.2
76.2
76.2
76.2
76.2
76.2
76.2
76.2
152.4
76.2
76.2
76.2
76.2
76.2
76.2
76.2
76.2
76.2
76.2
76.2
152.4
76.2
152.4
76.2
76.2
152.4
76.2
101.6
76.2
76.2
76.2
76.2
152.4
76.2
152.4
76.2
76.2
76.2
76.2
101.6
76.2
76.2
76.2
76.2
76.2
76.2
76.2
76.2
76.2
76.2
76.2
76.2
76.2
76.2
76.2
76.2
76.2
76.2
76.2
76.2
76.2
76.2
152.4
152.4
76.2
76.2
76.2
76.2
76.2
152.4
76.2
152.4
76.2
76.2
76.2
152.4
152.4
76.2
76.2
76.2
76.2
76.2
76.2
76.2
76.2
76.2
101.6
76.2
76.2
76.2
152.4
152.4
76.2
152.4
76.2
76.2
76.2
76.2
101.6
76.2
76.2
76.2
76.2
76.2
76.2
76.2
76.2
152.4
76.2
152.4
76.2
152.4
152.4
76.2
76.2
76.2
203.2
203.2
152.4
152.4
76.2
76.2
76.2
76.2
76.2
76.2
152.4
76.2
76.2
152.4
76.2
76.2
76.2
76.2
76.2
152.4
76.2
76.2
76.2
76.2
76.2
76.2
76.2
76.2
76.2
76.2
101.6
76.2
101.6
76.2
101.6
76.2
76.2
76.2
76.2
76.2
76.2
76.2
101.6
76.2
76.2
76.2
76.2
76.2
76.2
76.2
76.2
76.2
76.2
76.2
76.2
76.2
152.4
76.2
76.2
76.2
76.2
76.2
76.2
76.2
76.2
76.2
76.2
76.2
76.2
76.2
76.2
76.2
152.4
76.2
76.2
76.2
76.2
76.2
76.2
76.2
76.2
76.2
76.2
76.2
76.2
101.6
76.2
152.4
152.4
76.2
76.2
152.4
152.4
76.2
76.2
76.2
76.2
152.4
76.2
76.2
76.2
76.2
76.2
152.4
76.2
76.2
76.2
76.2
76.2
76.2
76.2
76.2
152.4
76.2
76.2
76.2
76.2
76.2
152.4
76.2
76.2
76.2
76.2
76.2
76.2
76.2
76.2
76.2
76.2
76.2
76.2
76.2
76.2
76.2
152.4
76.2
76.2
101.6
76.2
152.4
76.2
76.2
76.2
76.2
76.2
76.2
76.2
76.2
101.6
101.6
76.2
76.2
152.4
76.2
76.2
76.2
76.2
152.4
152.4
76.2
76.2
101.6
152.40
76.20
76.20
76.20
76.20
76.20
76.20
76.20
76.20
406.40
76.20
76.20
76.20
76.20
76.20
76.20
76.20
76.20
152.40
76.20
76.20
76.20
76.20
76.20
76.20
76.20
76.20
76.20
76.20
76.20
76.20
76.20
152.40
76.20
76.20
152.40
76.20
76.20
76.20
76.20
101.60
76.20
76.20
76.20
76.20
152.40
76.20
152.40
152.40
152.40
152.40
76.20
76.20
152.40
76.20
76.20
76.20
152.40
76.20
76.20
76.20
76.20
101.60
152.40
101.60
76.20
152.40
76.20
76.20
152.40
76.20
76.20
76.20
76.20
152.40
76.20
152.40
152.40
76.20
76.20
203.20
152.40
76.20
76.20
76.20
152.40
152.40
76.20
76.20
76.20
76.20
76.20
152.40
76.20
76.20
76.20
76.20
76.20
152.40
203.20
76.20
76.20
76.20
76.20
76.20
152.40
76.20
76.20
152.40
76.20
152.40
76.20
76.20
76.20
76.20
76.20
76.20
76.20
76.20
76.20
152.40
76.20
152.40
76.20
76.20
152.40
76.20
101.60
76.20
76.20
76.20
76.20
76.20
76.20
152.40
76.20
76.20
76.20
76.20
101.60
76.20
76.20
76.20
76.20
152.40
76.20
152.40
76.20
76.20
76.20
152.40
76.20
76.20
76.20
152.40
76.20
76.20
76.20
76.20
76.20
76.20
76.20
152.40
152.40
76.20
76.20
76.20
76.20
152.40
76.20
152.40
152.40
76.20
76.20
76.20
152.40
152.40
76.20
76.20
76.20
76.20
76.20
76.20
76.20
76.20
76.20
152.40
76.20
76.20
76.20
152.40
152.40
76.20
152.40
76.20
76.20
76.20
76.20
152.40
76.20
76.20
152.40
76.20
76.20
152.40
152.40
76.20
152.40
76.20
152.40
76.20
152.40
152.40
76.20
152.40
76.20
203.20
203.20
152.40
152.40
76.20
76.20
76.20
76.20
76.20
76.20
76.20
76.20
76.20
76.20
76.20
76.20
76.20
76.20
76.20
76.20
76.20
76.20
76.20
76.20
76.20
76.20
76.20
76.20
76.20
76.20
101.60
76.20
101.60
76.20
76.20
76.20
76.20
76.20
76.20
76.20
76.20
76.20
76.20
76.20
76.20
76.20
76.20
76.20
76.20
76.20
152.40
76.20
76.20
76.20
76.20
76.20
152.40
76.20
76.20
76.20
76.20
76.20
76.20
76.20
152.40
76.20
76.20
76.20
76.20
76.20
76.20
76.20
152.40
76.20
76.20
76.20
76.20
76.20
76.20
76.20
76.20
76.20
152.40
76.20
76.20
101.60
76.20
152.40
152.40
76.20
76.20
152.40
152.40
76.20
76.20
76.20
76.20
152.40
76.20
76.20
76.20
76.20
76.20
152.40
76.20
76.20
76.20
76.20
76.20
76.20
76.20
76.20
152.40
76.20
76.20
76.20
76.20
76.20
152.40
152.40
152.40
76.20
76.20
76.20
76.20
76.20
152.40
76.20
76.20
76.20
76.20
76.20
76.20
76.20
152.40
76.20
76.20
101.60
76.20
152.40
76.20
152.40
76.20
76.20
76.20
76.20
152.40
76.20
152.40
101.60
152.40
76.20
76.20
152.40
76.20
76.20
76.20
152.40
152.40
76.20
76.20
101.60
152.40
152.40
76.20
152.40
76.20
76.20
152.40
76.20
152.40
152.40
152.40
152.40
76.20
152.40
76.20
76.20
76.20
76.20
76.20
76.20
76.20
152.40
76.20
76.20
152.40
76.20
152.40
152.40
152.40
76.20
76.20
152.40
152.40
152.40
152.40
76.20
76.20
76.20
76.20
152.40
76.20
76.20
76.20
152.40
76.20
152.40
152.40
152.40
152.40
76.20
152.40
76.20
152.40
152.40
152.40
76.20
152.40
76.20
152.40
76.20
152.40
76.20
76.20
152.40
152.40
76.20
152.40
152.40
76.20
76.20
76.20
76.20
76.20
152.40
152.40
76.20
152.40
152.40
152.40
152.40
203.20
76.20
152.40
76.20
152.40
152.40
76.20
76.20
152.40
76.20
76.20
152.40
76.20
76.20
76.20
152.40
76.20
152.40
152.40
152.40
152.40
76.20
76.20
152.40
76.20
152.40
76.20
152.40
76.20
152.40
152.40
152.40
76.20
152.40
152.40
76.20
76.20
76.20
152.40
152.40
76.20
76.20
76.20
152.40
152.40
152.40
152.40
76.20
152.40
152.40
152.40
152.40
152.40
76.20
152.40
76.20
76.20
76.20
76.20
76.20
76.20
76.20
76.20
76.20
76.20
76.20
76.20
76.20
76.20
76.20
76.20
76.20
76.20
76.20
152.40
76.20
152.40
76.20
152.40
76.20
76.20
152.40
152.40
152.40
152.40
76.20
76.20
152.40
152.40
76.20
76.20
76.20
76.20
76.20
152.40
152.40
152.40
152.40
152.40
76.20
76.20
76.20
76.20
152.40
76.20
76.20
152.40
76.20
152.40
76.20
76.20
76.20
76.20
152.40
76.20
76.20
152.40
152.40
76.20
76.20
152.40
152.40
152.40
152.40
152.40
152.40
152.40
76.20
152.40
76.20
152.40
76.20
76.20
152.40
152.40
76.20
609.60
152.40
152.40
152.40
76.20
76.20
76.20
152.40
76.20
76.20
76.20
152.40
152.40
152.40
152.40
76.20
76.20
76.20
152.40
76.20
152.40
152.40
152.40
76.20
152.40
76.20
76.20
152.40
76.20
152.40
152.40
76.20
152.40
152.40
76.20
76.20
152.40
76.20
152.40
152.40
152.40
152.40
76.20
76.20
152.40
76.20
152.40
152.40
76.20
152.40
76.20
76.20
76.20
152.40
152.40
152.40
152.40
76.20
152.40
76.20
152.40
152.40
152.40
76.20
152.40
76.20
152.40
152.40
152.40
152.40
76.20
76.20
76.20
76.20
152.40
152.40
76.20
76.20
152.40
76.20
152.40
76.20
152.40
76.20
152.40
76.20
76.20
76.20
76.20
76.20
152.40
76.20
76.20
76.20
152.40
76.20
76.20
152.40
76.20
76.20
76.20
76.20
76.20
152.40
152.40
76.20
76.20
76.20
152.40
76.20
152.40
152.40
76.20
76.20
152.40
152.40
76.20
76.20
76.20
76.20
76.20
152.40
152.40
152.40
152.40
152.40
152.40
152.40
152.40
76.20
152.40
76.20
152.40
152.40
76.20
152.40
152.40
76.20
76.20
76.20
152.40
152.40
152.40
76.20
76.20
76.20
76.20
76.20
76.20
76.20
152.40
152.40
152.40
152.40
76.20
76.20
76.20
152.40
76.20
152.40
152.40
152.40
152.40
152.40
152.40
152.40
152.40
152.40
76.20
152.40
76.20
76.20
76.20
76.20
152.40
76.20
76.20
152.40
76.20
152.40
76.20
76.20
152.40
152.40
76.20
152.40
152.40
76.20
76.20
152.40
76.20
152.40
152.40
76.20
76.20
76.20
76.20
76.20
152.40
76.20
76.20
76.20
76.20
76.20
76.20
76.20
152.40
76.20
152.40
152.40
152.40
152.40
152.40
152.40
76.20
152.40
152.40
152.40
76.20
76.20
76.20
152.40
76.20
76.20
76.20
76.20
152.40
152.40
152.40
76.20
76.20
76.20
76.20
76.20
152.40
76.20
152.40
152.40
152.40
152.40
152.40
76.20
203.20
152.40
152.40
76.20
152.40
152.40
152.40
152.40
76.20
152.40
152.40
152.40
152.40
76.20
76.20
152.40
76.20
152.40
152.40
152.40
76.20
152.40
152.40
152.40
76.20
76.20
152.40
76.20
152.40
76.20
76.20
152.40
76.20
76.20
76.20
152.40
76.20
152.40
76.20
152.40
76.20
76.20
76.20
76.20
152.40
152.40
152.40
76.20
152.40
152.40
152.40
76.20
152.40
152.40
76.20
76.20
152.40
152.40
76.20
152.40
76.20
76.20
152.40
76.20
152.40
152.40
76.20
152.40
76.20
152.40
76.20
76.20
152.40
152.40
76.20
76.20
76.20
76.20
152.40
76.20
152.40
152.40
152.40
76.20
76.20
152.40
152.40
76.20
76.20
152.40
76.20
152.40
152.40
76.20
76.20
152.40
76.20
76.20
152.40
152.40
152.40
76.20
76.20
76.20
76.20
76.20
152.40
152.40
76.20
152.40
152.40
152.40
76.20
76.20
152.40
152.40
152.40
152.40
152.40
76.20
152.40
152.40
76.20
76.20
76.20
152.40
76.20
152.40
152.40
152.40
76.20
76.20
152.40
76.20
152.40
76.20
152.40
152.40
152.40
152.40
76.20
76.20
76.20
152.40
152.40
152.40
152.40
152.40
76.20
152.40
76.20
76.20
152.40
152.40
76.20
152.40
152.40
76.20
76.20
76.20
76.20
152.40
76.20
152.40
152.40
152.40
76.20
76.20
152.40
76.20
152.40
152.40
152.40
76.20
76.20
76.20
76.20
152.40
76.20
76.20
152.40
76.20
152.40
152.40
152.40
152.40
152.40
152.40
76.20
152.40
152.40
152.40
152.40
76.20
152.40
76.20
152.40
152.40
152.40
152.40
76.20
152.40
76.20
152.40
152.40
76.20
152.40
76.20
152.40
152.40
152.40
76.20
152.40
76.20
76.20
76.20
152.40
152.40
152.40
152.40
76.20
76.20
76.20
76.20
152.40
152.40
76.20
152.40
152.40
76.20
76.20
76.20
152.40
152.40
76.20
152.40
152.40
76.20
76.20
152.40
152.40
152.40
76.20
76.20
76.20
76.20
76.20
152.40
76.20
152.40
76.20
152.40
152.40
152.40
76.20
76.20
152.40
76.20
152.40
152.40
76.20
76.20
152.40
152.40
152.40
152.40
152.40
152.40
152.40
152.40
152.40
76.20
152.40
152.40
76.20
152.40
76.20
76.20
76.20
152.40
152.40
76.20
152.40
76.20
152.40
152.40
76.20
76.20
152.40
76.20
152.40
152.40
152.40
76.20
152.40
152.40
76.20
76.20
152.40
152.40
152.40
76.20
457.20
76.20
152.40
304.80
152.40
76.20
304.80
762.00
76.20
609.60
76.20
152.40
76.20
76.20
609.60
76.20
101.60
304.80
355.60
76.20
304.80
457.20
152.40
76.20
76.20
152.40
152.40
152.40
152.40
152.40
457.20
914.40
152.40
152.40
152.40
76.20
254.00
152.40
152.40
76.20
152.40
152.40
152.40
457.20
76.20
254.00
76.20
76.20
762.00
152.40
152.40
76.20
203.20
76.20
254.00
762.00
76.20
762.00
355.60
152.40
609.60
152.40
152.40
152.40
609.60
76.20
152.40
152.40
152.40
76.20
152.40
152.40
152.40
457.20
508.00
152.40
203.20
76.20
152.40
76.20
76.20
76.20
152.40
152.40
152.40
76.20
406.40
152.40
152.40
152.40
152.40
304.80
76.20
76.20
254.00
152.40
76.20
76.20
76.20
152.40
508.00
406.40
76.20
457.20
76.20
762.00
762.00
152.40
152.40
254.00
152.40
304.80
76.20
76.20
152.40
76.20
76.20
152.40
406.40
76.20
254.00
76.20
152.40
76.20
76.20
76.20
76.20
609.60
609.60
254.00
76.20
406.40
76.20
914.40
152.40
152.40
76.20
152.40
152.40
508.00
152.40
152.40
609.60
76.20
76.20
203.20
152.40
152.40
508.00
152.40
76.20
152.40
203.20
457.20
152.40
152.40
76.20
457.20
406.40
152.40
914.40
152.40
152.40
76.20
76.20
152.40
152.40
457.20
406.40
152.40
152.40
76.20
152.40
152.40
76.20
76.20
76.20
152.40
355.60
76.20
76.20
609.60
254.00
152.40
762.00
76.20
152.40
762.00
152.40
76.20
304.80
304.80
203.20
152.40
203.20
76.20
355.60
304.80
254.00
76.20
76.20
76.20
76.20
76.20
254.00
152.40
406.40
152.40
355.60
304.80
355.60
76.20
152.40
152.40
76.20
152.40
76.20
762.00
76.20
101.60
152.40
152.40
762.00
762.00
609.60
457.20
203.20
76.20
355.60
355.60
152.40
76.20
203.20
152.40
508.00
76.20
304.80
508.00
203.20
152.40
152.40
76.20
762.00
152.40
76.20
762.00
406.40
762.00
203.20
152.40
304.80
152.40
76.20
76.20
914.40
152.40
76.20
203.20
152.40
152.40
152.40
152.40
76.20
152.40
76.20
304.80
304.80
406.40
254.00
152.40
152.40
355.60
762.00
76.20
152.40
406.40
76.20
152.40
76.20
152.40
76.20
76.20
76.20
152.40
152.40
355.60
508.00
457.20
152.40
76.20
76.20
152.40
152.40
152.40
152.40
152.40
406.40
152.40
152.40
609.60
76.20
76.20
76.20
152.40
76.20
76.20
304.80
76.20
457.20
152.40
355.60
152.40
76.20
457.20
152.40
152.40
101.60
76.20
76.20
406.40
355.60
101.60
609.60
76.20
254.00
76.20
508.00
254.00
76.20
457.20
457.20
152.40
406.40
152.40
152.40
152.40
101.60
152.40
76.20
609.60
355.60
355.60
152.40
203.20
508.00
152.40
254.00
152.40
152.40
76.20
76.20
152.40
76.20
76.20
76.20
76.20
152.40
76.20
254.00
355.60
76.20
457.20
508.00
101.60
152.40
152.40
76.20
76.20
76.20
76.20
152.40
101.60
304.80
76.20
609.60
762.00
76.20
76.20
152.40
152.40
355.60
152.40
457.20
203.20
152.40
76.20
152.40
152.40
76.20
254.00
762.00
152.40
508.00
101.60
152.40
762.00
406.40
76.20
355.60
762.00
152.40
152.40
152.40
152.40
762.00
101.60
762.00
76.20
152.40
457.20
76.20
76.20
76.20
76.20
406.40
152.40
101.60
76.20
203.20
76.20
152.40
76.20
152.40
355.60
152.40
76.20
203.20
152.40
152.40
304.80
152.40
152.40
152.40
76.20
76.20
76.20
203.20
152.40
152.40
762.00
152.40
203.20
457.20
152.40
914.40
254.00
152.40
76.20
152.40
152.40
152.40
152.40
152.40
101.60
457.20
762.00
152.40
152.40
76.20
203.20
152.40
406.40
76.20
457.20
203.20
152.40
406.40
406.40
152.40
152.40
152.40
76.20
406.40
76.20
152.40
76.20
508.00
203.20
152.40
76.20
152.40
914.40
152.40
152.40
406.40
76.20
76.20
254.00
203.20
76.20
152.40
762.00
76.20
76.20
304.80
76.20
203.20
152.40
203.20
76.20
203.20
76.20
457.20
152.40
152.40
762.00
254.00
76.20
76.20
76.20
457.20
406.40
203.20
76.20
254.00
76.20
76.20
152.40
914.40
508.00
152.40
152.40
76.20
76.20
609.60
76.20
254.00
508.00
152.40
76.20
152.40
355.60
76.20
254.00
76.20
152.40
152.40
76.20
304.80
152.40
76.20
152.40
101.60
508.00
304.80
152.40
457.20
457.20
355.60
508.00
76.20
457.20
152.40
76.20
76.20
76.20
304.80
304.80
203.20
76.20
152.40
76.20
152.40
152.40
76.20
152.40
101.60
76.20
76.20
76.20
152.40
76.20
152.40
152.40
152.40
76.20
76.20
152.40
152.40
76.20
355.60
76.20
152.40
406.40
152.40
152.40
76.20
355.60
152.40
152.40
152.40
152.40
254.00
355.60
152.40
152.40
152.40
152.40
76.20
152.40
76.20
76.20
76.20
304.80
152.40
152.40
76.20
152.40
76.20
254.00
355.60
304.80
152.40
762.00
914.40
76.20
152.40
152.40
76.20
355.60
762.00
152.40
762.00
406.40
76.20
152.40
304.80
76.20
406.40
152.40
914.40
152.40
152.40
508.00
152.40
152.40
508.00
76.20
203.20
609.60
355.60
76.20
152.40
762.00
152.40
355.60
152.40
76.20
76.20
152.40
76.20
457.20
762.00
609.60
76.20
76.20
457.20
355.60
76.20
152.40
152.40
76.20
152.40
76.20
76.20
762.00
76.20
152.40
76.20
152.40
152.40
203.20
152.40
76.20
76.20
76.20
152.40
457.20
152.40
609.60
76.20
152.40
152.40
152.40
152.40
152.40
609.60
152.40
152.40
101.60
76.20
76.20
508.00
152.40
76.20
76.20
76.20
762.00
76.20
101.60
152.40
76.20
406.40
152.40
76.20
406.40
76.20
152.40
254.00
152.40
152.40
406.40
152.40
76.20
152.40
355.60
609.60
101.60
304.80
203.20
76.20
609.60
152.40
76.20
76.20
76.20
76.20
152.40
101.60
152.40
76.20
152.40
406.40
152.40
76.20
762.00
762.00
76.20
152.40
76.20
76.20
76.20
76.20
76.20
457.20
152.40
76.20
304.80
152.40
457.20
152.40
152.40
101.60
76.20
152.40
152.40
76.20
304.80
152.40
609.60
76.20
254.00
355.60
152.40
152.40
457.20
152.40
76.20
457.20
355.60
152.40
508.00
152.40
609.60
76.20
76.20
76.20
101.60
609.60
152.40
152.40
152.40
152.40
76.20
76.20
304.80
152.40
76.20
101.60
76.20
76.20
76.20
152.40
762.00
457.20
152.40
101.60
355.60
76.20
304.80
457.20
152.40
203.20
76.20
76.20
76.20
152.40
609.60
76.20
76.20
355.60
152.40
457.20
152.40
355.60
76.20
152.40
508.00
406.40
76.20
152.40
762.00
609.60
457.20
152.40
304.80
304.80
76.20
406.40
152.40
152.40
101.60
355.60
152.40
76.20
152.40
76.20
152.40
304.80
355.60
76.20
76.20
762.00
152.40
152.40
762.00
76.20
76.20
355.60
609.60
152.40
76.20
76.20
152.40
762.00
76.20
355.60
76.20
406.40
304.80
254.00
203.20
609.60
609.60
152.40
152.40
762.00
254.00
76.20
152.40
101.60
76.20
76.20
101.60
76.20
355.60
152.40
152.40
203.20
152.40
609.60
152.40
101.60
152.40
76.20
152.40
914.40
101.60
406.40
609.60
76.20
76.20
152.40
76.20
152.40
76.20
76.20
152.40
152.40
152.40
152.40
304.80
203.20
508.00
609.60
914.40
152.40
152.40
152.40
508.00
609.60
152.40
203.20
762.00
76.20
76.20
101.60
152.40
152.40
152.40
152.40
152.40
457.20
152.40
152.40
304.80
914.40
355.60
152.40
76.20
76.20
152.40
76.20
76.20
76.20
76.20
76.20
76.20
152.40
76.20
152.40
152.40
203.20
762.00
76.20
76.20
406.40
76.20
76.20
76.20
762.00
152.40
76.20
76.20
152.40
762.00
76.20
152.40
76.20
76.20
152.40
152.40
355.60
609.60
609.60
152.40
76.20
101.60
152.40
406.40
152.40
508.00
76.20
101.60
152.40
76.20
508.00
76.20
304.80
152.40
152.40
152.40
76.20
76.20
76.20
254.00
76.20
152.40
152.40
355.60
508.00
152.40
406.40
76.20
152.40
609.60
152.40
304.80
101.60
152.40
76.20
76.20
152.40
152.40
609.60
152.40
76.20
304.80
76.20
152.40
152.40
76.20
304.80
152.40
76.20
304.80
508.00
152.40
152.40
76.20
76.20
152.40
914.40
152.40
152.40
76.20
152.40
355.60
101.60
152.40
152.40
152.40
762.00
762.00
76.20
152.40
76.20
762.00
76.20
203.20
152.40
152.40
406.40
76.20
76.20
152.40
304.80
457.20
76.20
152.40
508.00
76.20
101.60
76.20
508.00
76.20
152.40
76.20
101.60
76.20
152.40
76.20
254.00
152.40
152.40
355.60
152.40
76.20
609.60
152.40
152.40
76.20
152.40
152.40
101.60
76.20
152.40
914.40
76.20
152.40
76.20
76.20
304.80
152.40
101.60
762.00
76.20
152.40
76.20
76.20
152.40
254.00
76.20
152.40
76.20
609.60
76.20
762.00
152.40
304.80
76.20
203.20
508.00
76.20
76.20
101.60
76.20
152.40
254.00
76.20
76.20
76.20
762.00
101.60
152.40
76.20
152.40
762.00
76.20
355.60
152.40
152.40
152.40
152.40
254.00
152.40
508.00
152.40
152.40
355.60
101.60
152.40
304.80
101.60
457.20
457.20
101.60
76.20
762.00
152.40
203.20
254.00
254.00
609.60
762.00
762.00
355.60
101.60
609.60
508.00
355.60
508.00
762.00
101.60
76.20
203.20
406.40
508.00
203.20
304.80
508.00
254.00
457.20
304.80
203.20
203.20
304.80
609.60
101.60
406.40
508.00
152.40
762.00
355.60
254.00
76.20
355.60
406.40
762.00
355.60
76.20
76.20
406.40
406.40
304.80
203.20
203.20
152.40
355.60
609.60
304.80
152.40
457.20
457.20
762.00
762.00
152.40
101.60
152.40
152.40
457.20
457.20
254.00
762.00
152.40
355.60
152.40
355.60
406.40
609.60
355.60
406.40
254.00
508.00
304.80
609.60
406.40
355.60
76.20
609.60
406.40
762.00
914.40
203.20
101.60
457.20
457.20
355.60
101.60
457.20
355.60
406.40
355.60
406.40
152.40
508.00
609.60
203.20
355.60
355.60
508.00
406.40
762.00
304.80
508.00
508.00
152.40
457.20
508.00
304.80
457.20
762.00
101.60
101.60
609.60
406.40
406.40
457.20
406.40
508.00
101.60
508.00
762.00
76.20
609.60
76.20
304.80
609.60
152.40
762.00
457.20
152.40
152.40
914.40
304.80
355.60
406.40
914.40
762.00
457.20
101.60
508.00
406.40
254.00
508.00
304.80
762.00
457.20
406.40
762.00
152.40
355.60
152.40
457.20
762.00
406.40
101.60
203.20
355.60
254.00
457.20
101.60
508.00
203.20
101.60
355.60
406.40
203.20
508.00
609.60
152.40
457.20
609.60
457.20
203.20
152.40
101.60
203.20
914.40
762.00
304.80
355.60
355.60
762.00
609.60
609.60
609.60
914.40
508.00
762.00
304.80
762.00
76.20
355.60
609.60
355.60
101.60
406.40
457.20
355.60
101.60
406.40
457.20
355.60
101.60
508.00
762.00
355.60
76.20
355.60
203.20
457.20
355.60
304.80
508.00
406.40
457.20
152.40
76.20
101.60
304.80
152.40
152.40
355.60
152.40
203.20
101.60
203.20
457.20
101.60
508.00
609.60
355.60
203.20
152.40
101.60
406.40
762.00
152.40
609.60
203.20
762.00
609.60
304.80
609.60
152.40
762.00
355.60
254.00
508.00
254.00
152.40
406.40
457.20
152.40
609.60
203.20
254.00
508.00
254.00
101.60
609.60
254.00
203.20
609.60
508.00
508.00
609.60
101.60
152.40
508.00
508.00
457.20
152.40
152.40
254.00
203.20
101.60
304.80
406.40
914.40
406.40
101.60
355.60
203.20
457.20
508.00
304.80
76.20
762.00
457.20
304.80
762.00
457.20
101.60
914.40
609.60
254.00
914.40
406.40
609.60
254.00
203.20
609.60
508.00
203.20
203.20
355.60
762.00
304.80
508.00
406.40
254.00
254.00
914.40
355.60
203.20
457.20
152.40
457.20
355.60
152.40
101.60
254.00
355.60
76.20
457.20
762.00
406.40
762.00
508.00
76.20
254.00
508.00
203.20
406.40
152.40
203.20
101.60
457.20
609.60
203.20
406.40
406.40
609.60
508.00
152.40
254.00
762.00
203.20
457.20
609.60
152.40
457.20
457.20
355.60
76.20
304.80
152.40
508.00
76.20
101.60
203.20
609.60
304.80
101.60
406.40
762.00


