317
46.84000
267.68000
541.07000
542.29000
404.72000
151.67000
341.57000
39.91000
269.73000
45.92000
890.09000
33.79000
6.03000
367.92000
97.66000
322.19000
359.48000
199.59000
57.06000
223.41000
47.03000
782.67000
231.87000
279.84000
145.70000
81.10000
550.17000
155.63000
357.81000
267.32000
612.50000
160.50000
531.71000
41.91000
95.22000
25.13000
158.12000
95.40000
52.92000
44.92000
127.05000
56.68000
181.29000
220.90000
67.65000
36.06000
242.29000
70.45000
112.83000
105.72000
199.42000
180.64000
288.76000
69.26000
718.45000
390.78000
24.00000
504.52000
41.78000
367.93000
101.86000
125.36000
699.76000
448.05000
114.29000
197.30000
235.98000
224.87000
176.73000
76.44000
356.94000
443.79000
20.55000
113.33000
25.96000
145.04000
55.24000
208.22000
190.43000
70.98000
52.04000
34.03000
79.47000
277.99000
86.03000
296.25000
111.30000
123.37000
196.27000
198.46000
75.62000
110.14000
423.57000
116.57000
100.61000
164.84000
47.49000
87.54000
189.27000
244.80000
293.47000
308.64000
566.57000
95.14000
248.55000
187.78000
357.67000
700.57000
404.46000
160.86000
557.42000
127.02000
46.66000
674.32000
50.76000
138.54000
199.33000
231.12000
187.06000
240.64000
173.44000
23.58000
526.74000
500.72000
15.29000
265.92000
355.51000
189.78000
28.18000
129.34000
361.24000
223.52000
185.17000
154.95000
34.71000
31.14000
42.52000
356.45000
128.82000
140.66000
113.32000
555.23000
272.68000
315.88000
284.93000
97.93000
262.94000
635.82000
415.73000
122.60000
29.56000
33.80000
377.12000
629.17000
133.28000
348.05000
292.89000
488.99000
289.88000
486.72000
260.92000
163.58000
424.07000
173.66000
99.55000
307.92000
283.84000
141.49000
58.27000
79.59000
39.41000
126.25000
61.39000
73.73000
83.16000
118.22000
297.21000
17.08000
58.11000
135.50000
255.85000
40.65000
161.59000
136.29000
57.23000
164.02000
192.86000
234.58000
215.82000
231.93000
134.12000
175.33000
231.12000
607.94000
122.13000
40.06000
301.37000
102.07000
1094.73000
199.73000
160.59000
82.49000
137.42000
229.41000
111.38000
105.08000
292.34000
47.39000
324.07000
120.76000
187.57000
314.62000
157.18000
103.32000
308.21000
205.05000
234.72000
109.11000
262.04000
152.57000
240.23000
381.95000
374.77000
318.59000
104.73000
43.25000
406.87000
386.74000
106.49000
85.64000
214.06000
117.61000
203.24000
29.27000
170.94000
252.74000
325.90000
350.99000
118.26000
207.60000
285.73000
322.72000
265.11000
406.85000
518.87000
397.02000
493.32000
140.28000
195.40000
175.12000
145.50000
132.26000
54.37000
317.19000
294.19000
100.68000
238.22000
339.22000
585.54000
247.16000
148.81000
102.14000
387.72000
289.01000
282.41000
232.85000
210.57000
49.94000
280.35000
331.04000
225.62000
187.69000
157.87000
243.89000
101.29000
356.71000
69.68000
155.34000
906.52000
315.00000
632.68000
184.15000
123.24000
67.54000
140.38000
382.62000
294.04000
406.02000
111.83000
457.93000
165.68000
38.63000
422.28000
243.49000
220.11000
204.87000
111.09000
205.38000
55.48000
110.86000
112.89000
77.84000
153.46000
464.02000
481.27000
214.32000
383.55000
96.32000
90.52000
184.64000
291.38000
260.28000
28.45000
100.00000
1000.00000
1.00000
1.00000
125.00
100.00
100.00
100.00
100.00
100.00
100.00
100.00
100.00
100.00
100.00
100.00
100.00
100.00
100.00
100.00
100.00
100.00
100.00
100.00
100.00
100.00
300.00
300.00
300.00
350.00
350.00
100.00
150.00
125.00
100.00
100.00
100.00
100.00
100.00
100.00
100.00
100.00
100.00
100.00
100.00
100.00
100.00
150.00
100.00
100.00
200.00
200.00
200.00
200.00
200.00
250.00
100.00
100.00
100.00
100.00
100.00
100.00
100.00
100.00
100.00
100.00
100.00
125.00
100.00
100.00
100.00
100.00
100.00
100.00
100.00
100.00
100.00
100.00
100.00
100.00
100.00
100.00
100.00
100.00
100.00
100.00
100.00
100.00
100.00
100.00
100.00
100.00
100.00
100.00
100.00
100.00
100.00
100.00
100.00
100.00
100.00
100.00
100.00
100.00
200.00
150.00
200.00
100.00
100.00
100.00
125.00
150.00
125.00
100.00
100.00
100.00
100.00
100.00
100.00
100.00
100.00
100.00
100.00
100.00
100.00
100.00
100.00
100.00
100.00
125.00
150.00
150.00
150.00
150.00
150.00
150.00
150.00
150.00
100.00
150.00
100.00
100.00
100.00
100.00
100.00
100.00
100.00
100.00
100.00
100.00
100.00
100.00
100.00
100.00
100.00
100.00
100.00
100.00
300.00
200.00
100.00
100.00
500.00
450.00
350.00
400.00
100.00
100.00
500.00
100.00
350.00
350.00
350.00
400.00
400.00
400.00
100.00
100.00
100.00
100.00
100.00
400.00
400.00
400.00
100.00
100.00
350.00
100.00
100.00
100.00
100.00
100.00
100.00
100.00
450.00
100.00
150.00
250.00
300.00
300.00
300.00
250.00
100.00
250.00
250.00
200.00
100.00
100.00
125.00
125.00
100.00
100.00
100.00
100.00
100.00
300.00
100.00
150.00
150.00
125.00
150.00
100.00
100.00
100.00
100.00
100.00
100.00
100.00
100.00
100.00
100.00
100.00
100.00
100.00
100.00
100.00
100.00
100.00
125.00
125.00
100.00
100.00
100.00
100.00
100.00
100.00
100.00
100.00
100.00
100.00
100.00
100.00
100.00
100.00
100.00
100.00
100.00
100.00
200.00
150.00
200.00
150.00
100.00
100.00
100.00
100.00
100.00
100.00
100.00
100.00
100.00
100.00
100.00
100.00
100.00
100.00
100.00
100.00
100.00
100.00
100.00
100.00
150.00
125.00
125.00
100.00
100.00
100.00
100.00
100.00
100.00
100.00
100.00
500.00
500.00
500.00
125.00
100.00
100.00
100.00
100.00
100.00
100.00
100.00
100.00
100.00
200.00
200.00
200.00
100.00
100.00
100.00
200.00
200.00
200.00
200.00
100.00
150.00
100.00
450.00
150.00
150.00
150.00
150.00
150.00
150.00
100.00
100.00
150.00
400.00
150.00
350.00
500.00
100.00
100.00
100.00
100.00
100.00
150.00
150.00
150.00
100.00
100.00
150.00
150.00
150.00
100.00
100.00
150.00
100.00
100.00
100.00
100.00
150.00
100.00
250.00
150.00
150.00
150.00
100.00
150.00
150.00
150.00
100.00
100.00
100.00
100.00
100.00
150.00
150.00
150.00
100.00
150.00
150.00
150.00
100.00
100.00
100.00
150.00
150.00
150.00
100.00
150.00
150.00
150.00
150.00
150.00
150.00
150.00
100.00
100.00
100.00
150.00
150.00
100.00
150.00
150.00
100.00
100.00
100.00
100.00
150.00
100.00
150.00
150.00
100.00
150.00
100.00
100.00
150.00
100.00
150.00
150.00
150.00
150.00
150.00
100.00
150.00
150.00
150.00
150.00
150.00
125.00
150.00
100.00
150.00
150.00
100.00
150.00
125.00
100.00
150.00
150.00
150.00
100.00
100.00
150.00
150.00
150.00
100.00
150.00
150.00
100.00
100.00
100.00
100.00
100.00
150.00
150.00
150.00
150.00
150.00
150.00
150.00
150.00
150.00
150.00
100.00
100.00
100.00
150.00
100.00
150.00
150.00
100.00
100.00
150.00
150.00
150.00
150.00
150.00
100.00
100.00
150.00
150.00
100.00
200.00
100.00
100.00
700.00
450.00
150.00
150.00
150.00
150.00
400.00
150.00
100.00
150.00
100.00
150.00
100.00
100.00
100.00
150.00
150.00
150.00
100.00
100.00
150.00
150.00
100.00
100.00
150.00
100.00
100.00
100.00
150.00
100.00
100.00
150.00
150.00
150.00
150.00
250.00
100.00
100.00
150.00
150.00
100.00
250.00
150.00
150.00
150.00
150.00
150.00
150.00
100.00
150.00
150.00
100.00
100.00
150.00
100.00
100.00
150.00
150.00
100.00
125.00
150.00
150.00
150.00
150.00
100.00
100.00
150.00
150.00
100.00
100.00
100.00
100.00
100.00
150.00
150.00
150.00
150.00
100.00
100.00
150.00
150.00
100.00
100.00
100.00
100.00
100.00
150.00
150.00
100.00
150.00
100.00
100.00
150.00
150.00
100.00
100.00
100.00
100.00
150.00
100.00
150.00
150.00
150.00
150.00
100.00
150.00
150.00
100.00
100.00
150.00
100.00
100.00
150.00
100.00
100.00
100.00
100.00
150.00
100.00
150.00
150.00
100.00
150.00
100.00
150.00
100.00
100.00
150.00
150.00
150.00
150.00
600.00
500.00
400.00
100.00
100.00
100.00
100.00
100.00
150.00
150.00
100.00
100.00
100.00
100.00
150.00
150.00
150.00
150.00
150.00
150.00
150.00
150.00
100.00
100.00
250.00
450.00
150.00
150.00
150.00
150.00
150.00
150.00
100.00
150.00
150.00
150.00
400.00
150.00
350.00
150.00
100.00
150.00
150.00
150.00
100.00
150.00
150.00
150.00
150.00
100.00
100.00
150.00
100.00
150.00
150.00
150.00
100.00
100.00
150.00
150.00
100.00
700.00
150.00
150.00
150.00
100.00
150.00
150.00
150.00
150.00
100.00
100.00
150.00
100.00
100.00
150.00
100.00
150.00
150.00
100.00
100.00
150.00
100.00
100.00
100.00
150.00
150.00
150.00
100.00
150.00
150.00
150.00
150.00
150.00
150.00
150.00
100.00
100.00
150.00
100.00
100.00
100.00
150.00
150.00
150.00
125.00
100.00
150.00
100.00
150.00
150.00
100.00
100.00
150.00
150.00
100.00
100.00
100.00
100.00
150.00
150.00
150.00
150.00
150.00
150.00
100.00
400.00
150.00
150.00
200.00
150.00
100.00
150.00
150.00
150.00
100.00
125.00
150.00
150.00
100.00
150.00
150.00
150.00
100.00
100.00
100.00
100.00
150.00
150.00
100.00
150.00
100.00
150.00
150.00
150.00
100.00
100.00
150.00
100.00
100.00
100.00
100.00
100.00
150.00
100.00
150.00
100.00
100.00
100.00
150.00
150.00
100.00
150.00
150.00
100.00
150.00
100.00
150.00
100.00
100.00
100.00
150.00
100.00
150.00
150.00
100.00
700.00
450.00
150.00
150.00
150.00
150.00
400.00
150.00
100.00
100.00
100.00
100.00
150.00
100.00
150.00
100.00
100.00
150.00
150.00
150.00
150.00
150.00
150.00
100.00
150.00
100.00
100.00
150.00
100.00
100.00
100.00
100.00
150.00
150.00
100.00
250.00
100.00
100.00
150.00
100.00
100.00
150.00
150.00
100.00
150.00
100.00
150.00
150.00
150.00
100.00
100.00
150.00
150.00
150.00
150.00
100.00
100.00
100.00
150.00
125.00
100.00
150.00
150.00
100.00
150.00
100.00
150.00
150.00
150.00
150.00
150.00
100.00
150.00
150.00
100.00
150.00
150.00
100.00
150.00
100.00
150.00
100.00
100.00
100.00
100.00
150.00
100.00
150.00
100.00
100.00
100.00
100.00
150.00
100.00
100.00
150.00
150.00
100.00
100.00
150.00
150.00
150.00
100.00
100.00
150.00
150.00
100.00
150.00
150.00
100.00
100.00
100.00
150.00
150.00
150.00
150.00
100.00
150.00
100.00
150.00
100.00
100.00
100.00
100.00
125.00
150.00
150.00
100.00
150.00
150.00
150.00
600.00
400.00
400.00
150.00
150.00
100.00
150.00
100.00
150.00
100.00
100.00
150.00
150.00
100.00
150.00
150.00
150.00
150.00
150.00
150.00
100.00
100.00
150.00
100.00
250.00
450.00
150.00
150.00
150.00
300.00
100.00
100.00
100.00
100.00
100.00
150.00
400.00
500.00
600.00
400.00
250.00
150.00
150.00
100.00
400.00
150.00
150.00
100.00
125.00
150.00
450.00
150.00
700.00
100.00
125.00
150.00
300.00
100.00
150.00
125.00
150.00
500.00
150.00
150.00
800.00
150.00
150.00
150.00
150.00
700.00
100.00
100.00
150.00
400.00
200.00
700.00
150.00
350.00
100.00
150.00
500.00
100.00
250.00
125.00
100.00
350.00
100.00
100.00
100.00
150.00
100.00
500.00
150.00
100.00
100.00
250.00
100.00
400.00
350.00
100.00
100.00
700.00
500.00
125.00
150.00
100.00
150.00
150.00
150.00
150.00
125.00
100.00
150.00
100.00
150.00
125.00
100.00
300.00
150.00
100.00
125.00
125.00
150.00
700.00
200.00
100.00
100.00
100.00
150.00
150.00
600.00
400.00
150.00
100.00
100.00
100.00
150.00
100.00
150.00
500.00
400.00
150.00
100.00
125.00
500.00
500.00
100.00
100.00
500.00
150.00
150.00
250.00
125.00
500.00
250.00
150.00
150.00
150.00
150.00
150.00
150.00
100.00
300.00
800.00
300.00
100.00
250.00
350.00
100.00
100.00
150.00
150.00
100.00
700.00
150.00
150.00
150.00
450.00
125.00
700.00
100.00
100.00
100.00
250.00
100.00
100.00
600.00
150.00
150.00
150.00
300.00
200.00
150.00
150.00
150.00
100.00
100.00
100.00
150.00
150.00
150.00
100.00
100.00
800.00
100.00
100.00
250.00
125.00
150.00
500.00
250.00
150.00
450.00
150.00
400.00
400.00
150.00
100.00
100.00
150.00
500.00
250.00
700.00
150.00
450.00
150.00
150.00
150.00
350.00
400.00
150.00
150.00
100.00
100.00
150.00
150.00
150.00
500.00
150.00
500.00
100.00
125.00
600.00
150.00
150.00
100.00
150.00
100.00
150.00
350.00
150.00
100.00
100.00
125.00
500.00
500.00
150.00
100.00
500.00
400.00
100.00
150.00
150.00
200.00
150.00
100.00
200.00
150.00
125.00
150.00
100.00
150.00
100.00
500.00
350.00
100.00
150.00
100.00
100.00
100.00
125.00
250.00
100.00
150.00
150.00
100.00
100.00
100.00
250.00
100.00
150.00
150.00
200.00
150.00
100.00
100.00
150.00
150.00
100.00
150.00
200.00
150.00
150.00
800.00
150.00
250.00
350.00
150.00
100.00
100.00
100.00
700.00
100.00
100.00
200.00
250.00
150.00
500.00
800.00
400.00
150.00
150.00
150.00
450.00
100.00
300.00
100.00
125.00
150.00
100.00
100.00
150.00
125.00
150.00
100.00
400.00
150.00
150.00
100.00
200.00
500.00
400.00
500.00
350.00
150.00
700.00
450.00
150.00
200.00
400.00
150.00
100.00
100.00
400.00
400.00
450.00
150.00
450.00
800.00
300.00
350.00
100.00
450.00
100.00
300.00
100.00
150.00
700.00
100.00
100.00
125.00
250.00
150.00
150.00
150.00
150.00
100.00
100.00
150.00
350.00
150.00
150.00
300.00
150.00
250.00
150.00
150.00
100.00
125.00
150.00
150.00
100.00
100.00
200.00
100.00
150.00
400.00
100.00
100.00
100.00
100.00
100.00
100.00
100.00
150.00
150.00
100.00
600.00
150.00
500.00
700.00
100.00
250.00
150.00
300.00
100.00
100.00
150.00
100.00
250.00
150.00
150.00
100.00
150.00
125.00
100.00
800.00
700.00
250.00
150.00
250.00
125.00
200.00
125.00
350.00
150.00
150.00
250.00
125.00
100.00
150.00
100.00
100.00
100.00
125.00
700.00
100.00
450.00
300.00
300.00
100.00
450.00
400.00
100.00
450.00
600.00
100.00
200.00
250.00
200.00
400.00
150.00
800.00
450.00
150.00
350.00
300.00
400.00
400.00
125.00
150.00
350.00
250.00
800.00
500.00
150.00
800.00
700.00
800.00
350.00
350.00
250.00
100.00
500.00
250.00
250.00
200.00
200.00
500.00
600.00
500.00
450.00
250.00
100.00
100.00
500.00
150.00
350.00
500.00
450.00
300.00
500.00
600.00
250.00
150.00
125.00
500.00
450.00
100.00
300.00
100.00
400.00
125.00
400.00
100.00
450.00
500.00
500.00
700.00
450.00
400.00
150.00
700.00
400.00
150.00
800.00
450.00
450.00
150.00
800.00
400.00
700.00
300.00
100.00
200.00
100.00
600.00
350.00
125.00
400.00
125.00
250.00
450.00
450.00
350.00
100.00
125.00
150.00
450.00
400.00
250.00
150.00
150.00
250.00
800.00
100.00
150.00
700.00
250.00
350.00
350.00
300.00
100.00
150.00
700.00
500.00
100.00
350.00
350.00
400.00
250.00
400.00
500.00
250.00
600.00
150.00
350.00
350.00
500.00
100.00
450.00
200.00
300.00
500.00
150.00
400.00
150.00
700.00
400.00
350.00
250.00
150.00
500.00
300.00
150.00
150.00
100.00
150.00
600.00
150.00
600.00
150.00
700.00
600.00
700.00
500.00
100.00
100.00
450.00
125.00
100.00
150.00
150.00
300.00
350.00
150.00
250.00
100.00
700.00
100.00
250.00
150.00
100.00
125.00
100.00
150.00
400.00
150.00
150.00
200.00
100.00
500.00
150.00
150.00
700.00
450.00
350.00
150.00
150.00
150.00
150.00
150.00
100.00
100.00
150.00
100.00
150.00
700.00
150.00
150.00
450.00
150.00
150.00
150.00
100.00
150.00
500.00
125.00
100.00
250.00
250.00
125.00
200.00
450.00
700.00
250.00
700.00
450.00
450.00
100.00
250.00
700.00
500.00
125.00
600.00
600.00
150.00
600.00
450.00
300.00
150.00
350.00
150.00
300.00
400.00
600.00
700.00
350.00
300.00
800.00
300.00
200.00
200.00
450.00
200.00
600.00
400.00
400.00
800.00
400.00
400.00
450.00
300.00
300.00
700.00
500.00
350.00
300.00
600.00
400.00
400.00
400.00
150.00
700.00
700.00
250.00
400.00
150.00
800.00
450.00
300.00
250.00
600.00
200.00
200.00
450.00
600.00
300.00
300.00
350.00
500.00
800.00
150.00
200.00
125.00
200.00
700.00
125.00
250.00
800.00
500.00
700.00
400.00
600.00
450.00
350.00
250.00
150.00
350.00
150.00
250.00
450.00
200.00
450.00
200.00
300.00
400.00
250.00
500.00
125.00
600.00
500.00
400.00
350.00
100.00
150.00
700.00
700.00
450.00
125.00
250.00
100.00
200.00
700.00
250.00
400.00
450.00
200.00
450.00
200.00
125.00
700.00
500.00
500.00
150.00
350.00
200.00
600.00
400.00
200.00
125.00
125.00
150.00
300.00
250.00
150.00
200.00
125.00
600.00
350.00
200.00
250.00
600.00
125.00
150.00
800.00
400.00
300.00
250.00
350.00
350.00
800.00
200.00
450.00
250.00
125.00
450.00
200.00
700.00
150.00
400.00
250.00
500.00
250.00
600.00
300.00
450.00
800.00
250.00
500.00
200.00
250.00
150.00
125.00
200.00
500.00
250.00
350.00
300.00
350.00
350.00
300.00
200.00
450.00
250.00
500.00
800.00
600.00
800.00
450.00
800.00
350.00
350.00
125.00
200.00
100.00
600.00
125.00
125.00
500.00
150.00
200.00
200.00
600.00
800.00
350.00
100.00
600.00
100.00
450.00
800.00
600.00
700.00
350.00
250.00
125.00
250.00
150.00
350.00
200.00
450.00
450.00
450.00
300.00
250.00
500.00
200.00
800.00
150.00
150.00
700.00
450.00
800.00
350.00
125.00
350.00
500.00
150.00
800.00
400.00
125.00
400.00
450.00
700.00
400.00
500.00
200.00
500.00
450.00
600.00
150.00
125.00
250.00
150.00
100.00
200.00
400.00
200.00
100.00
800.00
600.00
500.00
400.00
200.00
450.00
600.00
500.00
350.00
300.00
500.00
800.00
250.00
125.00
125.00
450.00
200.00
150.00
150.00
125.00
100.00
250.00
250.00
350.00
150.00
700.00
200.00
400.00
350.00
125.00
400.00
700.00
250.00
500.00
300.00
200.00
400.00
100.00
200.00
125.00
350.00
250.00
125.00
200.00
300.00
450.00
700.00
200.00
700.00
100.00
250.00
500.00
300.00
300.00
600.00
350.00
150.00
125.00
200.00
350.00
400.00
500.00
125.00
350.00
250.00
600.00
125.00
125.00
100.00
250.00
400.00
450.00
150.00
150.00
350.00
350.00
125.00
400.00
450.00
250.00
350.00
400.00
150.00
125.00
250.00
300.00
125.00
600.00
450.00
300.00
500.00
600.00
450.00
600.00
800.00
250.00
250.00
150.00
150.00
300.00
250.00
200.00
350.00
125.00
250.00
200.00
150.00
200.00
300.00
200.00
600.00
250.00
250.00
400.00
450.00
100.00
700.00
450.00
350.00
150.00
200.00
250.00
300.00
600.00
600.00
600.00
400.00
700.00
450.00
300.00
450.00
350.00
800.00
400.00
450.00
500.00
450.00
150.00
100.00
400.00
700.00
300.00
500.00
200.00
500.00
700.00
350.00
800.00
250.00
500.00
450.00
600.00
125.00
350.00
400.00
300.00
800.00
125.00
350.00
400.00
700.00
500.00
500.00
500.00
600.00
150.00
125.00
350.00
350.00
600.00
600.00
350.00
350.00
125.00
250.00
700.00
100.00
500.00
150.00
450.00
450.00
400.00
125.00
500.00
150.00
600.00
300.00
400.00
700.00
450.00
200.00
500.00
125.00
150.00
350.00
200.00
250.00
600.00
700.00
250.00
600.00
300.00
600.00
600.00
200.00
250.00
150.00
250.00
600.00
250.00
500.00
450.00
150.00
300.00
700.00
500.00
800.00
450.00
300.00
300.00
700.00
700.00
125.00
250.00
350.00
700.00
700.00
700.00
500.00
450.00
350.00
600.00
450.00
200.00
350.00
125.00
125.00
700.00
300.00
200.00
450.00
125.00
300.00
100.00
600.00
500.00
250.00
200.00
700.00
100.00
600.00
200.00
700.00
150.00
700.00
600.00
600.00
200.00
125.00
200.00
250.00
125.00
350.00
350.00
250.00
200.00
600.00
200.00
200.00
450.00
500.00
600.00
125.00
250.00
300.00
150.00
125.00
450.00
400.00
250.00
450.00
700.00
250.00
600.00
350.00
250.00
500.00
500.00
600.00
150.00
150.00
200.00
350.00
450.00
350.00
350.00
125.00
200.00
400.00
400.00
600.00
400.00
700.00
700.00
500.00
350.00
250.00
150.00
800.00
600.00
200.00
450.00
700.00
400.00
300.00
450.00
700.00
400.00
125.00
400.00
200.00
500.00
150.00
350.00
600.00
100.00
150.00
125.00
150.00
800.00
150.00
700.00
400.00
350.00
150.00
800.00
500.00
150.00
400.00
700.00
500.00
125.00
500.00
450.00
200.00
100.00
450.00
250.00
200.00
700.00
150.00
600.00
250.00
400.00
100.00
200.00
250.00
350.00
125.00
350.00
300.00
400.00
300.00
100.00
400.00
125.00
250.00
100.00
450.00
250.00
125.00
200.00
300.00
300.00
350.00
300.00
200.00
500.00
500.00
450.00
350.00
250.00
600.00
125.00
800.00
100.00
250.00
450.00
450.00
150.00
500.00
700.00
350.00
125.00
400.00
450.00
200.00
800.00
500.00
150.00
125.00
250.00
300.00
800.00
600.00
450.00
300.00
500.00
600.00
500.00
800.00
800.00
250.00
500.00
500.00
150.00
700.00
250.00
200.00
350.00
125.00
800.00
200.00
150.00
200.00
300.00
800.00
600.00
250.00
800.00
400.00
450.00
100.00
700.00
450.00
800.00
150.00
200.00
250.00
300.00
700.00
600.00
600.00
400.00
600.00
800.00
300.00
450.00
350.00
800.00
400.00
700.00
500.00
450.00
150.00
100.00
400.00
700.00
300.00
500.00
200.00
500.00
700.00
350.00
800.00
250.00
600.00
450.00
600.00
500.00
500.00
500.00
500.00
800.00
125.00
350.00
400.00
700.00
500.00
500.00
500.00
600.00
150.00
125.00
350.00
350.00
600.00
600.00
400.00
350.00
125.00
250.00
700.00
100.00
500.00
150.00
450.00
450.00
400.00
125.00
500.00
150.00
600.00
300.00
350.00
700.00
450.00
200.00
500.00
125.00
150.00
350.00
200.00
200.00
600.00
700.00
250.00
600.00
300.00
600.00
600.00
200.00
250.00
150.00
250.00
600.00
250.00
500.00
450.00
150.00
300.00
700.00
500.00
800.00
450.00
300.00
300.00
700.00
700.00
125.00
250.00
350.00
700.00
700.00
700.00
500.00
450.00
350.00
600.00
450.00
200.00
350.00
125.00
125.00
700.00
300.00
200.00
450.00
125.00
300.00
100.00
600.00
500.00
250.00
200.00
700.00
100.00
700.00
200.00
700.00
150.00
700.00
600.00
600.00
200.00
125.00
200.00
250.00
125.00
350.00
350.00
250.00
200.00
600.00
200.00
200.00
450.00
500.00
600.00
125.00
250.00
300.00
150.00
125.00
500.00
400.00
250.00
450.00
700.00
250.00
600.00
350.00
200.00
500.00
500.00
600.00
150.00
200.00
200.00
350.00
500.00
350.00
350.00
125.00
200.00
400.00
400.00
600.00
400.00
700.00
700.00
450.00
350.00
250.00
150.00
800.00
600.00
200.00
450.00
700.00
400.00
300.00
500.00
700.00
400.00
125.00
400.00
200.00
500.00
150.00
300.00
600.00
100.00
150.00
125.00
150.00
800.00
150.00
700.00
400.00
350.00
150.00
800.00
500.00
150.00
400.00
700.00
500.00
125.00
500.00
450.00
200.00
100.00
450.00
250.00
200.00
700.00
150.00
600.00
250.00
400.00
100.00
200.00
250.00
350.00
125.00
350.00
300.00
400.00
300.00
100.00
400.00
125.00
250.00
100.00
450.00
250.00
125.00
200.00
300.00
300.00
350.00
350.00
200.00
500.00
500.00
450.00
350.00
250.00
600.00
125.00
800.00
100.00
250.00
450.00
450.00
150.00
500.00
700.00
350.00
125.00
400.00
450.00
200.00
800.00
500.00
150.00
125.00
250.00
300.00
800.00
600.00
450.00
300.00
500.00
600.00
500.00
800.00
800.00
300.00
500.00
600.00
150.00
700.00
250.00
200.00
350.00
125.00
800.00
200.00
150.00
200.00
300.00
800.00
600.00
250.00
800.00
400.00
450.00
100.00
700.00
450.00
800.00
150.00
200.00
250.00
300.00
700.00
600.00
600.00
400.00
600.00
800.00
300.00
450.00
350.00
800.00
400.00
800.00
450.00
450.00
150.00
125.00
400.00
700.00
300.00
500.00
200.00
500.00
700.00
350.00
800.00
250.00
600.00
450.00
600.00
500.00
500.00
500.00
500.00
800.00
125.00
400.00
400.00
600.00
500.00
500.00
500.00
600.00
150.00
125.00
350.00
350.00
600.00
600.00
400.00
350.00
125.00
250.00
700.00
100.00
450.00
150.00
450.00
450.00
400.00
125.00
500.00
150.00
600.00
300.00
350.00
700.00
450.00
200.00
500.00
125.00
200.00
350.00
200.00
200.00
600.00
700.00
250.00
600.00
300.00
600.00
600.00
200.00
250.00
150.00
250.00
600.00
250.00
500.00
450.00
150.00
300.00
700.00
500.00
700.00
450.00
300.00
300.00
700.00
700.00
125.00
250.00
350.00
700.00
700.00
700.00
500.00
450.00
350.00
600.00
450.00
200.00
350.00
125.00
125.00
700.00
350.00
200.00
450.00
125.00
300.00
100.00
600.00
500.00
250.00
200.00
700.00
100.00
700.00
200.00
700.00
150.00
600.00
600.00
600.00
200.00
125.00
200.00
250.00
125.00
350.00
350.00
200.00
200.00
600.00
200.00
150.00
450.00
500.00
600.00
125.00
250.00
300.00
150.00
125.00
500.00
400.00
250.00
450.00
700.00
250.00
600.00
350.00
200.00
500.00
500.00
700.00
150.00
200.00
200.00
350.00
500.00
350.00
350.00
125.00
200.00
350.00
400.00
600.00
400.00
700.00
700.00
450.00
300.00
250.00
150.00
800.00
600.00
200.00
450.00
700.00
400.00
300.00
500.00
700.00
400.00
125.00
400.00
200.00
500.00
150.00
300.00
700.00
700.00
700.00
700.00
150.00
800.00
150.00
700.00
400.00
700.00
150.00
800.00
500.00
150.00
400.00
700.00
500.00
125.00
450.00
450.00
200.00
100.00
450.00
250.00
700.00
700.00
150.00
600.00
700.00
400.00
100.00
700.00
700.00
350.00
125.00
350.00
300.00
700.00
300.00
100.00
400.00
125.00
250.00
600.00
400.00
250.00
125.00
200.00
700.00
700.00
350.00
350.00
700.00
500.00
500.00
450.00
350.00
250.00
600.00
125.00
800.00
100.00
250.00
450.00
450.00
150.00
500.00
700.00
350.00
125.00
400.00
450.00
200.00
800.00
500.00
200.00
125.00
250.00
300.00
800.00
600.00
450.00
300.00
500.00
600.00
500.00
700.00
800.00
300.00
500.00
600.00
150.00
700.00
250.00
200.00
350.00
125.00
800.00
200.00
150.00
200.00
300.00
800.00
600.00
250.00
800.00
400.00
400.00
100.00
700.00
500.00
800.00
150.00
200.00
250.00
300.00
700.00
600.00
600.00
400.00
600.00
800.00
250.00
450.00
350.00
800.00
400.00
800.00
450.00
450.00
150.00
125.00
400.00
700.00
300.00
500.00
200.00
500.00
700.00
350.00
700.00
250.00
600.00
450.00
600.00
500.00
500.00
500.00
500.00
800.00
125.00
400.00
400.00
600.00
600.00
500.00
500.00
600.00
150.00
125.00
350.00
350.00
600.00
600.00
400.00
350.00
125.00
250.00
700.00
100.00
450.00
150.00
450.00
450.00
400.00
125.00
500.00
200.00
600.00
300.00
350.00
800.00
450.00
200.00
450.00
125.00
200.00
300.00
200.00
200.00
600.00
700.00
250.00
600.00
300.00
600.00
600.00
200.00
250.00
150.00
250.00
600.00
250.00
500.00
450.00
150.00
300.00
700.00
500.00
700.00
450.00
300.00
300.00
700.00
700.00
125.00
250.00
350.00
700.00
700.00
700.00
500.00
450.00
350.00
600.00
450.00
200.00
350.00
150.00
125.00
700.00
350.00
200.00
450.00
125.00
300.00
100.00
600.00
500.00
200.00
200.00
700.00
100.00
700.00
200.00
700.00
150.00
600.00
600.00
600.00
200.00
125.00
200.00
250.00
100.00
350.00
350.00
200.00
200.00
600.00
200.00
150.00
450.00
500.00
500.00
125.00
250.00
300.00
150.00
125.00
500.00
400.00
250.00
450.00
800.00
800.00
800.00
800.00
800.00
500.00
500.00
700.00
150.00
200.00
200.00
350.00
500.00
350.00
350.00
125.00
200.00
350.00
400.00
600.00
400.00
700.00
700.00
400.00
300.00
250.00
125.00
800.00
600.00
250.00
450.00
700.00
400.00
250.00
500.00
700.00
400.00
125.00
350.00
200.00
800.00
800.00
800.00
700.00
700.00
700.00
800.00
800.00
800.00
150.00
700.00
400.00
700.00
150.00
700.00
500.00
150.00
400.00
700.00
500.00
125.00
400.00
450.00
200.00
100.00
450.00
250.00
700.00
700.00
150.00
800.00
800.00
800.00
800.00
700.00
700.00
350.00
125.00
350.00
300.00
700.00
300.00
100.00
400.00
125.00
250.00
600.00
400.00
250.00
125.00
200.00
800.00
800.00
800.00
800.00
800.00
500.00
500.00
450.00
350.00
250.00
600.00
125.00
800.00
100.00
250.00
450.00
450.00
150.00
500.00
700.00
350.00
125.00
400.00
450.00
200.00
800.00
500.00
200.00
125.00
250.00
300.00
800.00
600.00
450.00
300.00
500.00
600.00
500.00
700.00
800.00
300.00
500.00
600.00
150.00
700.00
250.00
200.00
350.00
125.00
800.00
200.00
150.00
200.00
300.00
800.00
600.00
250.00
800.00
400.00
400.00
100.00
700.00
500.00
800.00
150.00
200.00
300.00
300.00
700.00
600.00
600.00
400.00
600.00
800.00
250.00
450.00
350.00
800.00
400.00
800.00
450.00
450.00
150.00
125.00
400.00
700.00
300.00
500.00
200.00
500.00
700.00
350.00
700.00
250.00
600.00
450.00
600.00
500.00
500.00
500.00
500.00
800.00
125.00
400.00
400.00
600.00
600.00
450.00
500.00
600.00
150.00
125.00
350.00
350.00
600.00
600.00
350.00
350.00
125.00
250.00
700.00
100.00
450.00
150.00
500.00
450.00
400.00
125.00
500.00
200.00
600.00
300.00
350.00
800.00
450.00
200.00
450.00
125.00
200.00
300.00
200.00
200.00
600.00
600.00
300.00
600.00
300.00
600.00
600.00
200.00
250.00
150.00
250.00
600.00
250.00
500.00
450.00
150.00
300.00
700.00
800.00
800.00
700.00
800.00
300.00
700.00
700.00
800.00
800.00
350.00
600.00
700.00
700.00
500.00
450.00
350.00
500.00
450.00
200.00
350.00
150.00
125.00
700.00
350.00
200.00
450.00
100.00
300.00
100.00
800.00
500.00
800.00
200.00
800.00
100.00
700.00
200.00
800.00
150.00
600.00
800.00
600.00
200.00
125.00
200.00
800.00
100.00
800.00
700.00
800.00
200.00
600.00
200.00
150.00
450.00
500.00
500.00
125.00
250.00
300.00
150.00
125.00
500.00
400.00
250.00
450.00
700.00
800.00
800.00
800.00
800.00
500.00
500.00
700.00
150.00
200.00
200.00
350.00
800.00
350.00
350.00
125.00
200.00
350.00
400.00
600.00
400.00
700.00
700.00
400.00
300.00
250.00
125.00
800.00
700.00
250.00
450.00
700.00
400.00
250.00
500.00
700.00
400.00
125.00
350.00
200.00
800.00
800.00
800.00
700.00
700.00
700.00
800.00
800.00
800.00
150.00
700.00
400.00
700.00
150.00
700.00
500.00
150.00
400.00
700.00
500.00
125.00
350.00
450.00
200.00
100.00
450.00
250.00
700.00
700.00
150.00
800.00
800.00
800.00
800.00
700.00
700.00
350.00
125.00
350.00
300.00
700.00
300.00
100.00
400.00
125.00
250.00
600.00
400.00
250.00
125.00
200.00
800.00
800.00
800.00
800.00
800.00
