762
99.347767000
0.001000000
18.922310000
4.737000000
82.651784000
14.665726000
4.758918000
2.374937000
2.603349000
4.414400000
49.707952000
14.980538000
40.946741000
72.916567000
38.868962000
4.180299000
29.468170000
70.419260000
31.671386000
82.771744000
118.253436000
2.840885000
8.051591000
2.640067000
28.536297000
36.235331000
29.304240000
4.222538000
17.208288000
3.891025000
4.390693000
2.171656000
35.416319000
43.986941000
3.132070000
4.541324000
3.093701000
37.751504000
19.438468000
3.774745000
50.427356000
6.527129000
38.467472000
2.696811000
9.122246000
6.157821000
2.199263000
2.470362000
3.569039000
19.401676000
5.682883000
27.048819000
21.422681000
1.671526000
6.549252000
30.324272000
16.550011000
33.199915000
14.150806000
17.606019000
27.420801000
2.369777000
4.994125000
1.941282000
36.233649000
5.577009000
6.292678000
3.438168000
4.512515000
4.147187000
39.086307000
4.735542000
35.124192000
4.585672000
1.963805000
45.671940000
17.202812000
15.839403000
14.471499000
3.633813000
9.625136000
6.295510000
37.092715000
138.613097000
50.229287000
40.978760000
194.259585000
108.104695000
96.649238000
93.549620000
188.134923000
90.314175000
2.009080000
8.512113000
1.855398000
4.926469000
6.739791000
5.224236000
7.900367000
3.666655000
121.340858000
3.768200000
1.961213000
3.984495000
9.226783000
0.687666000
5.970276000
6.564823000
9.974625000
13.938206000
46.456629000
11.372734000
5.259506000
31.309459000
59.084166000
20.055160000
4.036285000
40.537314000
4.100525000
31.663803000
6.213796000
4.398302000
36.331233000
4.298386000
5.185887000
3.670494000
37.798737000
72.457260000
91.834772000
5.149864000
31.680590000
4.502241000
9.086076000
86.616700000
6.027387000
82.970309000
43.199752000
8.644108000
7.829714000
5.160911000
10.989599000
30.051133000
38.358062000
31.266538000
39.300490000
8.609298000
2.246258000
9.913906000
3.503102000
3.357067000
2.229266000
35.810627000
3.462578000
4.633166000
75.789983000
27.767088000
111.582093000
11.513489000
6.880682000
5.826670000
3.959684000
4.039772000
3.554349000
4.264000000
9.400906000
6.214697000
8.501812000
4.936274000
7.820518000
21.346704000
43.958520000
2.472554000
11.316232000
16.111717000
107.499811000
9.324017000
43.068336000
120.112502000
56.746183000
7.812279000
4.257984000
3.837877000
46.653238000
4.818433000
6.755067000
167.477097000
7.815836000
3.884949000
46.612630000
32.655094000
7.486295000
1.522793000
98.174466000
111.999844000
4.986592000
52.315647000
82.524831000
51.254745000
45.345612000
4.983627000
181.120614000
4.342373000
5.969421000
69.700070000
6.130722000
4.501480000
4.997419000
6.780142000
4.068418000
42.681943000
2.891149000
47.327597000
4.588028000
5.702599000
5.179492000
5.572001000
116.639555000
119.743612000
139.115851000
5.215038000
9.090606000
120.088883000
5.826471000
108.987054000
13.144444000
119.516319000
95.131347000
3.652868000
74.747299000
113.408378000
2.635283000
8.412028000
27.321728000
39.222471000
34.697597000
6.642966000
4.481529000
7.733918000
128.201955000
127.843105000
120.691845000
52.066693000
3.276339000
7.703470000
38.382764000
8.578621000
11.122527000
3.553111000
9.398249000
140.410469000
7.301841000
5.901229000
15.968227000
14.199801000
7.881517000
9.402744000
4.496962000
9.921744000
3.687041000
4.202725000
5.734421000
4.620804000
2.247761000
6.040306000
49.083633000
12.208925000
134.449042000
8.975428000
6.570122000
113.236019000
7.970960000
17.716784000
6.441477000
4.039520000
5.461490000
13.501562000
7.960025000
12.954990000
9.314087000
12.774457000
5.529785000
42.874306000
53.893968000
4.124130000
5.394676000
9.351279000
7.626497000
5.231723000
53.099982000
12.341470000
6.756249000
3.290061000
7.659456000
3.349104000
52.176036000
5.702017000
1.582214000
51.371944000
7.577712000
98.555440000
3.898025000
4.026040000
5.053054000
5.228165000
81.110622000
4.577345000
4.232154000
120.547678000
121.223299000
16.201584000
11.274548000
7.250567000
5.258734000
5.314006000
5.312029000
193.673245000
8.779351000
8.898011000
4.092004000
43.702493000
102.109507000
4.360103000
6.272006000
174.735010000
4.676035000
46.599334000
178.038050000
4.154059000
109.132889000
110.279403000
4.923209000
3.494254000
4.662468000
7.040350000
42.681934000
4.841866000
92.049513000
42.224974000
49.463973000
4.134937000
46.558698000
11.316307000
42.037421000
97.238014000
4.519197000
42.055393000
13.066124000
5.096916000
42.946489000
6.224371000
6.836944000
3.034052000
64.426873000
5.032898000
72.790368000
130.089962000
9.085570000
8.512364000
18.626430000
94.770117000
28.415586000
6.101851000
35.681698000
39.370424000
24.870239000
22.333468000
53.507558000
5.808895000
5.535074000
3.304689000
84.997101000
121.601838000
4.334792000
16.377215000
117.777962000
7.161902000
128.587050000
5.950298000
4.285026000
6.077115000
108.036094000
39.307171000
44.129152000
11.972094000
8.886157000
43.317498000
9.024281000
39.310408000
37.009421000
8.126304000
127.611600000
7.870515000
44.373478000
15.213865000
125.662915000
55.271069000
36.472376000
4.734629000
45.180950000
99.846556000
43.483153000
49.251986000
8.298319000
4.331171000
62.312551000
6.265678000
46.512452000
6.106668000
46.520647000
5.508359000
47.723055000
9.807981000
7.870229000
40.105112000
6.478431000
45.300307000
6.420485000
106.592729000
11.896066000
62.297040000
45.462653000
51.285103000
57.159497000
124.675382000
4.658122000
122.196622000
121.945154000
4.542203000
29.411367000
3.709389000
17.254923000
5.360274000
46.558412000
39.743655000
87.414078000
44.565768000
4.979828000
100.710816000
51.722187000
7.327600000
32.795435000
6.660548000
6.469244000
31.708930000
6.142255000
4.734490000
22.963878000
0.684053000
54.119364000
99.751320000
47.802108000
29.706227000
132.504722000
67.250534000
43.442710000
42.823165000
111.536506000
4.013261000
9.450292000
13.791175000
11.951674000
38.709179000
4.270129000
22.906186000
38.163318000
17.984860000
3.723305000
6.244992000
258.132929000
1.821301000
4.418045000
121.581531000
21.593374000
34.408269000
30.127259000
35.266199000
2.599524000
11.806643000
6.419437000
12.517088000
45.757128000
2.637191000
5.644802000
48.222934000
6.644837000
302.642795000
4.308506000
11.656974000
1.849229000
129.742790000
6.017192000
66.889927000
3.722929000
6.792023000
115.966028000
5.797099000
3.606546000
7.945666000
9.635279000
6.300477000
5.009248000
48.814831000
3.958177000
2.011430000
3.647833000
7.481804000
1.598640000
7.376654000
46.637592000
38.320097000
4.202678000
52.865634000
4.367665000
58.752735000
43.971186000
53.301368000
85.274973000
4.988898000
3.791720000
7.756758000
7.604904000
52.579496000
91.691166000
54.920694000
9.674723000
8.265315000
13.746543000
7.333490000
4.795314000
9.070752000
93.568261000
43.725385000
59.106394000
7.125220000
45.042843000
5.814757000
92.820868000
97.344431000
50.680158000
55.709856000
51.064853000
8.514679000
5.565501000
3.775819000
18.006256000
10.065443000
107.125887000
5.318364000
4.667955000
6.628582000
38.687942000
58.113115000
111.331916000
38.365336000
44.794194000
70.721743000
7.011134000
86.472359000
44.489335000
6.161253000
44.888347000
5.168036000
29.875825000
4.158022000
4.261143000
5.949601000
8.435218000
46.174098000
15.278533000
74.539647000
12.432879000
5.293909000
36.192826000
127.701554000
4.210702000
33.860330000
33.786487000
4.169050000
3.388318000
1.916481000
33.933787000
15.460896000
4.589683000
6.029874000
5.008583000
3.625397000
1.704178000
3.949749000
47.708363000
8.281144000
80.480729000
39.436086000
23.997985000
37.377990000
8.861623000
41.348289000
130.658908000
1.838772000
4.632721000
2.690628000
78.353244000
3.774883000
145.814438000
4.201500000
6.105594000
1.492146000
1.522175000
2.081581000
1.536740000
1.657558000
1.492015000
1.494858000
1.510138000
1.506287000
1.507456000
1.496604000
1.509471000
1.506615000
1.502996000
1.505739000
1.498654000
1.500135000
1.501299000
1.501269000
1.504173000
1.503978000
1.493486000
1.505259000
1.502964000
1.503263000
1.499315000
21.303068000
50.214034000
4.016942000
16.797201000
11.655329000
9.357574000
4.335551000
5.090867000
4.078534000
5.526797000
27.917492000
3.604239000
7.710334000
5.692790000
10.487542000
322.293693000
7.727520000
6.815536000
16.725798000
322.773928000
50.667857000
62.511436000
22.687077000
6.458175000
66.225784000
17.667334000
41.170000000
45.334447000
14.381509000
15.957713000
142.724732000
30.349489000
20.542982000
20.468890000
10.583591000
46.185631000
61.814238000
10.208841000
4.590614000
5.818894000
6.248291000
4.972663000
15.161556000
2.915101000
5.979431000
9.480612000
4.299139000
8.631025000
94.268317000
14.120199000
77.160432000
3.809570000
14.066318000
7.317099000
9.797997000
22.360207000
10.476617000
27.309904000
31.506940000
29.173582000
6.621422000
9.438253000
7.623826000
10.971911000
17.277770000
10.114765000
12.597892000
15.922673000
7.215292000
67.649225000
34.470267000
13.897054000
24.790405000
5.674471000
6.175284000
32.208227000
16.092240000
4.032573000
81.360044000
212.508687000
8.593041000
92.374522000
5.337350000
38.597421000
8.145975000
80.125393000
4.274787000
7.486555000
51.845681000
87.934278000
36.269461000
6.500124000
4.861560000
20.688463000
4.769340000
8.045765000
57.683483000
4.640663000
9.145774000
12.448741000
7.395607000
53.934996000
8.699358000
69.163893000
6.306346000
5.999817000
1.732455000
35.755718000
6.719071000
25.556514000
2.565020000
17.357125000
3.901710000
16.763613000
4.390633000
93.218025000
32.930153000
4.459128000
54.280078000
3.552042000
4.325889000
39.324484000
6.654234000
4.333662000
15.527000000
4.163495000
44.004767000
6.938860000
10.871040000
3.895908000
10.473585000
101.60
76.20
76.20
76.20
76.20
76.20
76.20
76.20
76.20
76.20
76.20
76.20
76.20
76.20
76.20
76.20
76.20
76.20
76.20
76.20
76.20
76.20
76.20
76.20
76.20
76.20
76.20
76.20
76.20
76.20
76.20
76.20
76.20
76.20
76.20
76.20
76.20
76.20
76.20
76.20
76.20
76.20
76.20
76.20
76.20
76.20
76.20
76.20
76.20
76.20
76.20
76.20
76.20
76.20
76.20
76.20
76.20
76.20
76.20
76.20
76.20
76.20
76.20
76.20
76.20
76.20
76.20
76.20
76.20
76.20
76.20
76.20
76.20
76.20
76.20
76.20
76.20
76.20
76.20
76.20
76.20
76.20
76.20
76.20
76.20
76.20
76.20
76.20
76.20
76.20
76.20
76.20
76.20
76.20
76.20
76.20
76.20
76.20
76.20
76.20
76.20
76.20
76.20
76.20
76.20
76.20
76.20
76.20
76.20
76.20
76.20
76.20
76.20
76.20
76.20
76.20
76.20
76.20
76.20
76.20
76.20
76.20
76.20
76.20
76.20
76.20
76.20
76.20
76.20
76.20
76.20
76.20
76.20
76.20
76.20
76.20
76.20
76.20
76.20
76.20
76.20
76.20
76.20
76.20
76.20
76.20
76.20
76.20
76.20
76.20
76.20
76.20
76.20
76.20
76.20
76.20
76.20
76.20
76.20
76.20
76.20
76.20
76.20
76.20
76.20
76.20
76.20
76.20
76.20
76.20
76.20
76.20
76.20
76.20
76.20
76.20
76.20
76.20
76.20
76.20
76.20
76.20
76.20
76.20
76.20
76.20
76.20
76.20
76.20
76.20
76.20
76.20
76.20
76.20
76.20
76.20
76.20
76.20
76.20
76.20
76.20
76.20
76.20
76.20
76.20
76.20
76.20
76.20
76.20
76.20
76.20
76.20
76.20
76.20
76.20
76.20
76.20
76.20
76.20
76.20
76.20
76.20
76.20
76.20
76.20
76.20
76.20
76.20
76.20
76.20
76.20
76.20
76.20
76.20
76.20
76.20
76.20
76.20
76.20
76.20
76.20
76.20
76.20
76.20
76.20
76.20
76.20
76.20
76.20
76.20
76.20
76.20
76.20
76.20
76.20
76.20
76.20
76.20
76.20
76.20
76.20
76.20
76.20
76.20
76.20
76.20
76.20
76.20
76.20
76.20
76.20
76.20
76.20
76.20
76.20
76.20
76.20
76.20
76.20
76.20
76.20
76.20
76.20
76.20
76.20
76.20
76.20
76.20
76.20
76.20
76.20
76.20
76.20
76.20
76.20
76.20
76.20
76.20
76.20
76.20
76.20
76.20
76.20
76.20
76.20
76.20
76.20
76.20
76.20
76.20
76.20
76.20
76.20
76.20
76.20
76.20
76.20
76.20
76.20
76.20
76.20
76.20
76.20
76.20
76.20
76.20
76.20
76.20
76.20
76.20
76.20
76.20
76.20
76.20
76.20
76.20
76.20
76.20
76.20
76.20
76.20
76.20
76.20
76.20
76.20
76.20
76.20
76.20
76.20
76.20
76.20
76.20
76.20
76.20
76.20
76.20
76.20
76.20
76.20
76.20
76.20
76.20
76.20
76.20
76.20
76.20
76.20
76.20
76.20
76.20
76.20
76.20
76.20
76.20
76.20
76.20
76.20
76.20
76.20
76.20
76.20
76.20
76.20
76.20
76.20
76.20
76.20
76.20
76.20
76.20
76.20
76.20
76.20
76.20
76.20
76.20
76.20
76.20
76.20
76.20
76.20
76.20
76.20
76.20
76.20
76.20
76.20
76.20
76.20
76.20
76.20
76.20
76.20
76.20
76.20
76.20
76.20
76.20
76.20
76.20
76.20
76.20
76.20
76.20
76.20
76.20
76.20
76.20
76.20
76.20
76.20
76.20
76.20
76.20
76.20
76.20
76.20
76.20
76.20
76.20
76.20
76.20
76.20
76.20
76.20
76.20
76.20
76.20
76.20
76.20
76.20
76.20
76.20
76.20
76.20
76.20
76.20
76.20
76.20
76.20
76.20
101.60
76.20
76.20
76.20
76.20
76.20
76.20
76.20
76.20
76.20
76.20
76.20
76.20
76.20
76.20
76.20
76.20
76.20
76.20
76.20
76.20
76.20
76.20
76.20
152.40
76.20
76.20
76.20
76.20
76.20
76.20
76.20
76.20
76.20
76.20
76.20
76.20
76.20
76.20
76.20
76.20
76.20
76.20
76.20
76.20
76.20
76.20
76.20
76.20
76.20
76.20
76.20
76.20
76.20
76.20
76.20
76.20
76.20
76.20
76.20
76.20
76.20
76.20
76.20
76.20
76.20
76.20
76.20
76.20
76.20
76.20
76.20
76.20
76.20
76.20
76.20
76.20
76.20
76.20
76.20
76.20
76.20
76.20
76.20
76.20
76.20
76.20
76.20
76.20
76.20
76.20
76.20
76.20
76.20
76.20
76.20
76.20
76.20
76.20
76.20
76.20
76.20
76.20
76.20
76.20
76.20
76.20
76.20
76.20
76.20
76.20
76.20
76.20
76.20
76.20
76.20
76.20
76.20
76.20
76.20
76.20
76.20
76.20
76.20
76.20
76.20
76.20
76.20
76.20
76.20
76.20
76.20
76.20
76.20
76.20
76.20
76.20
76.20
76.20
76.20
76.20
76.20
76.20
76.20
76.20
76.20
76.20
76.20
76.20
76.20
76.20
76.20
76.20
76.20
76.20
76.20
76.20
76.20
76.20
76.20
76.20
76.20
76.20
76.20
76.20
76.20
76.20
76.20
76.20
76.20
76.20
76.20
76.20
76.20
76.20
76.20
76.20
76.20
76.20
76.20
76.20
76.20
76.20
76.20
76.20
152.40
76.20
76.20
76.20
76.20
76.20
76.20
76.20
76.20
76.20
76.20
76.20
76.20
76.20
76.20
76.20
76.20
76.20
76.20
76.20
76.20
76.20
76.20
76.20
76.20
76.20
76.20
76.20
76.20
76.20
76.20
76.20
76.20
76.20
76.20
76.20
76.20
76.20
76.20
76.20
76.20
76.20
76.20
76.20
76.20
76.20
76.20
76.20
76.20
76.20
76.20
76.20
76.20
76.20
76.20
76.20
76.20
76.20
76.20
76.20
76.20
76.20
76.20
76.20
76.20
76.20
76.20
76.20
76.20
76.20
76.20
76.20
76.20
76.20
76.20
76.20
76.20
76.20
76.20
76.20
76.20
76.20
76.20
76.20
76.20
76.20
76.20
76.20
76.20
76.20
76.20
76.20
76.20
76.20
76.20
76.20
76.20
76.20
76.20
76.20
76.20
76.20
76.20
76.20
76.20
76.20
76.20
76.20
76.20
76.20
76.20
76.20
76.20
76.20
76.20
76.20
101.60
76.20
76.20
76.20
101.60
76.20
76.20
101.60
76.20
76.20
76.20
76.20
76.20
76.20
101.60
76.20
76.20
76.20
76.20
76.20
76.20
76.20
76.20
76.20
76.20
76.20
76.20
76.20
76.20
76.20
76.20
76.20
76.20
76.20
76.20
76.20
76.20
76.20
76.20
76.20
76.20
76.20
76.20
76.20
76.20
76.20
76.20
101.60
101.60
76.20
76.20
76.20
76.20
76.20
76.20
76.20
76.20
76.20
76.20
76.20
76.20
76.20
76.20
76.20
76.20
76.20
76.20
76.20
76.20
76.20
76.20
76.20
76.20
76.20
76.20
76.20
76.20
76.20
76.20
76.20
76.20
76.20
76.20
76.20
76.20
76.20
76.20
76.20
76.20
76.20
76.20
76.20
76.20
76.20
76.20
76.20
76.20
76.20
76.20
76.20
76.20
76.20
76.20
76.20
76.20
76.20
76.20
76.20
76.20
76.20
76.20
76.20
76.20
76.20
76.20
76.20
76.20
76.20
101.60
76.20
76.20
76.20
76.20
76.20
76.20
101.60
76.20
76.20
76.20
76.20
76.20
76.20
76.20
76.20
76.20
76.20
76.20
76.20
101.60
76.20
76.20
76.20
76.20
76.20
76.20
76.20
76.20
76.20
76.20
76.20
76.20
76.20
76.20
101.60
76.20
76.20
76.20
101.60
76.20
101.60
76.20
76.20
76.20
101.60
76.20
76.20
76.20
76.20
76.20
76.20
76.20
76.20
76.20
76.20
101.60
76.20
76.20
76.20
76.20
76.20
76.20
76.20
76.20
76.20
101.60
76.20
76.20
76.20
76.20
76.20
76.20
76.20
76.20
76.20
76.20
76.20
76.20
76.20
76.20
76.20
76.20
76.20
76.20
76.20
76.20
76.20
76.20
76.20
76.20
101.60
76.20
76.20
76.20
76.20
76.20
76.20
76.20
76.20
76.20
76.20
76.20
76.20
76.20
76.20
101.60
76.20
76.20
76.20
76.20
76.20
76.20
76.20
76.20
76.20
76.20
76.20
76.20
76.20
76.20
76.20
76.20
76.20
76.20
76.20
76.20
76.20
76.20
76.20
76.20
76.20
76.20
76.20
76.20
76.20
76.20
76.20
76.20
76.20
76.20
76.20
76.20
76.20
76.20
76.20
76.20
76.20
76.20
76.20
76.20
76.20
101.60
76.20
76.20
76.20
76.20
76.20
76.20
76.20
76.20
76.20
76.20
101.60
76.20
76.20
76.20
76.20
76.20
76.20
76.20
76.20
76.20
76.20
76.20
76.20
76.20
76.20
76.20
76.20
76.20
76.20
76.20
76.20
76.20
76.20
76.20
76.20
76.20
76.20
76.20
76.20
76.20
76.20
76.20
76.20
76.20
76.20
76.20
76.20
76.20
76.20
76.20
76.20
76.20
76.20
76.20
76.20
76.20
76.20
76.20
76.20
76.20
76.20
76.20
76.20
76.20
76.20
76.20
76.20
76.20
76.20
76.20
76.20
76.20
76.20
76.20
76.20
76.20
76.20
76.20
101.60
76.20
76.20
76.20
76.20
76.20
76.20
76.20
76.20
76.20
76.20
76.20
76.20
76.20
76.20
76.20
76.20
76.20
76.20
76.20
76.20
76.20
76.20
76.20
76.20
76.20
76.20
76.20
76.20
76.20
76.20
76.20
76.20
101.60
101.60
76.20
76.20
76.20
76.20
76.20
76.20
76.20
76.20
76.20
76.20
76.20
76.20
76.20
76.20
76.20
76.20
76.20
76.20
76.20
76.20
101.60
76.20
76.20
76.20
76.20
76.20
76.20
76.20
76.20
76.20
76.20
76.20
76.20
76.20
76.20
76.20
76.20
76.20
76.20
76.20
76.20
76.20
76.20
76.20
76.20
76.20
76.20
76.20
76.20
76.20
76.20
76.20
76.20
76.20
76.20
76.20
76.20
76.20
101.60
76.20
76.20
76.20
76.20
76.20
76.20
76.20
76.20
76.20
76.20
76.20
76.20
76.20
76.20
76.20
76.20
76.20
76.20
101.60
76.20
76.20
76.20
101.60
76.20
76.20
76.20
76.20
76.20
76.20
76.20
76.20
76.20
76.20
76.20
76.20
76.20
76.20
76.20
76.20
76.20
76.20
76.20
152.40
76.20
76.20
76.20
76.20
76.20
76.20
76.20
101.60
101.60
76.20
76.20
76.20
76.20
76.20
76.20
76.20
76.20
76.20
76.20
76.20
76.20
76.20
76.20
76.20
76.20
76.20
76.20
76.20
76.20
76.20
76.20
76.20
101.60
76.20
76.20
101.60
76.20
76.20
76.20
76.20
76.20
101.60
101.60
76.20
76.20
76.20
76.20
101.60
76.20
76.20
76.20
76.20
76.20
76.20
76.20
76.20
76.20
76.20
76.20
76.20
76.20
76.20
76.20
76.20
76.20
76.20
76.20
76.20
76.20
76.20
76.20
76.20
76.20
76.20
76.20
76.20
76.20
76.20
76.20
76.20
76.20
76.20
76.20
76.20
76.20
76.20
76.20
76.20
76.20
76.20
76.20
76.20
76.20
76.20
76.20
76.20
76.20
76.20
76.20
76.20
76.20
76.20
76.20
76.20
76.20
76.20
76.20
76.20
76.20
76.20
76.20
76.20
76.20
76.20
76.20
76.20
76.20
76.20
76.20
76.20
101.60
76.20
76.20
76.20
76.20
76.20
76.20
76.20
76.20
76.20
76.20
76.20
76.20
76.20
76.20
76.20
76.20
76.20
76.20
76.20
76.20
76.20
76.20
76.20
76.20
76.20
76.20
76.20
76.20
76.20
76.20
76.20
76.20
76.20
76.20
76.20
76.20
76.20
76.20
76.20
152.40
76.20
76.20
76.20
76.20
76.20
76.20
101.60
76.20
76.20
76.20
76.20
76.20
76.20
76.20
76.20
76.20
76.20
76.20
76.20
76.20
76.20
76.20
76.20
76.20
76.20
76.20
76.20
76.20
76.20
76.20
76.20
76.20
76.20
76.20
76.20
76.20
76.20
76.20
76.20
76.20
76.20
76.20
76.20
76.20
76.20
76.20
76.20
76.20
76.20
76.20
76.20
76.20
76.20
76.20
76.20
76.20
76.20
76.20
76.20
76.20
76.20
76.20
76.20
76.20
76.20
76.20
76.20
76.20
76.20
76.20
76.20
76.20
76.20
76.20
76.20
101.60
101.60
76.20
76.20
76.20
76.20
76.20
76.20
101.60
76.20
76.20
76.20
101.60
76.20
76.20
76.20
76.20
76.20
76.20
76.20
76.20
76.20
76.20
76.20
76.20
76.20
76.20
76.20
76.20
76.20
76.20
76.20
76.20
101.60
76.20
76.20
76.20
76.20
76.20
76.20
101.60
76.20
76.20
76.20
101.60
76.20
76.20
101.60
76.20
76.20
76.20
76.20
101.60
76.20
101.60
76.20
76.20
76.20
76.20
76.20
76.20
76.20
76.20
76.20
76.20
76.20
76.20
76.20
76.20
76.20
76.20
76.20
76.20
76.20
76.20
76.20
101.60
76.20
76.20
76.20
76.20
76.20
76.20
76.20
76.20
76.20
76.20
101.60
101.60
76.20
101.60
76.20
76.20
76.20
76.20
76.20
76.20
76.20
76.20
76.20
76.20
76.20
76.20
76.20
76.20
76.20
76.20
76.20
76.20
76.20
76.20
76.20
76.20
76.20
76.20
76.20
76.20
76.20
76.20
76.20
76.20
76.20
76.20
76.20
76.20
76.20
76.20
76.20
76.20
76.20
76.20
76.20
76.20
76.20
76.20
76.20
76.20
76.20
76.20
76.20
76.20
76.20
76.20
76.20
76.20
76.20
76.20
76.20
76.20
76.20
76.20
76.20
76.20
76.20
101.60
76.20
76.20
76.20
76.20
76.20
76.20
76.20
76.20
76.20
76.20
101.60
76.20
76.20
76.20
76.20
76.20
76.20
76.20
76.20
76.20
76.20
76.20
76.20
101.60
76.20
76.20
101.60
76.20
76.20
76.20
76.20
76.20
76.20
76.20
76.20
76.20
76.20
76.20
101.60
76.20
76.20
76.20
101.60
76.20
101.60
76.20
76.20
76.20
101.60
76.20
101.60
76.20
76.20
76.20
76.20
76.20
76.20
76.20
76.20
101.60
76.20
76.20
76.20
76.20
76.20
76.20
76.20
76.20
76.20
101.60
76.20
76.20
76.20
76.20
76.20
76.20
76.20
76.20
76.20
76.20
76.20
76.20
76.20
76.20
76.20
76.20
76.20
76.20
76.20
76.20
76.20
76.20
76.20
76.20
101.60
76.20
76.20
76.20
76.20
76.20
76.20
76.20
76.20
76.20
76.20
76.20
76.20
76.20
76.20
101.60
76.20
76.20
101.60
76.20
76.20
76.20
76.20
76.20
76.20
76.20
76.20
76.20
76.20
76.20
76.20
76.20
101.60
76.20
76.20
76.20
76.20
76.20
76.20
76.20
76.20
76.20
76.20
76.20
76.20
76.20
76.20
76.20
76.20
76.20
76.20
76.20
76.20
76.20
76.20
76.20
76.20
76.20
76.20
76.20
76.20
101.60
76.20
76.20
76.20
76.20
76.20
76.20
76.20
76.20
76.20
76.20
101.60
76.20
76.20
101.60
76.20
76.20
76.20
76.20
76.20
76.20
76.20
76.20
76.20
76.20
76.20
76.20
76.20
76.20
76.20
76.20
76.20
76.20
76.20
76.20
76.20
76.20
76.20
76.20
76.20
76.20
101.60
76.20
76.20
76.20
76.20
76.20
76.20
76.20
76.20
76.20
76.20
76.20
76.20
76.20
76.20
76.20
76.20
76.20
76.20
76.20
76.20
76.20
76.20
76.20
76.20
76.20
76.20
76.20
76.20
76.20
76.20
76.20
76.20
76.20
76.20
76.20
76.20
76.20
101.60
76.20
76.20
76.20
76.20
76.20
76.20
76.20
101.60
76.20
76.20
76.20
76.20
76.20
76.20
76.20
76.20
76.20
76.20
76.20
76.20
101.60
76.20
76.20
76.20
76.20
76.20
76.20
76.20
76.20
101.60
76.20
76.20
101.60
101.60
76.20
76.20
76.20
76.20
76.20
76.20
76.20
76.20
76.20
101.60
76.20
76.20
76.20
76.20
76.20
76.20
76.20
76.20
76.20
76.20
101.60
76.20
76.20
76.20
76.20
76.20
76.20
76.20
76.20
76.20
76.20
76.20
101.60
76.20
76.20
76.20
76.20
76.20
76.20
76.20
76.20
76.20
76.20
76.20
76.20
76.20
76.20
76.20
76.20
76.20
101.60
101.60
76.20
76.20
76.20
76.20
76.20
76.20
101.60
76.20
76.20
76.20
76.20
76.20
76.20
76.20
76.20
76.20
76.20
76.20
76.20
76.20
76.20
76.20
76.20
76.20
76.20
101.60
76.20
76.20
76.20
101.60
76.20
76.20
76.20
76.20
76.20
76.20
101.60
76.20
76.20
76.20
76.20
76.20
76.20
76.20
76.20
76.20
76.20
76.20
76.20
152.40
76.20
76.20
76.20
101.60
76.20
76.20
76.20
101.60
101.60
76.20
76.20
76.20
101.60
76.20
76.20
76.20
76.20
76.20
76.20
76.20
76.20
76.20
76.20
76.20
76.20
76.20
76.20
76.20
76.20
76.20
76.20
76.20
101.60
76.20
76.20
101.60
76.20
76.20
101.60
76.20
76.20
101.60
152.40
76.20
76.20
101.60
76.20
101.60
76.20
76.20
76.20
76.20
76.20
76.20
76.20
76.20
76.20
76.20
76.20
76.20
76.20
76.20
76.20
76.20
76.20
76.20
76.20
76.20
76.20
76.20
76.20
101.60
76.20
101.60
76.20
76.20
76.20
76.20
76.20
76.20
76.20
76.20
76.20
76.20
76.20
76.20
76.20
76.20
76.20
76.20
76.20
76.20
76.20
76.20
76.20
76.20
76.20
76.20
76.20
76.20
76.20
76.20
76.20
76.20
76.20
76.20
76.20
76.20
76.20
76.20
76.20
76.20
76.20
76.20
76.20
76.20
76.20
76.20
76.20
76.20
101.60
76.20
76.20
76.20
76.20
76.20
76.20
76.20
76.20
76.20
76.20
76.20
76.20
76.20
76.20
76.20
76.20
76.20
76.20
76.20
76.20
76.20
76.20
76.20
76.20
76.20
76.20
76.20
76.20
76.20
76.20
76.20
76.20
76.20
76.20
76.20
76.20
76.20
76.20
76.20
152.40
76.20
76.20
76.20
76.20
76.20
76.20
101.60
76.20
76.20
76.20
76.20
76.20
76.20
76.20
76.20
76.20
101.60
101.60
76.20
76.20
76.20
76.20
76.20
76.20
101.60
76.20
76.20
76.20
76.20
76.20
76.20
76.20
76.20
76.20
76.20
76.20
76.20
76.20
76.20
76.20
76.20
101.60
76.20
101.60
76.20
76.20
76.20
76.20
76.20
76.20
76.20
76.20
76.20
76.20
76.20
76.20
76.20
76.20
76.20
76.20
76.20
76.20
76.20
76.20
76.20
76.20
76.20
76.20
101.60
76.20
76.20
76.20
76.20
76.20
76.20
101.60
101.60
76.20
76.20
76.20
76.20
76.20
76.20
101.60
76.20
76.20
76.20
101.60
101.60
76.20
76.20
76.20
76.20
76.20
76.20
76.20
76.20
76.20
76.20
76.20
76.20
76.20
76.20
76.20
76.20
76.20
101.60
76.20
101.60
76.20
76.20
76.20
76.20
76.20
76.20
101.60
76.20
76.20
76.20
76.20
152.40
76.20
76.20
76.20
152.40
76.20
76.20
76.20
152.40
152.40
76.20
76.20
76.20
76.20
76.20
76.20
76.20
76.20
101.60
76.20
152.40
101.60
152.40
76.20
76.20
76.20
101.60
76.20
76.20
76.20
76.20
76.20
76.20
76.20
76.20
76.20
76.20
76.20
76.20
76.20
76.20
152.40
76.20
76.20
76.20
76.20
152.40
76.20
76.20
76.20
76.20
101.60
76.20
76.20
76.20
76.20
76.20
76.20
152.40
76.20
152.40
76.20
76.20
76.20
76.20
76.20
76.20
76.20
76.20
76.20
76.20
152.40
76.20
76.20
152.40
76.20
76.20
152.40
76.20
76.20
76.20
76.20
101.60
152.40
76.20
76.20
76.20
101.60
76.20
76.20
76.20
76.20
101.60
76.20
76.20
76.20
76.20
76.20
76.20
76.20
152.40
76.20
76.20
76.20
152.40
76.20
76.20
76.20
76.20
76.20
76.20
152.40
76.20
76.20
76.20
101.60
76.20
76.20
152.40
76.20
152.40
76.20
152.40
76.20
152.40
76.20
76.20
76.20
76.20
152.40
76.20
76.20
152.40
76.20
76.20
76.20
76.20
76.20
76.20
76.20
76.20
76.20
76.20
76.20
76.20
76.20
76.20
76.20
76.20
76.20
76.20
76.20
76.20
76.20
76.20
76.20
152.40
76.20
76.20
76.20
76.20
76.20
76.20
152.40
76.20
76.20
76.20
76.20
76.20
76.20
76.20
76.20
76.20
76.20
76.20
76.20
76.20
76.20
76.20
76.20
76.20
76.20
76.20
76.20
76.20
76.20
76.20
76.20
76.20
76.20
76.20
76.20
76.20
76.20
76.20
76.20
76.20
76.20
76.20
76.20
76.20
152.40
76.20
76.20
76.20
76.20
76.20
152.40
76.20
76.20
76.20
76.20
76.20
152.40
76.20
76.20
76.20
76.20
76.20
152.40
76.20
76.20
76.20
76.20
76.20
76.20
152.40
152.40
76.20
152.40
152.40
76.20
76.20
76.20
76.20
152.40
76.20
76.20
152.40
76.20
76.20
76.20
76.20
76.20
101.60
76.20
152.40
76.20
152.40
76.20
76.20
76.20
76.20
76.20
76.20
76.20
76.20
76.20
76.20
152.40
76.20
76.20
76.20
76.20
76.20
76.20
76.20
76.20
76.20
76.20
76.20
152.40
76.20
152.40
76.20
76.20
76.20
76.20
76.20
76.20
76.20
76.20
76.20
76.20
76.20
76.20
76.20
152.40
76.20
76.20
152.40
76.20
76.20
76.20
101.60
152.40
76.20
76.20
76.20
76.20
76.20
152.40
76.20
152.40
76.20
76.20
76.20
76.20
152.40
76.20
76.20
76.20
76.20
76.20
152.40
76.20
76.20
76.20
152.40
76.20
76.20
76.20
76.20
76.20
76.20
76.20
76.20
152.40
76.20
76.20
101.60
76.20
76.20
76.20
101.60
76.20
76.20
101.60
76.20
152.40
152.40
76.20
76.20
76.20
76.20
76.20
76.20
76.20
76.20
76.20
76.20
76.20
76.20
76.20
76.20
76.20
76.20
76.20
76.20
76.20
76.20
152.40
76.20
76.20
76.20
76.20
76.20
101.60
76.20
76.20
101.60
76.20
76.20
152.40
76.20
76.20
152.40
76.20
76.20
76.20
76.20
76.20
76.20
76.20
76.20
76.20
76.20
76.20
152.40
76.20
76.20
76.20
152.40
152.40
152.40
76.20
76.20
76.20
76.20
76.20
76.20
76.20
152.40
76.20
76.20
76.20
152.40
76.20
76.20
76.20
76.20
76.20
152.40
76.20
76.20
76.20
152.40
76.20
76.20
76.20
76.20
152.40
76.20
76.20
76.20
152.40
76.20
76.20
76.20
76.20
101.60
152.40
152.40
152.40
76.20
76.20
76.20
152.40
152.40
76.20
76.20
76.20
76.20
76.20
76.20
76.20
76.20
76.20
76.20
76.20
76.20
76.20
76.20
76.20
76.20
152.40
101.60
76.20
76.20
76.20
76.20
152.40
76.20
76.20
76.20
76.20
76.20
76.20
76.20
76.20
152.40
101.60
76.20
76.20
152.40
76.20
76.20
76.20
76.20
152.40
152.40
76.20
152.40
76.20
76.20
76.20
76.20
76.20
152.40
152.40
76.20
76.20
76.20
76.20
76.20
152.40
76.20
76.20
76.20
76.20
76.20
152.40
76.20
76.20
76.20
152.40
152.40
76.20
76.20
76.20
76.20
76.20
76.20
76.20
76.20
76.20
76.20
76.20
76.20
76.20
76.20
76.20
152.40
76.20
76.20
76.20
152.40
101.60
76.20
152.40
152.40
76.20
76.20
76.20
76.20
76.20
76.20
101.60
76.20
76.20
76.20
76.20
76.20
76.20
76.20
76.20
76.20
76.20
76.20
152.40
76.20
76.20
76.20
101.60
76.20
76.20
76.20
76.20
76.20
76.20
76.20
76.20
76.20
76.20
152.40
76.20
76.20
76.20
76.20
76.20
152.40
76.20
76.20
76.20
76.20
101.60
152.40
76.20
76.20
76.20
76.20
76.20
76.20
76.20
152.40
76.20
76.20
76.20
76.20
76.20
76.20
76.20
76.20
76.20
76.20
76.20
76.20
76.20
76.20
76.20
76.20
101.60
76.20
152.40
76.20
76.20
76.20
76.20
76.20
76.20
76.20
152.40
76.20
76.20
76.20
152.40
76.20
76.20
76.20
76.20
76.20
76.20
76.20
76.20
152.40
76.20
76.20
76.20
76.20
76.20
76.20
76.20
76.20
76.20
76.20
76.20
76.20
152.40
76.20
76.20
76.20
152.40
152.40
76.20
76.20
76.20
76.20
76.20
76.20
76.20
76.20
76.20
76.20
76.20
76.20
152.40
76.20
76.20
152.40
76.20
101.60
76.20
76.20
101.60
76.20
152.40
76.20
76.20
76.20
76.20
76.20
76.20
76.20
76.20
152.40
76.20
76.20
76.20
76.20
76.20
76.20
76.20
101.60
152.40
76.20
76.20
76.20
152.40
76.20
76.20
76.20
76.20
76.20
76.20
76.20
76.20
76.20
152.40
76.20
76.20
76.20
76.20
76.20
76.20
76.20
76.20
76.20
76.20
152.40
101.60
152.40
152.40
152.40
76.20
76.20
76.20
76.20
76.20
101.60
76.20
76.20
76.20
76.20
76.20
76.20
76.20
152.40
76.20
76.20
76.20
76.20
76.20
76.20
76.20
76.20
76.20
76.20
76.20
76.20
76.20
76.20
76.20
76.20
76.20
152.40
76.20
76.20
76.20
152.40
76.20
152.40
76.20
76.20
76.20
152.40
152.40
76.20
101.60
152.40
76.20
76.20
76.20
152.40
76.20
76.20
76.20
152.40
76.20
76.20
76.20
152.40
152.40
76.20
76.20
76.20
76.20
76.20
76.20
152.40
76.20
101.60
76.20
152.40
101.60
152.40
76.20
76.20
76.20
101.60
76.20
76.20
76.20
76.20
76.20
76.20
76.20
76.20
76.20
152.40
76.20
152.40
76.20
76.20
152.40
76.20
76.20
76.20
76.20
152.40
76.20
76.20
152.40
152.40
101.60
76.20
76.20
76.20
76.20
76.20
76.20
152.40
76.20
152.40
76.20
76.20
76.20
76.20
76.20
76.20
76.20
76.20
76.20
152.40
152.40
76.20
76.20
152.40
76.20
76.20
76.20
76.20
152.40
76.20
76.20
101.60
152.40
76.20
76.20
76.20
101.60
76.20
76.20
76.20
76.20
101.60
76.20
76.20
76.20
76.20
76.20
76.20
76.20
152.40
76.20
76.20
76.20
152.40
76.20
76.20
76.20
76.20
76.20
76.20
152.40
76.20
76.20
76.20
101.60
76.20
76.20
152.40
76.20
152.40
76.20
152.40
76.20
152.40
76.20
76.20
76.20
76.20
152.40
76.20
76.20
152.40
152.40
76.20
76.20
76.20
76.20
76.20
76.20
76.20
76.20
76.20
76.20
76.20
76.20
76.20
152.40
76.20
152.40
76.20
76.20
76.20
76.20
76.20
76.20
152.40
76.20
76.20
76.20
76.20
76.20
76.20
152.40
76.20
152.40
76.20
76.20
76.20
76.20
76.20
76.20
76.20
152.40
76.20
76.20
76.20
76.20
76.20
76.20
76.20
76.20
152.40
76.20
76.20
76.20
76.20
76.20
76.20
76.20
76.20
76.20
76.20
76.20
76.20
76.20
76.20
76.20
76.20
76.20
76.20
152.40
76.20
76.20
76.20
76.20
76.20
76.20
76.20
76.20
76.20
76.20
76.20
152.40
76.20
76.20
76.20
76.20
76.20
152.40
76.20
76.20
76.20
76.20
76.20
76.20
152.40
152.40
76.20
152.40
152.40
76.20
76.20
152.40
76.20
152.40
76.20
76.20
152.40
76.20
76.20
76.20
76.20
76.20
152.40
76.20
152.40
76.20
76.20
76.20
76.20
76.20
76.20
76.20
76.20
76.20
76.20
76.20
76.20
152.40
76.20
76.20
76.20
76.20
76.20
76.20
76.20
152.40
76.20
76.20
76.20
152.40
152.40
152.40
76.20
76.20
76.20
76.20
76.20
76.20
76.20
76.20
76.20
76.20
76.20
76.20
76.20
152.40
76.20
76.20
152.40
76.20
76.20
76.20
101.60
152.40
76.20
76.20
76.20
76.20
76.20
152.40
76.20
152.40
76.20
76.20
76.20
76.20
152.40
76.20
76.20
76.20
76.20
76.20
152.40
76.20
76.20
76.20
152.40
76.20
76.20
76.20
76.20
76.20
76.20
76.20
76.20
152.40
152.40
76.20
101.60
76.20
76.20
76.20
101.60
152.40
76.20
76.20
76.20
152.40
152.40
76.20
76.20
76.20
76.20
76.20
76.20
76.20
76.20
152.40
76.20
76.20
76.20
76.20
76.20
76.20
76.20
76.20
76.20
152.40
76.20
152.40
76.20
76.20
76.20
76.20
76.20
101.60
76.20
76.20
101.60
76.20
76.20
152.40
76.20
76.20
152.40
76.20
76.20
76.20
76.20
76.20
76.20
76.20
76.20
76.20
76.20
76.20
152.40
76.20
76.20
76.20
152.40
152.40
76.20
76.20
76.20
76.20
76.20
76.20
76.20
76.20
76.20
76.20
76.20
76.20
76.20
76.20
76.20
76.20
76.20
76.20
152.40
76.20
76.20
76.20
152.40
76.20
76.20
76.20
76.20
152.40
76.20
76.20
76.20
152.40
76.20
76.20
152.40
76.20
101.60
152.40
152.40
152.40
152.40
76.20
76.20
152.40
152.40
76.20
76.20
76.20
76.20
76.20
76.20
76.20
76.20
76.20
76.20
76.20
76.20
76.20
76.20
76.20
76.20
152.40
101.60
76.20
76.20
76.20
76.20
152.40
76.20
76.20
76.20
76.20
152.40
76.20
76.20
76.20
152.40
101.60
76.20
76.20
152.40
76.20
76.20
76.20
76.20
152.40
152.40
76.20
152.40
76.20
76.20
76.20
76.20
76.20
152.40
152.40
76.20
76.20
76.20
76.20
76.20
152.40
152.40
76.20
76.20
76.20
76.20
152.40
152.40
76.20
76.20
76.20
152.40
76.20
76.20
152.40
76.20
76.20
76.20
76.20
152.40
76.20
76.20
76.20
76.20
76.20
76.20
76.20
152.40
76.20
76.20
76.20
152.40
101.60
76.20
152.40
152.40
76.20
76.20
76.20
76.20
76.20
76.20
101.60
76.20
76.20
76.20
76.20
76.20
76.20
76.20
76.20
76.20
76.20
76.20
152.40
76.20
76.20
76.20
101.60
76.20
76.20
76.20
76.20
76.20
76.20
152.40
76.20
76.20
76.20
76.20
76.20
76.20
76.20
76.20
152.40
76.20
76.20
76.20
76.20
76.20
152.40
152.40
76.20
76.20
76.20
76.20
76.20
76.20
76.20
152.40
76.20
76.20
76.20
76.20
76.20
76.20
76.20
76.20
76.20
76.20
76.20
76.20
76.20
152.40
76.20
76.20
101.60
152.40
152.40
76.20
76.20
152.40
76.20
76.20
76.20
76.20
152.40
76.20
76.20
76.20
152.40
76.20
76.20
76.20
76.20
76.20
76.20
152.40
76.20
152.40
76.20
76.20
76.20
76.20
76.20
76.20
152.40
76.20
76.20
76.20
76.20
76.20
152.40
76.20
76.20
76.20
152.40
152.40
76.20
76.20
76.20
76.20
76.20
76.20
76.20
152.40
76.20
76.20
76.20
76.20
152.40
76.20
76.20
152.40
76.20
101.60
76.20
76.20
203.20
76.20
203.20
203.20
76.20
76.20
76.20
76.20
76.20
76.20
76.20
152.40
76.20
76.20
76.20
76.20
76.20
76.20
76.20
101.60
152.40
76.20
76.20
76.20
152.40
76.20
152.40
76.20
76.20
76.20
76.20
76.20
76.20
76.20
152.40
76.20
76.20
76.20
76.20
76.20
76.20
76.20
152.40
76.20
76.20
152.40
101.60
152.40
152.40
152.40
76.20
76.20
76.20
76.20
76.20
101.60
76.20
76.20
76.20
76.20
76.20
76.20
76.20
152.40
76.20
76.20
76.20
76.20
76.20
76.20
76.20
76.20
76.20
76.20
76.20
76.20
76.20
76.20
76.20
76.20
76.20
152.40
76.20
76.20
152.40
152.40
152.40
152.40
76.20
76.20
76.20
152.40
152.40
76.20
101.60
152.40
152.40
152.40
76.20
76.20
76.20
76.20
152.40
152.40
76.20
76.20
76.20
152.40
76.20
152.40
76.20
76.20
76.20
76.20
76.20
152.40
76.20
76.20
76.20
76.20
101.60
152.40
76.20
76.20
76.20
152.40
152.40
152.40
76.20
76.20
76.20
152.40
152.40
76.20
76.20
76.20
76.20
152.40
76.20
76.20
76.20
76.20
152.40
76.20
76.20
76.20
152.40
76.20
152.40
76.20
101.60
76.20
76.20
76.20
152.40
76.20
152.40
76.20
76.20
152.40
152.40
76.20
152.40
76.20
152.40
152.40
76.20
76.20
76.20
76.20
152.40
152.40
76.20
152.40
76.20
152.40
76.20
76.20
152.40
152.40
152.40
152.40
152.40
76.20
76.20
76.20
152.40
76.20
76.20
76.20
152.40
152.40
76.20
76.20
152.40
152.40
76.20
76.20
76.20
76.20
76.20
76.20
152.40
76.20
76.20
152.40
76.20
76.20
76.20
152.40
152.40
76.20
76.20
152.40
101.60
76.20
76.20
152.40
152.40
152.40
76.20
152.40
76.20
76.20
152.40
152.40
152.40
76.20
76.20
76.20
76.20
152.40
152.40
76.20
152.40
76.20
152.40
152.40
76.20
152.40
76.20
76.20
76.20
76.20
76.20
152.40
76.20
76.20
76.20
76.20
76.20
76.20
152.40
76.20
76.20
152.40
76.20
76.20
76.20
152.40
76.20
152.40
152.40
152.40
76.20
76.20
152.40
76.20
76.20
76.20
152.40
76.20
152.40
76.20
76.20
76.20
76.20
76.20
76.20
76.20
152.40
76.20
152.40
76.20
76.20
152.40
76.20
76.20
152.40
76.20
76.20
76.20
76.20
152.40
76.20
152.40
152.40
76.20
76.20
76.20
76.20
76.20
152.40
152.40
152.40
76.20
76.20
152.40
152.40
76.20
152.40
76.20
76.20
76.20
76.20
76.20
76.20
76.20
152.40
76.20
76.20
76.20
76.20
152.40
152.40
152.40
152.40
76.20
152.40
152.40
76.20
152.40
76.20
152.40
76.20
76.20
152.40
152.40
76.20
152.40
152.40
76.20
76.20
76.20
152.40
152.40
76.20
152.40
152.40
76.20
152.40
76.20
76.20
76.20
76.20
76.20
76.20
152.40
76.20
76.20
76.20
76.20
152.40
76.20
152.40
76.20
152.40
76.20
76.20
76.20
76.20
152.40
76.20
76.20
152.40
152.40
152.40
76.20
76.20
152.40
152.40
76.20
152.40
76.20
152.40
76.20
152.40
152.40
152.40
152.40
76.20
76.20
152.40
76.20
152.40
76.20
76.20
76.20
76.20
76.20
76.20
152.40
76.20
152.40
76.20
76.20
152.40
76.20
76.20
76.20
152.40
76.20
152.40
152.40
152.40
76.20
76.20
152.40
76.20
76.20
152.40
76.20
76.20
76.20
152.40
76.20
152.40
152.40
76.20
76.20
76.20
76.20
152.40
101.60
152.40
152.40
76.20
76.20
152.40
152.40
76.20
152.40
76.20
152.40
152.40
76.20
152.40
76.20
76.20
76.20
76.20
152.40
152.40
76.20
76.20
76.20
152.40
76.20
152.40
76.20
152.40
152.40
76.20
76.20
76.20
152.40
101.60
76.20
152.40
152.40
76.20
76.20
76.20
76.20
76.20
152.40
76.20
76.20
152.40
76.20
76.20
76.20
76.20
152.40
76.20
76.20
76.20
76.20
76.20
76.20
76.20
76.20
152.40
76.20
76.20
76.20
76.20
76.20
76.20
76.20
76.20
76.20
76.20
152.40
76.20
76.20
76.20
152.40
76.20
76.20
76.20
152.40
76.20
152.40
76.20
76.20
152.40
152.40
76.20
152.40
152.40
152.40
152.40
76.20
152.40
76.20
76.20
152.40
76.20
76.20
152.40
152.40
152.40
152.40
76.20
76.20
152.40
152.40
76.20
152.40
76.20
76.20
76.20
152.40
76.20
76.20
76.20
76.20
76.20
152.40
76.20
152.40
152.40
76.20
76.20
152.40
76.20
152.40
76.20
76.20
152.40
152.40
76.20
152.40
76.20
152.40
76.20
76.20
152.40
76.20
101.60
76.20
76.20
76.20
152.40
76.20
76.20
76.20
152.40
152.40
76.20
152.40
76.20
76.20
76.20
76.20
152.40
76.20
152.40
76.20
76.20
76.20
152.40
152.40
152.40
152.40
152.40
76.20
152.40
76.20
152.40
76.20
76.20
152.40
76.20
152.40
76.20
152.40
152.40
76.20
76.20
76.20
76.20
152.40
152.40
76.20
152.40
76.20
76.20
152.40
76.20
152.40
76.20
76.20
76.20
152.40
76.20
152.40
76.20
76.20
76.20
76.20
152.40
152.40
76.20
152.40
152.40
76.20
76.20
152.40
152.40
76.20
76.20
152.40
76.20
152.40
76.20
76.20
152.40
76.20
76.20
76.20
152.40
76.20
76.20
152.40
76.20
76.20
76.20
152.40
152.40
76.20
76.20
76.20
76.20
76.20
76.20
76.20
152.40
152.40
76.20
76.20
76.20
76.20
152.40
76.20
76.20
76.20
152.40
76.20
76.20
76.20
152.40
76.20
76.20
76.20
76.20
152.40
152.40
152.40
76.20
76.20
76.20
152.40
76.20
76.20
76.20
152.40
76.20
76.20
76.20
152.40
152.40
76.20
76.20
152.40
76.20
152.40
76.20
76.20
76.20
152.40
76.20
76.20
152.40
152.40
76.20
76.20
152.40
152.40
76.20
152.40
76.20
152.40
152.40
76.20
76.20
76.20
152.40
76.20
76.20
152.40
152.40
76.20
76.20
76.20
152.40
76.20
76.20
76.20
152.40
76.20
152.40
76.20
76.20
76.20
76.20
76.20
76.20
76.20
76.20
152.40
76.20
76.20
76.20
76.20
152.40
152.40
76.20
101.60
76.20
152.40
76.20
76.20
203.20
76.20
76.20
76.20
76.20
76.20
152.40
76.20
152.40
76.20
152.40
76.20
76.20
76.20
76.20
76.20
76.20
101.60
152.40
152.40
152.40
76.20
152.40
76.20
152.40
152.40
76.20
76.20
76.20
152.40
76.20
76.20
152.40
152.40
152.40
76.20
76.20
76.20
76.20
76.20
152.40
152.40
76.20
76.20
152.40
152.40
152.40
76.20
76.20
152.40
152.40
152.40
152.40
76.20
76.20
76.20
76.20
152.40
76.20
76.20
76.20
76.20
76.20
152.40
76.20
152.40
152.40
152.40
152.40
152.40
152.40
152.40
152.40
76.20
152.40
152.40
76.20
76.20
152.40
76.20
76.20
76.20
152.40
152.40
152.40
76.20
76.20
76.20
76.20
76.20
152.40
76.20
152.40
152.40
76.20
152.40
76.20
76.20
152.40
152.40
76.20
152.40
152.40
152.40
76.20
152.40
76.20
76.20
76.20
152.40
152.40
152.40
76.20
76.20
152.40
152.40
76.20
76.20
152.40
76.20
76.20
76.20
76.20
76.20
76.20
76.20
76.20
152.40
76.20
76.20
152.40
152.40
152.40
76.20
76.20
152.40
76.20
152.40
76.20
152.40
76.20
76.20
152.40
152.40
76.20
152.40
152.40
152.40
76.20
76.20
76.20
76.20
76.20
152.40
76.20
76.20
152.40
152.40
76.20
76.20
76.20
152.40
76.20
152.40
76.20
152.40
76.20
76.20
76.20
152.40
152.40
76.20
152.40
152.40
76.20
76.20
76.20
76.20
76.20
76.20
152.40
152.40
152.40
152.40
152.40
76.20
76.20
152.40
152.40
152.40
152.40
152.40
76.20
152.40
76.20
76.20
76.20
76.20
76.20
76.20
152.40
152.40
152.40
152.40
152.40
152.40
76.20
152.40
76.20
76.20
76.20
152.40
76.20
76.20
76.20
152.40
76.20
152.40
76.20
76.20
152.40
76.20
76.20
76.20
76.20
152.40
76.20
152.40
76.20
76.20
76.20
76.20
76.20
152.40
76.20
76.20
76.20
76.20
152.40
76.20
152.40
152.40
152.40
152.40
152.40
76.20
76.20
76.20
152.40
76.20
152.40
152.40
152.40
152.40
152.40
152.40
152.40
152.40
76.20
152.40
152.40
76.20
152.40
152.40
76.20
76.20
152.40
152.40
76.20
76.20
152.40
152.40
152.40
76.20
76.20
76.20
76.20
76.20
76.20
152.40
152.40
76.20
152.40
76.20
76.20
76.20
76.20
76.20
152.40
76.20
152.40
152.40
76.20
152.40
76.20
76.20
76.20
152.40
76.20
152.40
152.40
152.40
76.20
152.40
76.20
152.40
152.40
76.20
76.20
76.20
152.40
152.40
152.40
76.20
152.40
76.20
76.20
76.20
76.20
152.40
152.40
152.40
152.40
152.40
76.20
76.20
152.40
152.40
76.20
152.40
152.40
76.20
152.40
76.20
76.20
152.40
152.40
152.40
152.40
76.20
76.20
76.20
76.20
76.20
152.40
76.20
152.40
76.20
152.40
152.40
76.20
76.20
152.40
76.20
76.20
76.20
152.40
76.20
152.40
76.20
76.20
76.20
76.20
76.20
152.40
152.40
152.40
152.40
76.20
152.40
76.20
76.20
76.20
152.40
152.40
76.20
76.20
76.20
76.20
152.40
76.20
152.40
76.20
76.20
76.20
76.20
76.20
76.20
152.40
76.20
76.20
76.20
76.20
152.40
152.40
76.20
76.20
152.40
152.40
76.20
76.20
76.20
152.40
152.40
152.40
152.40
152.40
76.20
152.40
152.40
76.20
76.20
152.40
152.40
152.40
76.20
76.20
76.20
76.20
152.40
76.20
152.40
152.40
152.40
76.20
152.40
152.40
76.20
76.20
76.20
152.40
152.40
76.20
152.40
76.20
76.20
76.20
152.40
76.20
76.20
152.40
76.20
76.20
76.20
152.40
152.40
76.20
76.20
152.40
152.40
76.20
152.40
76.20
152.40
152.40
152.40
152.40
152.40
76.20
76.20
76.20
152.40
76.20
152.40
76.20
152.40
76.20
76.20
76.20
152.40
152.40
76.20
76.20
76.20
76.20
152.40
152.40
152.40
76.20
152.40
152.40
152.40
76.20
76.20
76.20
76.20
152.40
152.40
152.40
76.20
152.40
152.40
76.20
76.20
152.40
76.20
152.40
76.20
76.20
152.40
76.20
152.40
152.40
152.40
152.40
152.40
76.20
152.40
152.40
76.20
76.20
152.40
152.40
152.40
76.20
76.20
152.40
152.40
152.40
76.20
76.20
152.40
152.40
152.40
76.20
76.20
152.40
76.20
76.20
152.40
76.20
76.20
76.20
152.40
152.40
152.40
152.40
76.20
152.40
152.40
76.20
76.20
76.20
152.40
76.20
152.40
152.40
152.40
152.40
152.40
76.20
152.40
152.40
152.40
152.40
152.40
152.40
152.40
152.40
76.20
152.40
76.20
76.20
76.20
152.40
76.20
152.40
152.40
152.40
76.20
76.20
152.40
152.40
152.40
152.40
76.20
152.40
152.40
152.40
152.40
76.20
76.20
152.40
152.40
76.20
76.20
76.20
152.40
76.20
76.20
76.20
76.20
76.20
76.20
76.20
76.20
152.40
76.20
76.20
152.40
152.40
76.20
76.20
152.40
76.20
152.40
76.20
76.20
152.40
76.20
152.40
76.20
152.40
76.20
76.20
152.40
152.40
76.20
76.20
76.20
76.20
152.40
152.40
152.40
76.20
152.40
152.40
76.20
76.20
76.20
152.40
76.20
76.20
76.20
76.20
152.40
152.40
76.20
76.20
152.40
76.20
152.40
76.20
152.40
76.20
76.20
152.40
152.40
76.20
76.20
152.40
76.20
76.20
152.40
152.40
152.40
76.20
76.20
152.40
152.40
76.20
152.40
152.40
152.40
76.20
76.20
76.20
152.40
76.20
152.40
152.40
152.40
152.40
152.40
152.40
76.20
76.20
152.40
76.20
76.20
152.40
152.40
152.40
76.20
152.40
76.20
76.20
76.20
76.20
152.40
152.40
76.20
76.20
152.40
152.40
76.20
76.20
76.20
76.20
76.20
76.20
76.20
152.40
76.20
76.20
152.40
76.20
76.20
76.20
152.40
152.40
152.40
76.20
152.40
76.20
152.40
76.20
76.20
152.40
76.20
76.20
152.40
152.40
152.40
76.20
152.40
76.20
152.40
152.40
152.40
76.20
76.20
152.40
76.20
76.20
152.40
76.20
152.40
152.40
152.40
152.40
152.40
152.40
152.40
76.20
152.40
76.20
76.20
76.20
152.40
152.40
76.20
152.40
76.20
152.40
76.20
152.40
152.40
76.20
76.20
152.40
76.20
152.40
152.40
152.40
152.40
152.40
152.40
76.20
76.20
152.40
76.20
76.20
76.20
76.20
152.40
152.40
152.40
152.40
152.40
152.40
76.20
152.40
152.40
76.20
152.40
76.20
76.20
76.20
152.40
152.40
152.40
76.20
76.20
76.20
152.40
152.40
152.40
76.20
76.20
76.20
76.20
76.20
76.20
152.40
152.40
76.20
152.40
76.20
76.20
76.20
152.40
152.40
152.40
76.20
76.20
76.20
76.20
76.20
76.20
76.20
152.40
152.40
76.20
152.40
76.20
152.40
152.40
152.40
152.40
152.40
76.20
76.20
152.40
152.40
76.20
76.20
152.40
76.20
76.20
76.20
152.40
152.40
76.20
152.40
152.40
76.20
76.20
76.20
152.40
76.20
152.40
76.20
76.20
152.40
152.40
152.40
152.40
152.40
152.40
152.40
152.40
152.40
76.20
76.20
76.20
76.20
76.20
76.20
76.20
152.40
152.40
76.20
152.40
152.40
152.40
152.40
152.40
152.40
76.20
152.40
152.40
152.40
152.40
152.40
76.20
152.40
76.20
152.40
76.20
152.40
76.20
76.20
152.40
152.40
152.40
152.40
152.40
152.40
152.40
152.40
76.20
152.40
152.40
152.40
152.40
152.40
152.40
152.40
152.40
76.20
76.20
76.20
152.40
152.40
76.20
76.20
152.40
152.40
152.40
152.40
76.20
76.20
152.40
152.40
76.20
152.40
152.40
76.20
76.20
152.40
152.40
152.40
76.20
76.20
152.40
152.40
76.20
76.20
76.20
76.20
152.40
152.40
76.20
76.20
76.20
76.20
152.40
152.40
76.20
76.20
76.20
152.40
152.40
152.40
76.20
76.20
152.40
152.40
152.40
76.20
76.20
152.40
76.20
76.20
152.40
76.20
152.40
76.20
76.20
76.20
76.20
152.40
76.20
76.20
76.20
152.40
152.40
152.40
152.40
76.20
152.40
76.20
76.20
152.40
152.40
76.20
76.20
152.40
152.40
76.20
152.40
76.20
152.40
152.40
152.40
76.20
76.20
76.20
152.40
152.40
76.20
76.20
152.40
152.40
76.20
76.20
152.40
76.20
152.40
76.20
76.20
152.40
152.40
76.20
152.40
76.20
76.20
76.20
76.20
152.40
76.20
76.20
76.20
76.20
76.20
76.20
152.40
152.40
152.40
152.40
152.40
152.40
152.40
152.40
76.20
152.40
152.40
76.20
152.40
152.40
152.40
76.20
152.40
76.20
152.40
76.20
152.40
76.20
152.40
152.40
152.40
76.20
76.20
152.40
152.40
76.20
152.40
152.40
76.20
152.40
76.20
76.20
152.40
152.40
152.40
76.20
76.20
152.40
152.40
76.20
152.40
76.20
76.20
152.40
76.20
152.40
76.20
152.40
152.40
76.20
152.40
152.40
152.40
76.20
152.40
76.20
152.40
76.20
152.40
76.20
152.40
76.20
76.20
152.40
76.20
152.40
76.20
76.20
76.20
152.40
152.40
76.20
76.20
76.20
76.20
152.40
76.20
76.20
76.20
76.20
76.20
76.20
76.20
76.20
152.40
152.40
76.20
76.20
152.40
76.20
76.20
76.20
76.20
152.40
76.20
76.20
76.20
152.40
76.20
152.40
152.40
76.20
76.20
76.20
152.40
152.40
76.20
76.20
76.20
152.40
152.40
152.40
76.20
76.20
76.20
76.20
76.20
152.40
76.20
152.40
152.40
152.40
76.20
76.20
76.20
76.20
76.20
152.40
152.40
76.20
76.20
76.20
152.40
152.40
76.20
152.40
152.40
76.20
152.40
152.40
76.20
76.20
76.20
152.40
76.20
76.20
76.20
152.40
76.20
76.20
152.40
152.40
76.20
76.20
76.20
76.20
76.20
152.40
76.20
152.40
152.40
152.40
76.20
152.40
152.40
152.40
76.20
152.40
152.40
76.20
76.20
76.20
76.20
152.40
76.20
76.20
152.40
152.40
152.40
76.20
76.20
152.40
152.40
152.40
152.40
152.40
76.20
76.20
152.40
76.20
152.40
152.40
76.20
76.20
152.40
76.20
152.40
76.20
152.40
152.40
76.20
152.40
152.40
152.40
76.20
76.20
76.20
152.40
152.40
76.20
152.40
76.20
76.20
152.40
76.20
152.40
76.20
76.20
152.40
152.40
152.40
76.20
76.20
152.40
76.20
76.20
76.20
152.40
76.20
152.40
152.40
152.40
152.40
76.20
152.40
152.40
152.40
76.20
152.40
76.20
76.20
152.40
152.40
152.40
152.40
76.20
76.20
152.40
152.40
76.20
152.40
152.40
76.20
76.20
76.20
76.20
152.40
152.40
152.40
76.20
152.40
152.40
152.40
76.20
152.40
76.20
76.20
152.40
152.40
152.40
152.40
152.40
152.40
76.20
152.40
76.20
152.40
76.20
76.20
152.40
76.20
152.40
152.40
152.40
76.20
152.40
76.20
152.40
76.20
76.20
76.20
76.20
152.40
76.20
152.40
152.40
152.40
152.40
152.40
76.20
76.20
76.20
76.20
152.40
76.20
76.20
152.40
76.20
152.40
76.20
76.20
76.20
76.20
76.20
152.40
152.40
76.20
152.40
152.40
152.40
76.20
76.20
152.40
76.20
76.20
152.40
152.40
152.40
152.40
76.20
76.20
76.20
152.40
76.20
152.40
76.20
76.20
76.20
76.20
152.40
76.20
152.40
76.20
152.40
152.40
76.20
152.40
152.40
152.40
152.40
152.40
152.40
76.20
152.40
152.40
152.40
76.20
152.40
76.20
76.20
152.40
76.20
152.40
76.20
152.40
76.20
76.20
152.40
152.40
152.40
76.20
152.40
152.40
152.40
76.20
76.20
76.20
76.20
152.40
76.20
76.20
76.20
76.20
152.40
76.20
152.40
76.20
152.40
152.40
152.40
76.20
76.20
76.20
152.40
152.40
152.40
76.20
152.40
76.20
76.20
76.20
152.40
76.20
76.20
76.20
152.40
152.40
76.20
76.20
76.20
152.40
76.20
152.40
76.20
76.20
152.40
152.40
76.20
76.20
76.20
152.40
152.40
152.40
76.20
152.40
152.40
152.40
76.20
76.20
76.20
76.20
152.40
152.40
152.40
76.20
152.40
152.40
152.40
76.20
76.20
152.40
152.40
76.20
152.40
76.20
76.20
152.40
152.40
152.40
76.20
76.20
76.20
152.40
152.40
76.20
76.20
76.20
152.40
76.20
76.20
76.20
76.20
76.20
152.40
76.20
76.20
152.40
76.20
152.40
152.40
152.40
152.40
76.20
152.40
152.40
76.20
152.40
762.00
76.20
152.40
152.40
152.40
76.20
76.20
76.20
152.40
76.20
152.40
76.20
152.40
152.40
152.40
76.20
152.40
152.40
152.40
152.40
76.20
76.20
152.40
76.20
76.20
152.40
76.20
152.40
152.40
76.20
76.20
76.20
76.20
76.20
152.40
76.20
76.20
76.20
152.40
152.40
76.20
76.20
152.40
152.40
76.20
152.40
152.40
152.40
76.20
152.40
152.40
152.40
152.40
76.20
76.20
76.20
152.40
152.40
76.20
76.20
152.40
76.20
76.20
76.20
152.40
76.20
152.40
152.40
152.40
152.40
152.40
76.20
76.20
76.20
152.40
152.40
76.20
152.40
76.20
152.40
76.20
76.20
152.40
76.20
152.40
76.20
76.20
152.40
76.20
152.40
76.20
152.40
152.40
76.20
152.40
152.40
152.40
152.40
76.20
76.20
152.40
152.40
76.20
152.40
152.40
152.40
152.40
152.40
152.40
76.20
152.40
152.40
76.20
152.40
76.20
76.20
76.20
76.20
152.40
76.20
76.20
76.20
76.20
76.20
152.40
76.20
76.20
152.40
76.20
76.20
152.40
76.20
76.20
76.20
152.40
152.40
152.40
152.40
152.40
76.20
152.40
76.20
152.40
76.20
76.20
152.40
76.20
152.40
152.40
76.20
152.40
76.20
152.40
76.20
76.20
76.20
152.40
152.40
76.20
76.20
152.40
76.20
76.20
152.40
152.40
152.40
76.20
152.40
76.20
152.40
152.40
152.40
76.20
152.40
152.40
76.20
76.20
152.40
152.40
76.20
152.40
152.40
76.20
152.40
152.40
152.40
152.40
76.20
76.20
152.40
76.20
76.20
152.40
152.40
152.40
152.40
76.20
76.20
76.20
76.20
152.40
76.20
152.40
76.20
76.20
76.20
76.20
152.40
76.20
152.40
76.20
152.40
152.40
76.20
152.40
76.20
152.40
152.40
152.40
152.40
152.40
152.40
152.40
76.20
152.40
76.20
152.40
152.40
76.20
152.40
76.20
76.20
152.40
152.40
152.40
152.40
152.40
152.40
152.40
152.40
152.40
152.40
76.20
76.20
76.20
152.40
152.40
152.40
76.20
152.40
152.40
76.20
76.20
152.40
152.40
152.40
152.40
76.20
152.40
152.40
76.20
152.40
152.40
152.40
76.20
152.40
152.40
152.40
152.40
76.20
152.40
76.20
76.20
76.20
76.20
152.40
76.20
76.20
76.20
76.20
152.40
76.20
76.20
152.40
152.40
76.20
76.20
152.40
76.20
152.40
152.40
152.40
76.20
152.40
152.40
152.40
76.20
76.20
76.20
76.20
76.20
152.40
76.20
152.40
152.40
152.40
76.20
76.20
76.20
152.40
152.40
76.20
76.20
76.20
76.20
152.40
152.40
76.20
76.20
152.40
152.40
152.40
152.40
152.40
76.20
152.40
76.20
76.20
76.20
152.40
152.40
76.20
152.40
152.40
76.20
152.40
76.20
152.40
152.40
76.20
152.40
152.40
76.20
76.20
152.40
76.20
76.20
76.20
152.40
152.40
76.20
76.20
76.20
152.40
76.20
76.20
152.40
76.20
76.20
76.20
152.40
76.20
152.40
76.20
76.20
76.20
76.20
152.40
76.20
76.20
152.40
76.20
152.40
152.40
76.20
152.40
152.40
76.20
152.40
152.40
76.20
76.20
152.40
76.20
76.20
152.40
76.20
76.20
152.40
76.20
76.20
152.40
152.40
76.20
152.40
152.40
76.20
152.40
152.40
152.40
76.20
76.20
76.20
76.20
76.20
76.20
152.40
76.20
76.20
76.20
152.40
152.40
152.40
76.20
76.20
76.20
76.20
152.40
152.40
152.40
152.40
152.40
76.20
152.40
152.40
152.40
76.20
76.20
76.20
152.40
152.40
152.40
152.40
152.40
76.20
76.20
76.20
152.40
152.40
76.20
152.40
76.20
152.40
76.20
152.40
76.20
152.40
76.20
152.40
76.20
152.40
76.20
152.40
76.20
152.40
152.40
76.20
152.40
152.40
152.40
152.40
152.40
152.40
152.40
152.40
76.20
152.40
152.40
76.20
152.40
76.20
76.20
152.40
76.20
76.20
152.40
152.40
76.20
152.40
76.20
76.20
152.40
76.20
152.40
76.20
76.20
152.40
76.20
76.20
152.40
152.40
76.20
152.40
76.20
152.40
152.40
152.40
76.20
76.20
76.20
76.20
152.40
152.40
152.40
152.40
152.40
76.20
152.40
152.40
76.20
76.20
152.40
152.40
76.20
76.20
76.20
152.40
76.20
152.40
76.20
152.40
76.20
76.20
76.20
76.20
152.40
152.40
152.40
76.20
152.40
152.40
152.40
152.40
76.20
76.20
152.40
76.20
76.20
152.40
76.20
76.20
76.20
76.20
152.40
152.40
152.40
152.40
152.40
76.20
76.20
76.20
152.40
76.20
76.20
152.40
76.20
76.20
76.20
76.20
76.20
152.40
76.20
76.20
152.40
152.40
76.20
76.20
152.40
152.40
254.00
76.20
152.40
152.40
152.40
152.40
152.40
76.20
152.40
76.20
406.40
76.20
152.40
76.20
76.20
76.20
152.40
76.20
609.60
76.20
76.20
152.40
203.20
152.40
508.00
152.40
203.20
152.40
76.20
152.40
508.00
76.20
152.40
76.20
76.20
152.40
152.40
152.40
76.20
152.40
76.20
76.20
76.20
203.20
152.40
76.20
76.20
203.20
76.20
76.20
457.20
406.40
76.20
152.40
254.00
152.40
254.00
152.40
152.40
76.20
152.40
76.20
152.40
76.20
76.20
152.40
76.20
254.00
152.40
609.60
152.40
76.20
76.20
152.40
152.40
152.40
76.20
152.40
152.40
76.20
76.20
76.20
152.40
101.60
152.40
457.20
152.40
76.20
152.40
152.40
152.40
152.40
76.20
76.20
76.20
152.40
152.40
76.20
609.60
152.40
152.40
152.40
76.20
76.20
76.20
152.40
76.20
152.40
152.40
152.40
76.20
76.20
152.40
152.40
76.20
76.20
76.20
76.20
76.20
152.40
76.20
76.20
152.40
152.40
76.20
152.40
152.40
76.20
152.40
76.20
76.20
152.40
152.40
152.40
152.40
76.20
76.20
152.40
152.40
152.40
76.20
152.40
76.20
152.40
76.20
76.20
152.40
152.40
152.40
76.20
152.40
76.20
152.40
152.40
76.20
76.20
152.40
76.20
152.40
152.40
152.40
76.20
76.20
152.40
152.40
152.40
76.20
152.40
152.40
152.40
76.20
76.20
76.20
76.20
76.20
76.20
76.20
152.40
152.40
152.40
152.40
152.40
152.40
76.20
152.40
152.40
152.40
152.40
76.20
76.20
152.40
76.20
152.40
76.20
76.20
152.40
152.40
76.20
152.40
76.20
152.40
152.40
152.40
152.40
152.40
152.40
152.40
152.40
76.20
152.40
152.40
152.40
152.40
76.20
76.20
76.20
152.40
76.20
152.40
76.20
152.40
76.20
76.20
76.20
76.20
152.40
76.20
152.40
76.20
76.20
76.20
76.20
152.40
76.20
76.20
152.40
152.40
152.40
152.40
76.20
152.40
76.20
152.40
76.20
76.20
76.20
76.20
76.20
152.40
76.20
152.40
152.40
76.20
152.40
76.20
76.20
76.20
76.20
76.20
76.20
152.40
76.20
152.40
76.20
152.40
76.20
76.20
76.20
76.20
76.20
152.40
152.40
76.20
76.20
76.20
152.40
76.20
152.40
76.20
76.20
152.40
76.20
76.20
76.20
152.40
76.20
76.20
152.40
152.40
152.40
152.40
152.40
152.40
76.20
152.40
76.20
152.40
152.40
76.20
76.20
152.40
304.80
76.20
152.40
101.60
152.40
76.20
76.20
152.40
152.40
76.20
152.40
152.40
152.40
152.40
203.20
76.20
304.80
152.40
152.40
76.20
101.60
152.40
152.40
76.20
406.40
76.20
152.40
152.40
152.40
762.00
152.40
76.20
76.20
609.60
76.20
152.40
76.20
76.20
152.40
406.40
76.20
76.20
76.20
203.20
152.40
304.80
76.20
152.40
609.60
152.40
76.20
152.40
152.40
152.40
152.40
152.40
152.40
76.20
76.20
76.20
152.40
457.20
152.40
152.40
152.40
76.20
152.40
76.20
76.20
76.20
152.40
609.60
355.60
76.20
254.00
152.40
152.40
76.20
152.40
152.40
152.40
76.20
152.40
76.20
152.40
76.20
76.20
254.00
152.40
304.80
76.20
152.40
152.40
76.20
152.40
76.20
152.40
76.20
101.60
152.40
76.20
152.40
152.40
152.40
152.40
76.20
152.40
76.20
152.40
76.20
152.40
152.40
152.40
76.20
152.40
152.40
76.20
457.20
457.20
152.40
152.40
152.40
457.20
76.20
914.40
76.20
76.20
152.40
76.20
76.20
152.40
76.20
101.60
76.20
76.20
152.40
101.60
76.20
914.40
152.40
457.20
762.00
152.40
76.20
152.40
76.20
508.00
76.20
152.40
762.00
76.20
152.40
76.20
152.40
76.20
76.20
76.20
76.20
152.40
762.00
152.40
76.20
152.40
152.40
152.40
76.20
76.20
152.40
76.20
152.40
101.60
76.20
152.40
152.40
76.20
76.20
457.20
152.40
152.40
152.40
355.60
76.20
76.20
762.00
152.40
152.40
152.40
76.20
355.60
76.20
914.40
152.40
152.40
76.20
254.00
152.40
609.60
76.20
152.40
76.20
152.40
203.20
152.40
152.40
76.20
76.20
76.20
76.20
914.40
76.20
304.80
152.40
76.20
76.20
152.40
152.40
76.20
304.80
152.40
457.20
76.20
76.20
76.20
152.40
152.40
152.40
76.20
76.20
152.40
76.20
76.20
76.20
152.40
76.20
76.20
76.20
152.40
76.20
76.20
76.20
76.20
152.40
76.20
203.20
152.40
76.20
76.20
76.20
76.20
609.60
76.20
152.40
152.40
152.40
76.20
76.20
76.20
355.60
76.20
76.20
76.20
152.40
76.20
76.20
152.40
76.20
152.40
304.80
76.20
152.40
152.40
76.20
152.40
76.20
152.40
152.40
76.20
76.20
152.40
254.00
76.20
76.20
254.00
76.20
152.40
457.20
76.20
152.40
76.20
152.40
76.20
76.20
152.40
76.20
152.40
76.20
76.20
152.40
76.20
76.20
76.20
76.20
152.40
152.40
76.20
152.40
152.40
76.20
152.40
152.40
152.40
76.20
254.00
76.20
355.60
76.20
609.60
76.20
152.40
355.60
152.40
152.40
152.40
152.40
76.20
152.40
76.20
76.20
355.60
152.40
76.20
76.20
76.20
76.20
76.20
152.40
76.20
152.40
76.20
152.40
152.40
76.20
76.20
76.20
76.20
76.20
76.20
76.20
76.20
152.40
76.20
76.20
76.20
76.20
101.60
304.80
152.40
76.20
254.00
254.00
152.40
152.40
152.40
76.20
406.40
152.40
152.40
76.20
76.20
152.40
152.40
101.60
152.40
152.40
76.20
76.20
101.60
457.20
152.40
406.40
76.20
76.20
76.20
76.20
609.60
152.40
457.20
76.20
152.40
152.40
76.20
203.20
76.20
152.40
406.40
254.00
152.40
152.40
76.20
76.20
101.60
254.00
76.20
76.20
76.20
152.40
152.40
152.40
457.20
457.20
76.20
76.20
76.20
76.20
101.60
152.40
914.40
76.20
76.20
152.40
76.20
152.40
76.20
76.20
76.20
76.20
76.20
152.40
76.20
406.40
152.40
152.40
76.20
152.40
152.40
76.20
152.40
76.20
152.40
254.00
76.20
152.40
76.20
76.20
152.40
76.20
76.20
762.00
76.20
152.40
76.20
152.40
76.20
76.20
76.20
76.20
152.40
762.00
76.20
76.20
152.40
152.40
76.20
76.20
152.40
152.40
76.20
406.40
152.40
508.00
152.40
152.40
76.20
152.40
152.40
76.20
914.40
152.40
152.40
152.40
76.20
152.40
76.20
152.40
76.20
152.40
76.20
76.20
152.40
76.20
152.40
406.40
152.40
457.20
76.20
76.20
152.40
152.40
76.20
152.40
76.20
76.20
152.40
152.40
152.40
152.40
152.40
152.40
406.40
152.40
76.20
152.40
152.40
152.40
152.40
152.40
76.20
152.40
203.20
152.40
76.20
152.40
355.60
762.00
152.40
76.20
152.40
76.20
609.60
76.20
152.40
76.20
76.20
76.20
203.20
76.20
101.60
76.20
76.20
76.20
76.20
304.80
152.40
76.20
76.20
152.40
152.40
152.40
152.40
152.40
152.40
76.20
76.20
76.20
76.20
76.20
76.20
76.20
76.20
76.20
152.40
762.00
203.20
152.40
76.20
152.40
152.40
152.40
152.40
76.20
101.60
76.20
76.20
152.40
152.40
152.40
152.40
152.40
76.20
152.40
203.20
609.60
76.20
76.20
152.40
152.40
152.40
76.20
203.20
254.00
152.40
152.40
152.40
76.20
152.40
76.20
76.20
76.20
254.00
254.00
914.40
152.40
76.20
609.60
152.40
406.40
254.00
152.40
76.20
76.20
76.20
76.20
152.40
152.40
76.20
76.20
304.80
152.40
152.40
152.40
152.40
76.20
152.40
76.20
76.20
355.60
76.20
76.20
76.20
152.40
76.20
76.20
76.20
76.20
101.60
355.60
152.40
152.40
152.40
76.20
152.40
152.40
152.40
76.20
152.40
152.40
152.40
76.20
152.40
76.20
152.40
76.20
76.20
152.40
203.20
76.20
101.60
152.40
76.20
152.40
152.40
76.20
152.40
457.20
304.80
762.00
152.40
152.40
76.20
152.40
76.20
76.20
152.40
76.20
914.40
152.40
76.20
152.40
76.20
152.40
76.20
76.20
76.20
152.40
152.40
152.40
508.00
76.20
76.20
609.60
76.20
152.40
152.40
152.40
152.40
76.20
76.20
152.40
76.20
76.20
76.20
609.60
152.40
152.40
406.40
152.40
152.40
152.40
76.20
76.20
152.40
152.40
152.40
76.20
152.40
762.00
152.40
152.40
76.20
76.20
76.20
76.20
76.20
254.00
152.40
76.20
152.40
76.20
76.20
152.40
254.00
76.20
76.20
152.40
76.20
152.40
914.40
76.20
76.20
76.20
254.00
76.20
406.40
76.20
254.00
152.40
152.40
152.40
152.40
152.40
76.20
152.40
152.40
152.40
254.00
76.20
76.20
101.60
152.40
152.40
152.40
76.20
152.40
152.40
152.40
355.60
355.60
152.40
152.40
406.40
152.40
152.40
152.40
152.40
101.60
203.20
76.20
76.20
406.40
76.20
76.20
76.20
304.80
152.40
152.40
76.20
76.20
76.20
152.40
76.20
152.40
152.40
76.20
152.40
355.60
101.60
152.40
76.20
76.20
609.60
355.60
152.40
152.40
76.20
76.20
76.20
76.20
152.40
152.40
76.20
76.20
152.40
152.40
152.40
152.40
762.00
152.40
152.40
152.40
76.20
152.40
76.20
76.20
76.20
76.20
152.40
76.20
76.20
254.00
152.40
76.20
152.40
508.00
457.20
152.40
152.40
152.40
152.40
76.20
76.20
152.40
76.20
76.20
355.60
508.00
152.40
152.40
762.00
152.40
76.20
152.40
152.40
76.20
304.80
76.20
152.40
355.60
609.60
76.20
406.40
76.20
76.20
101.60
457.20
762.00
76.20
76.20
152.40
101.60
76.20
76.20
152.40
762.00
152.40
76.20
152.40
152.40
355.60
152.40
152.40
152.40
152.40
76.20
76.20
101.60
457.20
76.20
76.20
76.20
152.40
76.20
76.20
76.20
609.60
152.40
152.40
76.20
152.40
76.20
152.40
76.20
457.20
76.20
152.40
76.20
76.20
152.40
152.40
76.20
152.40
355.60
152.40
76.20
355.60
152.40
76.20
152.40
406.40
76.20
76.20
152.40
76.20
152.40
76.20
152.40
152.40
152.40
152.40
152.40
76.20
152.40
76.20
152.40
152.40
101.60
152.40
152.40
76.20
152.40
152.40
152.40
152.40
76.20
76.20
152.40
152.40
508.00
76.20
76.20
152.40
76.20
152.40
152.40
355.60
152.40
76.20
76.20
76.20
76.20
101.60
152.40
152.40
76.20
152.40
76.20
76.20
76.20
152.40
152.40
152.40
76.20
152.40
152.40
152.40
304.80
76.20
152.40
152.40
152.40
76.20
76.20
508.00
76.20
76.20
609.60
152.40
152.40
76.20
152.40
152.40
76.20
76.20
76.20
76.20
152.40
355.60
76.20
152.40
76.20
355.60
304.80
457.20
457.20
76.20
152.40
152.40
152.40
152.40
152.40
76.20
76.20
76.20
76.20
152.40
76.20
152.40
355.60
76.20
254.00
406.40
76.20
152.40
76.20
76.20
152.40
76.20
76.20
152.40
152.40
76.20
762.00
203.20
76.20
152.40
152.40
152.40
152.40
152.40
152.40
76.20
254.00
76.20
152.40
76.20
152.40
457.20
152.40
76.20
76.20
76.20
152.40
152.40
152.40
152.40
762.00
508.00
76.20
76.20
76.20
152.40
152.40
76.20
152.40
609.60
76.20
152.40
152.40
76.20
457.20
76.20
152.40
152.40
152.40
76.20
76.20
76.20
76.20
152.40
152.40
152.40
76.20
152.40
76.20
508.00
76.20
152.40
152.40
76.20
152.40
76.20
152.40
152.40
152.40
76.20
76.20
406.40
152.40
76.20
152.40
76.20
152.40
457.20
152.40
76.20
76.20
76.20
76.20
152.40
76.20
152.40
76.20
76.20
152.40
76.20
152.40
152.40
76.20
76.20
152.40
762.00
152.40
152.40
152.40
76.20
76.20
76.20
152.40
152.40
76.20
508.00
152.40
152.40
609.60
152.40
457.20
152.40
152.40
76.20
152.40
76.20
152.40
152.40
762.00
152.40
152.40
76.20
254.00
76.20
152.40
152.40
76.20
76.20
76.20
152.40
76.20
152.40
152.40
76.20
254.00
76.20
152.40
76.20
152.40
152.40
152.40
76.20
152.40
152.40
76.20
152.40
152.40
609.60
76.20
203.20
152.40
152.40
254.00
152.40
152.40
76.20
152.40
152.40
152.40
762.00
152.40
76.20
76.20
304.80
76.20
76.20
152.40
152.40
76.20
762.00
76.20
152.40
406.40
76.20
76.20
76.20
152.40
76.20
152.40
762.00
76.20
152.40
152.40
152.40
76.20
152.40
76.20
203.20
76.20
609.60
76.20
152.40
406.40
76.20
76.20
152.40
152.40
76.20
152.40
76.20
76.20
76.20
152.40
152.40
355.60
152.40
254.00
152.40
76.20
203.20
76.20
76.20
457.20
76.20
152.40
101.60
152.40
304.80
152.40
76.20
76.20
76.20
152.40
914.40
76.20
76.20
609.60
76.20
152.40
304.80
152.40
152.40
152.40
76.20
76.20
76.20
457.20
914.40
76.20
76.20
406.40
152.40
76.20
76.20
152.40
76.20
762.00
406.40
76.20
762.00
152.40
76.20
152.40
76.20
152.40
76.20
152.40
152.40
152.40
76.20
76.20
152.40
76.20
76.20
152.40
152.40
152.40
152.40
152.40
76.20
152.40
152.40
152.40
76.20
76.20
76.20
152.40
76.20
76.20
152.40
76.20
76.20
152.40
76.20
152.40
76.20
304.80
76.20
152.40
152.40
152.40
152.40
508.00
152.40
101.60
254.00
152.40
152.40
152.40
76.20
76.20
76.20
152.40
152.40
152.40
152.40
76.20
76.20
76.20
152.40
152.40
152.40
914.40
152.40
203.20
457.20
609.60
152.40
152.40
152.40
152.40
152.40
508.00
203.20
152.40
355.60
152.40
76.20
152.40
152.40
152.40
76.20
406.40
76.20
152.40
76.20
152.40
76.20
76.20
152.40
152.40
76.20
76.20
76.20
152.40
355.60
152.40
914.40
152.40
76.20
508.00
152.40
76.20
152.40
152.40
609.60
152.40
76.20
152.40
152.40
76.20
76.20
76.20
76.20
76.20
152.40
152.40
76.20
304.80
609.60
76.20
76.20
609.60
152.40
76.20
76.20
152.40
152.40
152.40
76.20
355.60
152.40
152.40
76.20
152.40
76.20
152.40
76.20
76.20
76.20
152.40
406.40
76.20
152.40
152.40
76.20
152.40
152.40
152.40
203.20
76.20
76.20
152.40
152.40
76.20
76.20
152.40
76.20
152.40
76.20
762.00
152.40
152.40
76.20
76.20
152.40
762.00
76.20
76.20
76.20
152.40
76.20
508.00
355.60
152.40
76.20
152.40
76.20
152.40
76.20
762.00
76.20
152.40
76.20
76.20
152.40
762.00
152.40
152.40
76.20
76.20
152.40
152.40
76.20
152.40
152.40
609.60
76.20
76.20
76.20
152.40
76.20
355.60
609.60
152.40
152.40
457.20
76.20
152.40
76.20
203.20
762.00
152.40
76.20
254.00
76.20
762.00
76.20
152.40
76.20
76.20
152.40
76.20
152.40
152.40
152.40
76.20
152.40
152.40
609.60
152.40
152.40
76.20
304.80
152.40
152.40
76.20
76.20
76.20
76.20
76.20
152.40
254.00
355.60
457.20
152.40
152.40
76.20
152.40
76.20
