42
11600.00
19800.00
7300.00
8300.00
8600.00
19100.00
9600.00
12500.00
9600.00
11200.00
14500.00
12200.00
24100.00
21100.00
15500.00
26400.00
31200.00
24000.00
14400.00
38400.00
26400.00
11600.00
19800.00
7300.00
8300.00
8600.00
19100.00
9600.00
12500.00
9600.00
11200.00
14500.00
12200.00
24100.00
21100.00
15500.00
26400.00
31200.00
24000.00
14400.00
38400.00
26400.00
96.00
96.00
96.00
96.00
84.00
84.00
84.00
60.00
48.00
72.00
96.00
120.00
120.00
120.00
132.00
48.00
72.00
60.00
72.00
48.00
60.00
96.00
96.00
96.00
96.00
84.00
84.00
60.00
60.00
48.00
72.00
96.00
120.00
120.00
120.00
120.00
48.00
72.00
60.00
72.00
48.00
60.00
60.00
84.00
84.00
132.00
60.00
84.00
60.00
156.00
36.00
36.00
96.00
60.00
120.00
192.00
36.00
60.00
60.00
36.00
168.00
36.00
36.00
120.00
36.00
84.00
168.00
36.00
180.00
60.00
132.00
144.00
36.00
144.00
168.00
156.00
60.00
168.00
60.00
84.00
180.00
48.00
180.00
120.00
204.00
168.00
180.00
48.00
36.00
60.00
60.00
108.00
156.00
36.00
180.00
36.00
156.00
132.00
156.00
36.00
36.00
60.00
60.00
96.00
180.00
36.00
60.00
36.00
132.00
60.00
144.00
144.00
36.00
48.00
144.00
96.00
156.00
96.00
60.00
108.00
204.00
132.00
168.00
192.00
84.00
48.00
36.00
120.00
60.00
204.00
144.00
96.00
84.00
36.00
120.00
132.00
36.00
96.00
168.00
72.00
144.00
96.00
108.00
192.00
60.00
60.00
156.00
156.00
120.00
60.00
204.00
120.00
144.00
36.00
144.00
96.00
144.00
144.00
72.00
72.00
180.00
120.00
60.00
60.00
84.00
48.00
156.00
132.00
132.00
180.00
84.00
156.00
72.00
144.00
144.00
144.00
204.00
168.00
180.00
108.00
120.00
108.00
120.00
156.00
36.00
144.00
60.00
120.00
156.00
108.00
96.00
84.00
72.00
120.00
144.00
72.00
180.00
60.00
96.00
60.00
204.00
168.00
156.00
84.00
84.00
84.00
96.00
72.00
48.00
132.00
156.00
204.00
144.00
204.00
120.00
156.00
72.00
60.00
60.00
132.00
204.00
72.00
60.00
144.00
84.00
72.00
168.00
48.00
156.00
36.00
36.00
192.00
84.00
132.00
144.00
180.00
120.00
72.00
84.00
72.00
168.00
108.00
204.00
156.00
72.00
168.00
156.00
48.00
180.00
48.00
156.00
108.00
120.00
48.00
168.00
48.00
168.00
84.00
48.00
192.00
36.00
96.00
72.00
156.00
132.00
48.00
144.00
180.00
144.00
84.00
72.00
48.00
60.00
180.00
180.00
168.00
156.00
144.00
192.00
156.00
120.00
84.00
180.00
144.00
132.00
156.00
60.00
72.00
108.00
192.00
60.00
108.00
96.00
180.00
192.00
192.00
192.00
96.00
132.00
72.00
48.00
84.00
180.00
60.00
60.00
36.00
144.00
180.00
168.00
144.00
108.00
36.00
204.00
72.00
60.00
192.00
84.00
192.00
108.00
144.00
108.00
84.00
168.00
96.00
156.00
144.00
192.00
132.00
156.00
168.00
84.00
96.00
84.00
192.00
84.00
120.00
60.00
168.00
192.00
204.00
144.00
108.00
84.00
84.00
120.00
144.00
156.00
108.00
48.00
84.00
144.00
48.00
84.00
96.00
48.00
168.00
108.00
144.00
96.00
132.00
108.00
192.00
144.00
108.00
144.00
168.00
60.00
120.00
60.00
156.00
108.00
168.00
96.00
192.00
48.00
192.00
144.00
108.00
96.00
192.00
204.00
144.00
204.00
192.00
156.00
96.00
84.00
84.00
48.00
36.00
180.00
168.00
108.00
96.00
204.00
180.00
48.00
48.00
96.00
84.00
132.00
156.00
84.00
96.00
144.00
192.00
48.00
192.00
144.00
84.00
84.00
84.00
132.00
144.00
144.00
84.00
60.00
108.00
120.00
72.00
156.00
192.00
132.00
120.00
168.00
108.00
48.00
48.00
156.00
168.00
84.00
156.00
132.00
168.00
96.00
72.00
144.00
108.00
192.00
120.00
48.00
36.00
84.00
132.00
60.00
168.00
60.00
156.00
48.00
96.00
132.00
84.00
192.00
60.00
180.00
132.00
192.00
144.00
84.00
60.00
192.00
72.00
