99
977.36000
443.17000
1410.77000
269.61000
116.52000
203.06000
2309.14000
1479.98000
43.97000
589.16000
618.53000
341.10000
341.92000
434.24000
240.59000
957.44000
171.04000
235.57000
3.59000
324.36000
749.74000
639.70000
422.95000
843.52000
609.23000
179.04000
570.90000
575.73000
250.28000
442.11000
762.35000
1124.90000
1903.75000
125.51000
121.27000
55.32000
424.86000
72.80000
554.08000
305.53000
568.35000
63.81000
310.76000
1217.17000
365.82000
1408.33000
33.25000
720.90000
441.69000
332.99000
229.85000
500.92000
232.07000
5.43000
66.24000
232.13000
154.78000
645.10000
157.87000
645.79000
206.69000
156.75000
152.81000
52.37000
394.67000
774.69000
435.58000
899.67000
198.50000
1116.15000
631.80000
350.97000
226.03000
186.77000
337.24000
173.09000
784.45000
86.39000
732.93000
193.78000
1744.27000
154.18000
1635.69000
1072.69000
5.00000
240.05000
841.63000
601.58000
1600.00000
180.00000
240.00000
10.00000
179.54000
331.40000
332.35000
325.03000
113.35000
150.82000
165.43000
100.00
100.00
100.00
100.00
100.00
100.00
100.00
125.00
450.00
100.00
100.00
300.00
300.00
100.00
100.00
125.00
450.00
400.00
300.00
400.00
125.00
100.00
100.00
350.00
250.00
150.00
100.00
125.00
400.00
125.00
100.00
100.00
300.00
350.00
300.00
350.00
100.00
100.00
100.00
100.00
100.00
100.00
100.00
100.00
100.00
100.00
100.00
200.00
350.00
350.00
125.00
100.00
100.00
300.00
100.00
100.00
100.00
350.00
300.00
100.00
100.00
100.00
100.00
100.00
100.00
100.00
100.00
100.00
200.00
200.00
100.00
100.00
200.00
250.00
100.00
100.00
150.00
200.00
100.00
100.00
100.00
250.00
100.00
300.00
100.00
100.00
100.00
100.00
250.00
100.00
100.00
100.00
100.00
100.00
300.00
300.00
100.00
100.00
250.00
100.00
100.00
150.00
100.00
150.00
150.00
100.00
125.00
450.00
100.00
100.00
100.00
300.00
100.00
100.00
125.00
450.00
400.00
150.00
400.00
125.00
100.00
125.00
350.00
250.00
150.00
100.00
125.00
400.00
125.00
100.00
150.00
300.00
350.00
150.00
350.00
150.00
150.00
100.00
100.00
100.00
100.00
100.00
100.00
100.00
100.00
100.00
200.00
350.00
350.00
200.00
100.00
150.00
300.00
100.00
150.00
150.00
350.00
300.00
150.00
100.00
150.00
100.00
100.00
100.00
150.00
100.00
150.00
100.00
150.00
100.00
100.00
100.00
150.00
100.00
150.00
100.00
200.00
150.00
150.00
100.00
250.00
100.00
300.00
150.00
100.00
150.00
100.00
250.00
100.00
100.00
150.00
125.00
100.00
300.00
300.00
100.00
100.00
250.00
100.00
100.00
150.00
100.00
100.00
150.00
150.00
150.00
450.00
100.00
100.00
150.00
150.00
100.00
100.00
125.00
450.00
400.00
150.00
400.00
125.00
150.00
150.00
350.00
150.00
150.00
100.00
200.00
400.00
200.00
150.00
100.00
300.00
100.00
150.00
350.00
100.00
150.00
100.00
100.00
100.00
150.00
150.00
100.00
150.00
150.00
150.00
150.00
350.00
350.00
200.00
150.00
150.00
150.00
150.00
100.00
150.00
350.00
150.00
150.00
100.00
150.00
150.00
100.00
150.00
150.00
150.00
150.00
100.00
700.00
100.00
150.00
250.00
150.00
150.00
150.00
150.00
100.00
150.00
150.00
100.00
700.00
100.00
500.00
100.00
100.00
150.00
100.00
200.00
100.00
150.00
100.00
200.00
150.00
150.00
300.00
100.00
100.00
150.00
150.00
250.00
250.00
150.00
100.00
125.00
200.00
200.00
500.00
800.00
350.00
150.00
125.00
400.00
100.00
100.00
150.00
450.00
150.00
125.00
100.00
200.00
250.00
100.00
100.00
400.00
150.00
350.00
450.00
300.00
150.00
100.00
250.00
250.00
150.00
300.00
100.00
100.00
350.00
100.00
100.00
100.00
500.00
300.00
100.00
150.00
250.00
350.00
350.00
400.00
450.00
100.00
100.00
100.00
100.00
500.00
500.00
100.00
200.00
100.00
100.00
150.00
100.00
100.00
800.00
300.00
150.00
500.00
125.00
100.00
400.00
100.00
500.00
450.00
300.00
100.00
250.00
150.00
350.00
200.00
200.00
350.00
100.00
300.00
400.00
100.00
100.00
100.00
300.00
150.00
700.00
100.00
250.00
150.00
150.00
450.00
600.00
250.00
150.00
150.00
500.00
150.00
100.00
700.00
500.00
200.00
200.00
450.00
125.00
150.00
350.00
600.00
250.00
200.00
125.00
500.00
450.00
350.00
100.00
200.00
125.00
125.00
250.00
150.00
125.00
400.00
250.00
200.00
500.00
300.00
600.00
350.00
400.00
250.00
300.00
500.00
100.00
200.00
800.00
100.00
125.00
100.00
600.00
450.00
150.00
150.00
200.00
350.00
600.00
500.00
250.00
600.00
300.00
250.00
500.00
700.00
150.00
300.00
150.00
100.00
150.00
150.00
100.00
800.00
300.00
150.00
150.00
125.00
100.00
400.00
100.00
500.00
450.00
300.00
100.00
250.00
150.00
350.00
150.00
200.00
350.00
100.00
300.00
400.00
100.00
100.00
100.00
300.00
150.00
200.00
500.00
250.00
100.00
700.00
700.00
300.00
150.00
125.00
450.00
350.00
150.00
150.00
450.00
350.00
200.00
300.00
300.00
200.00
450.00
700.00
500.00
300.00
400.00
200.00
250.00
800.00
450.00
200.00
350.00
500.00
150.00
200.00
350.00
600.00
450.00
300.00
300.00
800.00
200.00
400.00
150.00
700.00
700.00
600.00
150.00
800.00
200.00
150.00
600.00
350.00
100.00
300.00
150.00
300.00
500.00
300.00
450.00
600.00
250.00
400.00
600.00
400.00
600.00
300.00
200.00
500.00
125.00
350.00
450.00
125.00
250.00
800.00
125.00
100.00
450.00
150.00
150.00
700.00
300.00
600.00
700.00
400.00
600.00
600.00
450.00
350.00
400.00
600.00
300.00
300.00
300.00
800.00
125.00
600.00
125.00
700.00
250.00
150.00
250.00
800.00
600.00
600.00
150.00
450.00
300.00
800.00
300.00
200.00
200.00
200.00
100.00
700.00
200.00
400.00
700.00
150.00
250.00
200.00
125.00
200.00
300.00
300.00
600.00
600.00
800.00
700.00
125.00
250.00
450.00
350.00
600.00
400.00
600.00
200.00
250.00
200.00
250.00
250.00
400.00
450.00
400.00
500.00
250.00
450.00
150.00
350.00
125.00
100.00
200.00
600.00
800.00
700.00
250.00
350.00
250.00
800.00
500.00
600.00
200.00
200.00
500.00
350.00
700.00
700.00
400.00
350.00
300.00
450.00
400.00
600.00
250.00
600.00
700.00
300.00
600.00
500.00
300.00
150.00
250.00
800.00
300.00
125.00
300.00
125.00
450.00
400.00
150.00
125.00
300.00
300.00
150.00
350.00
100.00
450.00
600.00
400.00
250.00
450.00
100.00
450.00
125.00
300.00
500.00
350.00
350.00
300.00
150.00
700.00
125.00
400.00
500.00
125.00
400.00
250.00
150.00
450.00
400.00
500.00
500.00
350.00
350.00
450.00
300.00
500.00
150.00
500.00
125.00
300.00
300.00
400.00
500.00
400.00
200.00
500.00
350.00
150.00
400.00
500.00
450.00
250.00
150.00
125.00
500.00
450.00
500.00
500.00
500.00
600.00
350.00
250.00
700.00
300.00
450.00
700.00
450.00
450.00
400.00
600.00
450.00
350.00
150.00
300.00
500.00
600.00
350.00
125.00
700.00
125.00
150.00
150.00
500.00
500.00
125.00
125.00
800.00
700.00
300.00
150.00
400.00
350.00
125.00
400.00
125.00
125.00
400.00
200.00
300.00
150.00
600.00
500.00
150.00
700.00
125.00
500.00
250.00
450.00
450.00
700.00
600.00
150.00
700.00
350.00
200.00
400.00
800.00
700.00
200.00
700.00
450.00
400.00
150.00
125.00
600.00
450.00
300.00
500.00
800.00
350.00
250.00
600.00
600.00
400.00
300.00
500.00
500.00
150.00
700.00
300.00
200.00
700.00
300.00
400.00
500.00
350.00
350.00
150.00
100.00
200.00
125.00
150.00
450.00
600.00
100.00
500.00
500.00
450.00
600.00
600.00
450.00
600.00
200.00
450.00
125.00
800.00
400.00
250.00
600.00
450.00
100.00
400.00
800.00
100.00
450.00
300.00
125.00
250.00
700.00
125.00
250.00
350.00
150.00
450.00
700.00
125.00
450.00
200.00
800.00
450.00
500.00
125.00
350.00
300.00
250.00
600.00
700.00
500.00
100.00
100.00
350.00
450.00
200.00
400.00
700.00
600.00
600.00
500.00
200.00
300.00
125.00
500.00
200.00
300.00
125.00
100.00
125.00
700.00
500.00
200.00
150.00
150.00
400.00
600.00
400.00
150.00
700.00
350.00
800.00
300.00
125.00
400.00
125.00
450.00
500.00
200.00
800.00
350.00
125.00
300.00
500.00
700.00
250.00
250.00
250.00
800.00
400.00
400.00
700.00
700.00
125.00
350.00
250.00
300.00
350.00
800.00
400.00
350.00
100.00
350.00
500.00
200.00
350.00
125.00
700.00
500.00
250.00
400.00
500.00
350.00
250.00
125.00
350.00
250.00
600.00
500.00
300.00
350.00
250.00
100.00
450.00
700.00
150.00
300.00
500.00
600.00
350.00
500.00
200.00
350.00
150.00
300.00
150.00
250.00
350.00
600.00
600.00
400.00
150.00
150.00
150.00
700.00
150.00
150.00
800.00
125.00
700.00
800.00
500.00
600.00
500.00
300.00
125.00
700.00
600.00
800.00
700.00
700.00
200.00
150.00
150.00
800.00
600.00
400.00
800.00
700.00
350.00
800.00
300.00
125.00
400.00
800.00
450.00
500.00
200.00
800.00
350.00
125.00
800.00
500.00
700.00
800.00
250.00
800.00
800.00
400.00
400.00
800.00
700.00
125.00
350.00
250.00
300.00
800.00
800.00
400.00
350.00
100.00
800.00
500.00
200.00
350.00
125.00
800.00
500.00
250.00
400.00
500.00
800.00
250.00
125.00
350.00
250.00
600.00
800.00
300.00
350.00
250.00
800.00
450.00
700.00
150.00
300.00
500.00
800.00
350.00
500.00
200.00
300.00
800.00
300.00
125.00
250.00
800.00
600.00
600.00
400.00
150.00
800.00
150.00
700.00
150.00
150.00
800.00
125.00
700.00
800.00
500.00
600.00
500.00
800.00
125.00
800.00
700.00
