67
80.00000000000
150.00000000000
100.00000000000
120.00000000000
100.00000000000
120.00000000000
100.00000000000
150.00000000000
80.00000000000
200.00000000000
120.00000000000
100.00000000000
150.00000000000
80.00000000000
180.00000000000
120.00000000000
100.00000000000
150.00000000000
80.00000000000
220.51100000000
120.93400000000
100.00000000000
150.00000000000
80.00000000000
200.56200000000
120.00000000000
100.00000000000
150.00000000000
80.00000000000
180.00000000000
120.00000000000
100.00000000000
150.00000000000
80.00000000000
150.00000000000
120.00000000000
100.00000000000
150.00000000000
80.00000000000
150.00000000000
200.00000000000
220.00000000000
180.00000000000
100.00000000000
200.00000000000
180.00000000000
100.00000000000
150.00000000000
200.00000000000
180.00000000000
180.00000000000
200.00000000000
220.00000000000
100.00000000000
150.00000000000
200.00000000000
180.00000000000
180.00000000000
200.00000000000
220.00000000000
100.00000000000
150.00000000000
200.00000000000
180.00000000000
180.00000000000
200.00000000000
220.00000000000
50.00
50.00
50.00
50.00
50.00
75.00
200.00
150.00
75.00
50.00
50.00
50.00
75.00
75.00
50.00
200.00
100.00
100.00
50.00
200.00
250.00
200.00
150.00
100.00
150.00
150.00
50.00
50.00
50.00
50.00
50.00
150.00
150.00
75.00
50.00
50.00
50.00
50.00
50.00
50.00
50.00
50.00
50.00
50.00
50.00
50.00
50.00
75.00
75.00
50.00
75.00
75.00
100.00
50.00
50.00
75.00
75.00
75.00
75.00
100.00
50.00
75.00
200.00
200.00
200.00
200.00
200.00
50.00
100.00
50.00
50.00
100.00
50.00
50.00
50.00
50.00
100.00
50.00
300.00
150.00
100.00
100.00
200.00
100.00
100.00
50.00
400.00
400.00
100.00
100.00
50.00
100.00
50.00
400.00
100.00
100.00
50.00
100.00
100.00
100.00
100.00
50.00
50.00
100.00
50.00
50.00
50.00
50.00
50.00
50.00
100.00
100.00
50.00
50.00
100.00
100.00
100.00
100.00
100.00
50.00
50.00
100.00
100.00
50.00
100.00
50.00
50.00
50.00
100.00
50.00
200.00
200.00
200.00
200.00
50.00
100.00
50.00
50.00
50.00
100.00
50.00
50.00
100.00
100.00
50.00
300.00
150.00
100.00
100.00
200.00
50.00
100.00
100.00
400.00
400.00
100.00
100.00
50.00
50.00
50.00
400.00
100.00
100.00
100.00
100.00
50.00
100.00
100.00
100.00
50.00
50.00
100.00
100.00
100.00
100.00
50.00
50.00
100.00
100.00
100.00
100.00
100.00
100.00
50.00
100.00
50.00
100.00
100.00
100.00
100.00
400.00
100.00
50.00
50.00
100.00
50.00
50.00
100.00
200.00
200.00
50.00
100.00
100.00
100.00
50.00
50.00
50.00
100.00
50.00
100.00
100.00
50.00
300.00
100.00
500.00
100.00
200.00
100.00
100.00
50.00
400.00
400.00
100.00
100.00
50.00
100.00
50.00
400.00
100.00
100.00
100.00
100.00
50.00
100.00
100.00
50.00
50.00
100.00
100.00
100.00
50.00
100.00
50.00
50.00
50.00
100.00
50.00
50.00
50.00
50.00
50.00
75.00
100.00
100.00
100.00
100.00
100.00
100.00
50.00
100.00
50.00
50.00
100.00
200.00
200.00
200.00
200.00
200.00
100.00
100.00
100.00
100.00
50.00
100.00
150.00
50.00
100.00
50.00
50.00
300.00
150.00
50.00
50.00
200.00
50.00
100.00
50.00
400.00
400.00
100.00
50.00
100.00
100.00
100.00
400.00
100.00
50.00
100.00
100.00
50.00
100.00
100.00
50.00
50.00
50.00
50.00
50.00
50.00
50.00
100.00
50.00
100.00
50.00
100.00
50.00
100.00
100.00
100.00
100.00
100.00
100.00
100.00
100.00
100.00
100.00
100.00
100.00
100.00
100.00
400.00
100.00
100.00
350.00
350.00
100.00
100.00
100.00
100.00
100.00
50.00
100.00
150.00
50.00
100.00
50.00
50.00
300.00
150.00
50.00
750.00
200.00
50.00
100.00
50.00
400.00
400.00
100.00
50.00
100.00
100.00
100.00
400.00
100.00
50.00
100.00
100.00
50.00
100.00
100.00
50.00
100.00
50.00
50.00
50.00
50.00
50.00
100.00
50.00
100.00
100.00
100.00
50.00
100.00
100.00
100.00
100.00
100.00
100.00
100.00
100.00
100.00
100.00
100.00
100.00
100.00
100.00
400.00
100.00
100.00
350.00
350.00
100.00
50.00
100.00
100.00
50.00
100.00
100.00
50.00
100.00
100.00
50.00
600.00
600.00
350.00
100.00
500.00
50.00
100.00
100.00
100.00
300.00
400.00
100.00
100.00
750.00
250.00
500.00
500.00
100.00
100.00
100.00
50.00
100.00
100.00
100.00
50.00
100.00
100.00
50.00
100.00
100.00
50.00
50.00
100.00
50.00
50.00
100.00
50.00
50.00
50.00
50.00
50.00
50.00
50.00
100.00
50.00
100.00
400.00
50.00
100.00
100.00
100.00
100.00
100.00
50.00
100.00
50.00
50.00
50.00
100.00
50.00
100.00
100.00
50.00
100.00
250.00
50.00
100.00
600.00
600.00
350.00
100.00
500.00
500.00
50.00
50.00
100.00
300.00
400.00
100.00
100.00
50.00
250.00
500.00
100.00
100.00
50.00
100.00
100.00
100.00
100.00
100.00
100.00
100.00
50.00
100.00
100.00
100.00
100.00
100.00
100.00
100.00
50.00
100.00
50.00
50.00
100.00
50.00
50.00
50.00
100.00
100.00
50.00
100.00
50.00
100.00
100.00
100.00
400.00
100.00
100.00
350.00
100.00
100.00
500.00
300.00
750.00
50.00
50.00
350.00
50.00
500.00
50.00
250.00
50.00
100.00
100.00
50.00
50.00
50.00
50.00
50.00
100.00
50.00
600.00
350.00
250.00
100.00
1500.00
100.00
600.00
100.00
450.00
100.00
50.00
1500.00
100.00
450.00
50.00
100.00
350.00
50.00
600.00
1200.00
1000.00
1400.00
100.00
100.00
1500.00
100.00
1200.00
300.00
50.00
500.00
100.00
400.00
450.00
1000.00
1000.00
750.00
50.00
400.00
50.00
400.00
50.00
750.00
50.00
300.00
100.00
50.00
100.00
100.00
300.00
50.00
250.00
75.00
600.00
600.00
100.00
1400.00
150.00
100.00
200.00
1400.00
750.00
1800.00
150.00
350.00
1500.00
400.00
400.00
100.00
100.00
400.00
200.00
1200.00
800.00
1000.00
450.00
150.00
600.00
300.00
750.00
150.00
1200.00
500.00
400.00
300.00
250.00
1000.00
150.00
100.00
100.00
250.00
250.00
1400.00
50.00
100.00
250.00
450.00
1800.00
150.00
500.00
100.00
50.00
600.00
750.00
1000.00
250.00
350.00
400.00
1000.00
800.00
200.00
200.00
600.00
500.00
200.00
250.00
200.00
100.00
600.00
200.00
600.00
150.00
75.00
150.00
150.00
75.00
250.00
100.00
300.00
350.00
400.00
150.00
1500.00
250.00
1400.00
75.00
600.00
1200.00
750.00
600.00
400.00
750.00
1400.00
1500.00
450.00
750.00
1400.00
100.00
150.00
250.00
450.00
150.00
1500.00
150.00
1500.00
75.00
300.00
200.00
250.00
1400.00
1500.00
200.00
1400.00
350.00
1000.00
450.00
150.00
400.00
200.00
500.00
250.00
200.00
300.00
400.00
500.00
450.00
350.00
600.00
1400.00
600.00
75.00
1800.00
1200.00
