71
2135.32400
32.74900
1.83800
1.82800
2.15800
3.42600
30.38600
3.57900
3.43200
8.45500
6.77400
1.70100
4.17900
29.06500
5.76000
3.15200
6.17600
11.31500
13.09200
1.47300
13.89700
7.45100
4.34900
8.24100
13.24400
11.49900
1.82600
0.88700
13.88200
12.05700
10.43100
7.04000
1.14900
3.00500
10.18200
10.18200
1.71100
3.53100
15.23400
2.88900
2.89100
9.20700
1.80300
44.39700
3.83000
4.30100
2.79900
5.94700
21.99000
0.86800
2.25500
0.56100
3.50100
7.04500
16.09100
10.30100
7.44300
4.41300
4.02600
14.78000
5.48700
1.28900
15.80300
18.86400
15.31500
5.56900
3.34200
4.70400
17.66200
13.13400
30.45100
304.80
152.40
76.20
76.20
76.20
76.20
76.20
76.20
76.20
76.20
76.20
76.20
76.20
76.20
76.20
76.20
76.20
76.20
76.20
76.20
76.20
76.20
76.20
76.20
76.20
76.20
76.20
76.20
76.20
76.20
76.20
76.20
76.20
76.20
76.20
76.20
76.20
76.20
76.20
76.20
76.20
76.20
76.20
76.20
76.20
76.20
76.20
76.20
76.20
76.20
76.20
76.20
76.20
76.20
76.20
76.20
76.20
76.20
76.20
76.20
76.20
76.20
76.20
76.20
76.20
76.20
76.20
76.20
76.20
76.20
76.20
304.80
152.40
76.20
76.20
76.20
76.20
152.40
76.20
76.20
76.20
76.20
76.20
76.20
76.20
76.20
76.20
152.40
76.20
76.20
76.20
76.20
76.20
76.20
76.20
76.20
76.20
76.20
76.20
76.20
76.20
76.20
76.20
76.20
76.20
76.20
76.20
76.20
76.20
76.20
76.20
76.20
76.20
76.20
76.20
76.20
76.20
76.20
76.20
76.20
152.40
76.20
76.20
76.20
76.20
76.20
76.20
76.20
76.20
76.20
76.20
76.20
76.20
76.20
76.20
76.20
76.20
76.20
76.20
76.20
76.20
76.20
304.80
152.40
76.20
76.20
76.20
76.20
76.20
203.20
609.60
76.20
76.20
152.40
76.20
76.20
76.20
152.40
76.20
76.20
76.20
76.20
76.20
76.20
76.20
76.20
76.20
76.20
76.20
76.20
76.20
76.20
76.20
152.40
76.20
76.20
76.20
76.20
76.20
76.20
76.20
76.20
76.20
76.20
76.20
76.20
76.20
152.40
76.20
76.20
76.20
152.40
76.20
76.20
76.20
76.20
152.40
76.20
76.20
76.20
76.20
76.20
76.20
76.20
76.20
76.20
76.20
76.20
76.20
76.20
406.40
609.60
304.80
304.80
152.40
457.20
762.00
203.20
609.60
457.20
101.60
508.00
101.60
101.60
101.60
203.20
101.60
254.00
304.80
457.20
762.00
254.00
76.20
762.00
101.60
304.80
457.20
457.20
304.80
304.80
914.40
457.20
609.60
152.40
914.40
406.40
457.20
508.00
457.20
76.20
203.20
355.60
508.00
457.20
508.00
508.00
355.60
304.80
457.20
508.00
406.40
406.40
457.20
609.60
304.80
609.60
457.20
203.20
254.00
304.80
254.00
254.00
254.00
76.20
355.60
508.00
508.00
609.60
152.40
101.60
406.40
304.80
508.00
101.60
406.40
762.00
609.60
355.60
914.40
508.00
914.40
457.20
406.40
914.40
355.60
254.00
508.00
457.20
355.60
76.20
914.40
152.40
152.40
254.00
406.40
609.60
254.00
101.60
101.60
203.20
508.00
762.00
304.80
508.00
101.60
457.20
406.40
762.00
101.60
609.60
101.60
203.20
508.00
914.40
355.60
762.00
609.60
508.00
609.60
406.40
101.60
254.00
914.40
304.80
609.60
457.20
203.20
203.20
406.40
203.20
101.60
355.60
101.60
355.60
101.60
609.60
406.40
203.20
406.40
101.60
152.40
762.00
914.40
609.60
762.00
457.20
914.40
762.00
76.20
355.60
914.40
304.80
457.20
254.00
457.20
76.20
508.00
508.00
406.40
508.00
609.60
406.40
101.60
152.40
457.20
457.20
609.60
101.60
101.60
101.60
101.60
254.00
304.80
457.20
762.00
254.00
457.20
101.60
254.00
152.40
304.80
254.00
304.80
457.20
609.60
457.20
914.40
355.60
406.40
152.40
355.60
304.80
355.60
762.00
406.40
406.40
406.40
508.00
101.60
508.00
609.60
609.60
304.80
355.60
101.60
152.40
609.60
254.00
355.60
152.40
914.40
609.60
762.00
355.60
762.00
152.40
508.00
203.20
101.60
304.80
457.20
203.20
76.20
254.00
609.60
304.80
609.60
152.40
203.20
101.60
152.40
152.40
152.40
101.60
762.00
152.40
152.40
406.40
254.00
101.60
101.60
203.20
304.80
101.60
457.20
762.00
609.60
355.60
101.60
254.00
508.00
762.00
355.60
355.60
152.40
101.60
152.40
152.40
762.00
508.00
203.20
406.40
355.60
457.20
609.60
609.60
914.40
609.60
254.00
457.20
355.60
762.00
457.20
508.00
762.00
152.40
101.60
762.00
457.20
304.80
762.00
508.00
457.20
609.60
203.20
101.60
457.20
609.60
508.00
914.40
762.00
101.60
203.20
203.20
457.20
508.00
101.60
609.60
406.40
304.80
355.60
355.60
152.40
914.40
304.80
304.80
508.00
762.00
457.20
457.20
203.20
254.00
101.60
101.60
762.00
406.40
203.20
254.00
101.60
152.40
609.60
203.20
254.00
609.60
508.00
203.20
609.60
508.00
914.40
762.00
355.60
609.60
76.20
203.20
101.60
304.80
355.60
304.80
406.40
203.20
101.60
609.60
101.60
101.60
406.40
152.40
457.20
508.00
76.20
254.00
254.00
355.60
406.40
203.20
152.40
355.60
254.00
914.40
762.00
355.60
203.20
914.40
457.20
762.00
101.60
254.00
254.00
914.40
406.40
152.40
609.60
406.40
406.40
101.60
406.40
609.60
609.60
508.00
304.80
101.60
152.40
203.20
101.60
762.00
762.00
457.20
508.00
203.20
457.20
762.00
152.40
355.60
254.00
304.80
457.20
101.60
152.40
508.00
254.00
101.60
914.40
203.20
254.00
101.60
254.00
508.00
609.60
152.40
457.20
101.60
406.40
762.00
914.40
762.00
406.40
406.40
152.40
508.00
355.60
254.00
457.20
152.40
914.40
457.20
406.40
609.60
101.60
254.00
101.60
762.00
254.00
914.40
762.00
457.20
457.20
101.60
304.80
762.00
76.20
609.60
406.40
406.40
508.00
609.60
355.60
355.60
355.60
762.00
152.40
762.00
609.60
355.60
304.80
508.00
203.20
254.00
152.40
914.40
203.20
762.00
508.00
609.60
762.00
355.60
762.00
152.40
203.20
304.80
508.00
304.80
152.40
914.40
762.00
152.40
406.40
914.40
152.40
457.20
457.20
406.40
254.00
508.00
254.00
609.60
355.60
508.00
203.20
406.40
355.60
203.20
609.60
406.40
508.00
508.00
508.00
508.00
914.40
254.00
508.00
609.60
914.40
406.40
762.00
609.60
355.60
152.40
406.40
508.00
508.00
609.60
914.40
609.60
762.00
508.00
355.60
406.40
355.60
254.00
203.20
101.60
203.20
304.80
304.80
914.40
76.20
304.80
152.40
101.60
914.40
203.20
914.40
609.60
457.20
152.40
406.40
355.60
76.20
76.20
101.60
457.20
203.20
508.00
406.40
914.40
101.60
609.60
101.60
152.40
101.60
254.00
355.60
508.00
508.00
406.40
101.60
508.00
203.20
355.60
609.60
304.80
254.00
203.20
304.80
152.40
355.60
762.00
152.40
76.20
508.00
457.20
254.00
