31
150.000000000
150.000833000
150.000833000
350.000000000
200.039996000
200.022499000
200.005625000
200.002500000
200.000000000
150.003333000
150.013333000
150.003333000
350.001429000
160.028123000
160.028123000
160.028123000
160.012500000
401.799099000
150.003333000
150.013333000
150.013333000
282.886903000
200.039996000
200.010000000
200.010000000
200.010000000
200.002500000
150.029997000
150.013333000
150.013333000
551.676351000
100.00
150.00
150.00
100.00
150.00
100.00
100.00
200.00
100.00
150.00
200.00
250.00
350.00
100.00
100.00
100.00
250.00
400.00
100.00
100.00
100.00
100.00
100.00
100.00
100.00
200.00
100.00
200.00
200.00
250.00
150.00
200.00
200.00
200.00
200.00
100.00
100.00
100.00
100.00
200.00
100.00
200.00
250.00
350.00
100.00
100.00
200.00
100.00
400.00
100.00
200.00
100.00
100.00
100.00
100.00
100.00
100.00
100.00
100.00
200.00
100.00
200.00
100.00
200.00
200.00
200.00
100.00
100.00
100.00
100.00
200.00
200.00
200.00
250.00
350.00
100.00
200.00
200.00
100.00
400.00
100.00
100.00
100.00
100.00
200.00
100.00
100.00
100.00
100.00
100.00
100.00
100.00
200.00
200.00
200.00
200.00
100.00
200.00
100.00
200.00
200.00
100.00
100.00
200.00
200.00
400.00
100.00
200.00
100.00
200.00
400.00
200.00
100.00
100.00
100.00
100.00
200.00
100.00
100.00
100.00
100.00
100.00
200.00
200.00
200.00
100.00
200.00
100.00
100.00
200.00
100.00
200.00
100.00
100.00
200.00
200.00
450.00
200.00
100.00
100.00
200.00
400.00
200.00
100.00
200.00
200.00
100.00
200.00
100.00
200.00
100.00
200.00
100.00
200.00
200.00
200.00
100.00
200.00
200.00
100.00
200.00
200.00
100.00
200.00
200.00
200.00
200.00
700.00
100.00
200.00
200.00
200.00
500.00
200.00
200.00
100.00
100.00
200.00
100.00
200.00
100.00
200.00
200.00
100.00
100.00
100.00
100.00
100.00
350.00
100.00
200.00
100.00
100.00
200.00
500.00
150.00
100.00
200.00
400.00
200.00
400.00
200.00
300.00
500.00
100.00
200.00
200.00
200.00
100.00
200.00
200.00
100.00
250.00
100.00
200.00
100.00
200.00
200.00
200.00
100.00
100.00
100.00
200.00
200.00
100.00
200.00
100.00
700.00
200.00
600.00
200.00
100.00
200.00
200.00
400.00
200.00
100.00
200.00
100.00
100.00
200.00
100.00
200.00
100.00
200.00
100.00
200.00
350.00
250.00
300.00
450.00
300.00
250.00
200.00
600.00
600.00
700.00
900.00
200.00
300.00
100.00
500.00
200.00
600.00
700.00
150.00
450.00
500.00
150.00
150.00
300.00
600.00
700.00
300.00
200.00
150.00
300.00
250.00
450.00
500.00
300.00
350.00
150.00
100.00
350.00
150.00
450.00
250.00
450.00
200.00
450.00
250.00
350.00
800.00
150.00
200.00
450.00
250.00
800.00
700.00
600.00
400.00
700.00
200.00
600.00
450.00
300.00
150.00
900.00
400.00
450.00
200.00
250.00
100.00
450.00
800.00
250.00
450.00
450.00
300.00
150.00
700.00
100.00
200.00
400.00
300.00
500.00
250.00
800.00
700.00
800.00
900.00
300.00
300.00
150.00
600.00
400.00
600.00
600.00
100.00
450.00
