423
132.090000
178.841000
158.790000
71.397000
193.770000
10.217000
16.713000
85.396000
10.170000
7.408000
30.002000
33.555000
6.764000
28.001000
34.241000
536.985000
223.312000
17.096000
1372.194000
157.639000
62.322000
49.884000
78.490000
10.644000
54.555000
115.550000
60.159000
40.236000
2.242000
47.238000
83.697000
296.795000
90.951000
414.957000
151.194000
14.930000
102.549000
134.639000
7.409000
43.410000
3.185000
39.437000
115.056000
10.553000
96.977000
243.968000
205.392000
678.168000
722.572000
38.837000
245.871000
123.903000
315.656000
389.364000
87.956000
43.911000
6.964000
452.060000
8.764000
285.632000
206.100000
127.917000
1009.082000
52.115000
400.850000
542.851000
107.338000
18.064000
64.111000
136.837000
7.825000
174.523000
56.754000
110.109000
94.601000
462.291000
112.175000
90.073000
10.932000
66.701000
38.934000
75.849000
13.522000
2.497000
224.593000
82.003000
429.771000
375.941000
133.911000
79.120000
75.529000
78.785000
265.553000
53.208000
90.464000
56.955000
59.858000
81.191000
84.978000
95.592000
48.134000
10.421000
60.078000
77.107000
22.736000
63.973000
25.623000
96.789000
93.109000
72.273000
117.149000
21.201000
55.726000
22.545000
51.643000
41.395000
81.536000
71.221000
8.899000
73.207000
61.932000
90.091000
86.324000
10.357000
23.652000
71.955000
7.356000
81.733000
41.361000
77.880000
10.098000
67.266000
13.318000
77.699000
65.679000
85.000000
85.000000
85.001000
48.897000
88.739000
99.593000
104.424000
10.641000
95.560000
97.969000
94.905000
6.641000
79.721000
83.489000
80.102000
91.481000
82.177000
98.683000
80.732000
77.296000
78.675000
24.841000
64.522000
669.325000
96.474000
10.734000
35.344000
12.111000
89.186000
99.827000
85.568000
21.208000
96.677000
45.643000
9.343000
99.898000
91.136000
98.934000
94.234000
15.387000
69.102000
9.200000
9.491000
3.774000
4.825000
90.048000
10.273000
9.631000
57.355000
60.508000
86.598000
121.539000
50.392000
49.007000
80.000000
80.153000
101.142000
27.254000
87.248000
46.129000
21.604000
12.583000
87.140000
10.019000
10.307000
72.433000
66.865000
8.271000
11.390000
9.854000
68.598000
11.463000
11.614000
34.017000
2.968000
74.314000
6.553000
31.296000
91.717000
10.959000
76.968000
38.701000
43.237000
7.412000
9.786000
10.551000
47.005000
9.630000
7.408000
80.094000
73.617000
23.021000
20.764000
76.095000
177.029000
11.477000
75.597000
86.302000
76.541000
96.991000
94.268000
104.326000
33.032000
12.020000
9.444000
7.409000
105.650000
77.552000
27.105000
18.819000
4.895000
11.546000
14.952000
11.436000
94.927000
9.095000
99.062000
11.108000
95.306000
61.614000
103.052000
9.798000
9.032000
77.539000
2.000000
62.061000
7.094000
25.701000
10.006000
76.678000
14.203000
25.736000
12.983000
29.999000
41.000000
30.000000
35.000000
7.996000
32.500000
52.000000
98.802000
7.410000
50.222000
7.409000
9.863000
8.847000
25.954000
39.973000
95.925000
65.457000
81.494000
93.177000
51.713000
83.845000
87.186000
109.932000
126.894000
83.367000
64.945000
117.739000
117.502000
61.605000
89.274000
86.970000
48.056000
85.568000
7.408000
59.598000
10.687000
31.110000
111.325000
94.442000
87.369000
86.758000
100.264000
111.765000
107.564000
93.556000
11.000000
102.462000
8.977000
108.267000
116.461000
6.041000
91.297000
11.847000
62.866000
76.457000
73.630000
74.696000
11.650000
10.786000
119.628000
9.577000
11.404000
10.027000
106.818000
2.302000
11.080000
71.749000
58.969000
74.702000
42.328000
103.376000
176.010000
135.251000
34.694000
41.871000
28.201000
40.398000
40.956000
26.678000
11.020000
105.714000
108.261000
24.903000
231.276000
6.010000
13.329000
22.988000
79.793000
3.078000
163.056000
37.004000
90.011000
74.007000
53.441000
80.005000
36.565000
76.553000
78.324000
79.918000
80.002000
13.567000
37.000000
64.435000
30.001000
35.000000
30.019000
191.861000
141.627000
73.394000
10.082000
11.675000
30.603000
50.135000
19.793000
30.489000
426.928000
16.844000
20.496000
68.991000
34.661000
11.092000
16.619000
68.406000
365.380000
35.926000
36.004000
173.115000
6.712000
5.000000
16.237000
109.758000
11.467000
7.568000
27.055000
27.968000
8.526000
28.513000
99.520000
14.685000
61.299000
58.129000
5.604000
92.729000
90.403000
78.348000
4.952000
10.510000
8.742000
1840.906000
167.388000
136.634000
106.525000
39.007000
0.003000
0.497000
76.20
76.20
76.20
76.20
76.20
76.20
76.20
76.20
76.20
76.20
76.20
76.20
76.20
76.20
76.20
76.20
76.20
76.20
76.20
76.20
76.20
76.20
76.20
76.20
76.20
76.20
76.20
76.20
76.20
76.20
76.20
76.20
76.20
76.20
76.20
76.20
76.20
76.20
76.20
76.20
76.20
76.20
76.20
76.20
76.20
76.20
76.20
76.20
76.20
76.20
76.20
76.20
76.20
76.20
76.20
76.20
76.20
76.20
76.20
76.20
76.20
76.20
76.20
76.20
76.20
76.20
76.20
76.20
76.20
76.20
76.20
76.20
76.20
76.20
76.20
76.20
76.20
76.20
76.20
76.20
76.20
76.20
76.20
76.20
76.20
76.20
76.20
76.20
76.20
76.20
76.20
76.20
76.20
76.20
76.20
76.20
76.20
76.20
76.20
76.20
76.20
76.20
76.20
76.20
76.20
76.20
76.20
76.20
76.20
76.20
76.20
76.20
76.20
76.20
76.20
76.20
76.20
76.20
76.20
76.20
76.20
76.20
76.20
76.20
76.20
76.20
76.20
76.20
76.20
76.20
76.20
76.20
76.20
76.20
76.20
76.20
76.20
76.20
76.20
76.20
76.20
76.20
76.20
76.20
76.20
76.20
76.20
76.20
76.20
76.20
76.20
76.20
76.20
76.20
76.20
76.20
76.20
76.20
76.20
76.20
76.20
76.20
76.20
76.20
76.20
76.20
76.20
76.20
76.20
76.20
76.20
76.20
76.20
76.20
76.20
76.20
76.20
76.20
76.20
76.20
76.20
76.20
76.20
76.20
76.20
76.20
76.20
76.20
76.20
152.40
76.20
76.20
76.20
76.20
76.20
152.40
76.20
76.20
76.20
76.20
76.20
101.60
76.20
76.20
76.20
76.20
76.20
76.20
152.40
76.20
76.20
76.20
152.40
76.20
76.20
76.20
76.20
76.20
76.20
76.20
76.20
76.20
76.20
76.20
76.20
76.20
76.20
76.20
76.20
76.20
76.20
76.20
76.20
76.20
76.20
76.20
76.20
76.20
76.20
76.20
76.20
76.20
76.20
76.20
76.20
76.20
76.20
76.20
76.20
76.20
76.20
76.20
76.20
76.20
76.20
76.20
76.20
76.20
76.20
76.20
76.20
76.20
76.20
76.20
76.20
76.20
76.20
76.20
76.20
76.20
76.20
76.20
76.20
76.20
76.20
76.20
76.20
76.20
76.20
76.20
76.20
76.20
76.20
76.20
76.20
76.20
76.20
76.20
76.20
76.20
76.20
76.20
76.20
76.20
76.20
76.20
76.20
76.20
76.20
76.20
76.20
76.20
76.20
76.20
76.20
76.20
76.20
76.20
76.20
76.20
76.20
76.20
76.20
76.20
76.20
76.20
76.20
76.20
76.20
76.20
76.20
76.20
76.20
76.20
76.20
76.20
76.20
76.20
76.20
76.20
76.20
76.20
76.20
76.20
76.20
76.20
76.20
76.20
76.20
76.20
76.20
76.20
76.20
76.20
76.20
76.20
76.20
76.20
76.20
76.20
76.20
76.20
76.20
76.20
76.20
76.20
76.20
76.20
76.20
76.20
76.20
76.20
76.20
76.20
76.20
76.20
76.20
76.20
76.20
76.20
76.20
76.20
76.20
76.20
76.20
76.20
76.20
76.20
76.20
76.20
76.20
76.20
76.20
76.20
76.20
76.20
76.20
76.20
76.20
76.20
76.20
76.20
152.40
76.20
76.20
152.40
76.20
76.20
76.20
76.20
76.20
76.20
76.20
76.20
76.20
76.20
76.20
76.20
76.20
76.20
76.20
76.20
76.20
152.40
76.20
76.20
76.20
76.20
76.20
76.20
76.20
76.20
76.20
76.20
76.20
76.20
76.20
76.20
76.20
76.20
76.20
76.20
76.20
76.20
76.20
76.20
76.20
76.20
76.20
76.20
76.20
76.20
76.20
76.20
76.20
76.20
76.20
76.20
76.20
76.20
76.20
76.20
76.20
76.20
76.20
76.20
76.20
76.20
76.20
76.20
76.20
76.20
76.20
76.20
76.20
76.20
76.20
76.20
76.20
76.20
76.20
76.20
76.20
76.20
76.20
76.20
76.20
76.20
76.20
76.20
76.20
76.20
76.20
76.20
76.20
76.20
76.20
76.20
76.20
76.20
101.60
76.20
76.20
76.20
76.20
101.60
76.20
76.20
76.20
76.20
101.60
76.20
76.20
76.20
76.20
76.20
76.20
76.20
76.20
76.20
101.60
76.20
76.20
76.20
76.20
76.20
76.20
76.20
76.20
76.20
76.20
76.20
76.20
76.20
76.20
76.20
76.20
76.20
76.20
76.20
76.20
76.20
76.20
76.20
76.20
76.20
76.20
76.20
76.20
76.20
76.20
76.20
76.20
76.20
76.20
76.20
76.20
76.20
76.20
76.20
76.20
76.20
76.20
76.20
76.20
101.60
76.20
76.20
76.20
76.20
76.20
76.20
76.20
76.20
76.20
101.60
76.20
76.20
76.20
76.20
76.20
76.20
76.20
76.20
76.20
76.20
76.20
76.20
76.20
76.20
76.20
76.20
76.20
76.20
76.20
76.20
76.20
76.20
76.20
76.20
76.20
76.20
76.20
76.20
76.20
76.20
76.20
76.20
76.20
76.20
76.20
76.20
76.20
76.20
76.20
76.20
76.20
76.20
101.60
76.20
76.20
76.20
152.40
76.20
76.20
76.20
76.20
76.20
152.40
76.20
76.20
76.20
76.20
76.20
101.60
76.20
76.20
76.20
76.20
76.20
76.20
152.40
76.20
76.20
76.20
152.40
76.20
76.20
76.20
76.20
76.20
76.20
76.20
76.20
76.20
76.20
76.20
76.20
76.20
76.20
76.20
101.60
76.20
76.20
76.20
76.20
76.20
76.20
76.20
76.20
76.20
76.20
76.20
76.20
76.20
76.20
76.20
76.20
76.20
76.20
76.20
101.60
76.20
76.20
76.20
76.20
76.20
76.20
76.20
76.20
76.20
76.20
101.60
76.20
76.20
76.20
101.60
76.20
76.20
76.20
76.20
76.20
76.20
76.20
76.20
76.20
76.20
76.20
76.20
76.20
76.20
76.20
76.20
76.20
76.20
76.20
76.20
76.20
76.20
76.20
76.20
76.20
76.20
76.20
76.20
76.20
76.20
76.20
76.20
76.20
76.20
76.20
76.20
76.20
76.20
76.20
76.20
76.20
76.20
76.20
76.20
76.20
76.20
76.20
76.20
76.20
76.20
76.20
76.20
76.20
76.20
76.20
76.20
76.20
76.20
76.20
76.20
76.20
76.20
76.20
76.20
76.20
76.20
76.20
76.20
76.20
76.20
76.20
76.20
76.20
76.20
76.20
76.20
76.20
76.20
76.20
76.20
76.20
76.20
76.20
76.20
76.20
76.20
76.20
76.20
76.20
76.20
76.20
76.20
76.20
76.20
76.20
76.20
76.20
76.20
76.20
76.20
76.20
76.20
101.60
76.20
76.20
76.20
76.20
76.20
76.20
76.20
76.20
76.20
76.20
76.20
76.20
76.20
76.20
76.20
101.60
76.20
76.20
76.20
76.20
76.20
76.20
76.20
76.20
76.20
152.40
76.20
76.20
152.40
76.20
76.20
76.20
76.20
76.20
76.20
76.20
76.20
76.20
76.20
76.20
76.20
76.20
76.20
76.20
76.20
76.20
152.40
76.20
76.20
76.20
76.20
76.20
101.60
76.20
76.20
76.20
76.20
76.20
76.20
76.20
76.20
76.20
76.20
76.20
76.20
76.20
76.20
76.20
76.20
76.20
76.20
76.20
76.20
76.20
76.20
76.20
76.20
76.20
76.20
76.20
76.20
76.20
76.20
76.20
76.20
76.20
76.20
76.20
76.20
76.20
76.20
76.20
76.20
76.20
76.20
76.20
76.20
76.20
76.20
76.20
76.20
76.20
76.20
76.20
76.20
76.20
76.20
76.20
76.20
76.20
76.20
76.20
76.20
76.20
76.20
76.20
76.20
76.20
76.20
76.20
76.20
76.20
76.20
76.20
76.20
76.20
76.20
76.20
76.20
76.20
76.20
76.20
76.20
76.20
76.20
76.20
76.20
76.20
76.20
76.20
76.20
76.20
76.20
76.20
76.20
76.20
76.20
101.60
76.20
76.20
101.60
76.20
76.20
101.60
76.20
76.20
76.20
76.20
76.20
76.20
76.20
76.20
76.20
76.20
76.20
76.20
76.20
76.20
76.20
76.20
76.20
76.20
76.20
76.20
76.20
76.20
76.20
101.60
76.20
76.20
76.20
76.20
76.20
76.20
76.20
76.20
76.20
76.20
76.20
101.60
76.20
76.20
76.20
76.20
76.20
76.20
76.20
76.20
76.20
76.20
76.20
76.20
76.20
76.20
101.60
76.20
76.20
76.20
76.20
76.20
76.20
76.20
76.20
76.20
76.20
76.20
76.20
76.20
76.20
76.20
76.20
76.20
76.20
76.20
76.20
76.20
76.20
76.20
76.20
76.20
76.20
76.20
76.20
76.20
76.20
76.20
76.20
76.20
76.20
76.20
76.20
101.60
76.20
76.20
76.20
152.40
76.20
76.20
101.60
76.20
76.20
101.60
101.60
76.20
76.20
76.20
76.20
152.40
76.20
152.40
76.20
76.20
76.20
76.20
152.40
76.20
76.20
76.20
152.40
76.20
76.20
76.20
76.20
76.20
76.20
76.20
76.20
76.20
76.20
76.20
76.20
152.40
76.20
101.60
76.20
76.20
76.20
76.20
76.20
76.20
76.20
76.20
76.20
76.20
76.20
76.20
76.20
76.20
76.20
76.20
76.20
76.20
76.20
76.20
76.20
76.20
76.20
76.20
76.20
76.20
76.20
76.20
76.20
76.20
76.20
76.20
76.20
76.20
76.20
76.20
76.20
76.20
76.20
76.20
76.20
76.20
76.20
76.20
76.20
76.20
76.20
76.20
76.20
76.20
76.20
76.20
76.20
76.20
76.20
76.20
76.20
76.20
76.20
76.20
76.20
76.20
76.20
76.20
76.20
76.20
76.20
76.20
76.20
76.20
76.20
76.20
76.20
76.20
76.20
76.20
76.20
76.20
76.20
76.20
76.20
76.20
76.20
76.20
76.20
76.20
76.20
76.20
76.20
76.20
76.20
76.20
76.20
76.20
76.20
76.20
76.20
76.20
76.20
76.20
76.20
76.20
76.20
76.20
76.20
76.20
76.20
76.20
76.20
76.20
76.20
76.20
76.20
76.20
76.20
76.20
76.20
76.20
76.20
76.20
76.20
76.20
76.20
76.20
76.20
76.20
76.20
76.20
76.20
76.20
76.20
76.20
76.20
76.20
76.20
76.20
76.20
76.20
76.20
76.20
76.20
76.20
76.20
76.20
76.20
76.20
76.20
76.20
76.20
76.20
76.20
76.20
76.20
76.20
76.20
76.20
76.20
76.20
76.20
76.20
76.20
76.20
76.20
76.20
152.40
152.40
76.20
152.40
152.40
76.20
76.20
76.20
76.20
76.20
76.20
76.20
76.20
76.20
76.20
76.20
76.20
76.20
76.20
76.20
76.20
152.40
76.20
76.20
76.20
76.20
76.20
76.20
76.20
76.20
76.20
152.40
76.20
152.40
76.20
76.20
76.20
76.20
76.20
76.20
203.20
152.40
76.20
76.20
76.20
76.20
76.20
76.20
76.20
76.20
76.20
152.40
76.20
76.20
76.20
76.20
76.20
152.40
76.20
76.20
76.20
76.20
152.40
152.40
76.20
152.40
76.20
76.20
76.20
76.20
76.20
76.20
76.20
76.20
76.20
76.20
76.20
76.20
76.20
76.20
76.20
76.20
76.20
76.20
76.20
76.20
76.20
152.40
152.40
76.20
76.20
76.20
76.20
76.20
76.20
76.20
76.20
76.20
76.20
76.20
76.20
76.20
76.20
76.20
76.20
76.20
76.20
76.20
76.20
76.20
76.20
76.20
76.20
76.20
152.40
76.20
76.20
76.20
76.20
76.20
76.20
76.20
152.40
76.20
76.20
76.20
76.20
76.20
101.60
76.20
152.40
76.20
101.60
152.40
152.40
152.40
76.20
152.40
203.20
355.60
76.20
152.40
254.00
508.00
76.20
76.20
152.40
152.40
76.20
76.20
76.20
76.20
101.60
76.20
76.20
76.20
76.20
152.40
76.20
76.20
76.20
76.20
76.20
76.20
101.60
76.20
76.20
76.20
76.20
76.20
76.20
76.20
76.20
76.20
76.20
152.40
76.20
76.20
152.40
152.40
76.20
76.20
76.20
76.20
76.20
76.20
76.20
76.20
76.20
76.20
76.20
76.20
76.20
76.20
76.20
76.20
76.20
76.20
76.20
76.20
76.20
76.20
76.20
76.20
76.20
152.40
76.20
76.20
76.20
76.20
76.20
152.40
76.20
76.20
152.40
76.20
152.40
152.40
76.20
76.20
152.40
152.40
76.20
101.60
76.20
76.20
152.40
101.60
76.20
76.20
76.20
76.20
152.40
76.20
152.40
76.20
76.20
76.20
76.20
152.40
76.20
76.20
152.40
152.40
76.20
76.20
76.20
76.20
76.20
76.20
76.20
76.20
76.20
76.20
152.40
76.20
152.40
76.20
76.20
76.20
152.40
76.20
76.20
76.20
76.20
76.20
76.20
76.20
76.20
152.40
76.20
76.20
152.40
76.20
76.20
76.20
76.20
76.20
76.20
76.20
76.20
76.20
76.20
76.20
76.20
76.20
152.40
76.20
76.20
76.20
76.20
76.20
76.20
76.20
76.20
76.20
76.20
76.20
76.20
76.20
76.20
76.20
76.20
76.20
76.20
76.20
76.20
76.20
76.20
152.40
76.20
76.20
76.20
76.20
76.20
76.20
152.40
76.20
76.20
76.20
152.40
76.20
76.20
76.20
76.20
76.20
152.40
76.20
152.40
76.20
76.20
76.20
76.20
76.20
152.40
76.20
76.20
152.40
76.20
76.20
76.20
76.20
76.20
152.40
76.20
76.20
76.20
76.20
76.20
76.20
76.20
76.20
76.20
152.40
76.20
76.20
76.20
76.20
76.20
76.20
76.20
76.20
76.20
76.20
76.20
152.40
76.20
76.20
76.20
76.20
76.20
76.20
152.40
76.20
76.20
76.20
76.20
76.20
76.20
76.20
76.20
76.20
76.20
76.20
76.20
76.20
76.20
76.20
76.20
76.20
152.40
76.20
76.20
76.20
76.20
76.20
152.40
76.20
76.20
76.20
76.20
76.20
76.20
76.20
152.40
76.20
76.20
76.20
76.20
76.20
76.20
76.20
152.40
152.40
76.20
76.20
76.20
76.20
76.20
152.40
76.20
76.20
76.20
152.40
152.40
76.20
152.40
152.40
76.20
76.20
76.20
76.20
76.20
76.20
76.20
76.20
76.20
76.20
76.20
76.20
152.40
76.20
152.40
76.20
152.40
76.20
76.20
76.20
76.20
76.20
76.20
76.20
76.20
152.40
76.20
152.40
152.40
152.40
76.20
76.20
152.40
76.20
152.40
152.40
152.40
76.20
76.20
76.20
76.20
76.20
76.20
76.20
76.20
76.20
76.20
152.40
152.40
152.40
76.20
76.20
152.40
76.20
76.20
76.20
152.40
76.20
76.20
76.20
152.40
76.20
76.20
76.20
76.20
76.20
76.20
76.20
76.20
76.20
76.20
76.20
152.40
76.20
76.20
152.40
76.20
76.20
152.40
76.20
76.20
76.20
76.20
76.20
152.40
76.20
76.20
76.20
76.20
152.40
76.20
76.20
76.20
76.20
76.20
76.20
76.20
76.20
152.40
152.40
152.40
76.20
76.20
76.20
152.40
76.20
76.20
76.20
76.20
76.20
76.20
76.20
76.20
76.20
76.20
152.40
76.20
152.40
152.40
76.20
152.40
76.20
152.40
152.40
152.40
76.20
76.20
76.20
76.20
76.20
76.20
152.40
76.20
76.20
76.20
76.20
76.20
76.20
76.20
152.40
152.40
152.40
76.20
76.20
152.40
76.20
76.20
152.40
76.20
152.40
76.20
76.20
76.20
76.20
76.20
76.20
152.40
152.40
76.20
152.40
76.20
76.20
76.20
76.20
76.20
152.40
76.20
152.40
152.40
152.40
76.20
152.40
152.40
152.40
152.40
76.20
76.20
152.40
76.20
76.20
152.40
76.20
76.20
152.40
76.20
76.20
76.20
76.20
76.20
76.20
76.20
76.20
152.40
152.40
152.40
76.20
76.20
76.20
76.20
76.20
152.40
152.40
152.40
152.40
76.20
152.40
76.20
76.20
76.20
152.40
152.40
152.40
76.20
76.20
76.20
152.40
76.20
76.20
152.40
76.20
76.20
152.40
152.40
76.20
152.40
152.40
76.20
152.40
76.20
152.40
76.20
76.20
76.20
76.20
152.40
76.20
76.20
76.20
152.40
152.40
152.40
152.40
76.20
76.20
76.20
152.40
152.40
152.40
152.40
76.20
76.20
152.40
76.20
152.40
76.20
76.20
76.20
152.40
152.40
152.40
76.20
76.20
152.40
152.40
76.20
152.40
76.20
76.20
76.20
76.20
76.20
76.20
152.40
76.20
76.20
152.40
76.20
152.40
76.20
76.20
76.20
76.20
152.40
76.20
152.40
76.20
152.40
76.20
152.40
76.20
152.40
152.40
152.40
76.20
76.20
76.20
76.20
152.40
152.40
76.20
76.20
76.20
76.20
76.20
152.40
76.20
76.20
76.20
152.40
152.40
152.40
76.20
76.20
76.20
76.20
76.20
76.20
76.20
152.40
76.20
76.20
152.40
76.20
152.40
76.20
76.20
152.40
76.20
76.20
152.40
76.20
152.40
76.20
152.40
152.40
152.40
152.40
76.20
76.20
76.20
76.20
152.40
152.40
76.20
76.20
152.40
76.20
152.40
152.40
76.20
152.40
76.20
152.40
152.40
152.40
152.40
76.20
76.20
76.20
76.20
76.20
76.20
152.40
76.20
152.40
76.20
76.20
76.20
76.20
76.20
76.20
152.40
76.20
152.40
76.20
76.20
76.20
76.20
152.40
76.20
152.40
76.20
152.40
152.40
76.20
76.20
152.40
152.40
76.20
76.20
76.20
76.20
76.20
76.20
152.40
152.40
76.20
76.20
152.40
152.40
76.20
152.40
152.40
76.20
152.40
76.20
76.20
76.20
76.20
76.20
76.20
152.40
76.20
152.40
152.40
76.20
152.40
76.20
152.40
152.40
152.40
152.40
152.40
76.20
76.20
152.40
76.20
152.40
76.20
152.40
152.40
152.40
152.40
152.40
76.20
152.40
152.40
152.40
76.20
152.40
152.40
152.40
76.20
152.40
76.20
152.40
152.40
152.40
76.20
76.20
152.40
152.40
76.20
76.20
76.20
152.40
76.20
152.40
152.40
152.40
76.20
152.40
152.40
152.40
76.20
152.40
152.40
76.20
76.20
152.40
152.40
76.20
76.20
152.40
76.20
76.20
76.20
152.40
76.20
76.20
76.20
152.40
152.40
76.20
152.40
152.40
152.40
152.40
76.20
152.40
152.40
152.40
152.40
152.40
76.20
152.40
76.20
76.20
152.40
76.20
152.40
76.20
152.40
76.20
152.40
152.40
76.20
76.20
76.20
76.20
152.40
76.20
152.40
152.40
76.20
76.20
76.20
76.20
152.40
152.40
76.20
76.20
152.40
76.20
76.20
152.40
76.20
152.40
152.40
152.40
152.40
152.40
76.20
152.40
152.40
76.20
76.20
76.20
152.40
152.40
152.40
76.20
76.20
152.40
76.20
76.20
152.40
76.20
76.20
76.20
76.20
152.40
152.40
152.40
76.20
152.40
76.20
76.20
76.20
76.20
152.40
152.40
152.40
152.40
76.20
76.20
152.40
152.40
76.20
76.20
152.40
76.20
152.40
152.40
76.20
76.20
152.40
152.40
76.20
152.40
76.20
152.40
76.20
76.20
76.20
76.20
76.20
152.40
152.40
76.20
152.40
152.40
76.20
76.20
152.40
152.40
76.20
152.40
76.20
76.20
76.20
76.20
76.20
76.20
152.40
76.20
152.40
76.20
152.40
76.20
152.40
76.20
76.20
152.40
76.20
152.40
152.40
76.20
76.20
152.40
76.20
76.20
152.40
76.20
152.40
76.20
76.20
152.40
152.40
76.20
152.40
152.40
76.20
76.20
152.40
76.20
152.40
76.20
152.40
152.40
152.40
76.20
76.20
76.20
152.40
152.40
76.20
76.20
152.40
76.20
152.40
152.40
76.20
76.20
76.20
76.20
152.40
152.40
152.40
76.20
152.40
152.40
152.40
76.20
76.20
152.40
152.40
152.40
152.40
76.20
152.40
76.20
76.20
152.40
76.20
152.40
76.20
76.20
152.40
76.20
76.20
76.20
76.20
76.20
76.20
152.40
152.40
152.40
76.20
76.20
76.20
76.20
76.20
76.20
152.40
152.40
152.40
152.40
76.20
76.20
76.20
76.20
152.40
76.20
152.40
152.40
76.20
76.20
76.20
76.20
152.40
152.40
76.20
152.40
76.20
76.20
76.20
76.20
152.40
152.40
76.20
152.40
76.20
76.20
76.20
152.40
76.20
152.40
152.40
76.20
76.20
152.40
76.20
76.20
152.40
152.40
76.20
76.20
152.40
76.20
152.40
152.40
152.40
152.40
76.20
152.40
76.20
76.20
76.20
152.40
76.20
152.40
76.20
152.40
152.40
76.20
152.40
76.20
76.20
152.40
152.40
152.40
152.40
152.40
152.40
76.20
76.20
76.20
76.20
76.20
152.40
152.40
76.20
152.40
152.40
152.40
152.40
76.20
76.20
152.40
152.40
152.40
152.40
152.40
152.40
76.20
152.40
76.20
76.20
76.20
76.20
152.40
76.20
76.20
152.40
76.20
76.20
76.20
152.40
76.20
152.40
76.20
76.20
76.20
76.20
76.20
76.20
152.40
76.20
76.20
76.20
76.20
76.20
76.20
152.40
76.20
76.20
152.40
76.20
76.20
76.20
152.40
152.40
76.20
152.40
76.20
76.20
152.40
76.20
76.20
152.40
152.40
152.40
152.40
76.20
152.40
152.40
152.40
76.20
152.40
76.20
76.20
152.40
76.20
76.20
76.20
152.40
76.20
76.20
152.40
152.40
76.20
76.20
76.20
76.20
152.40
152.40
76.20
76.20
152.40
76.20
76.20
152.40
152.40
76.20
152.40
152.40
152.40
76.20
76.20
152.40
76.20
76.20
152.40
76.20
76.20
76.20
76.20
152.40
152.40
152.40
152.40
76.20
76.20
76.20
76.20
76.20
152.40
152.40
152.40
76.20
76.20
152.40
76.20
152.40
76.20
76.20
76.20
152.40
76.20
152.40
152.40
76.20
152.40
152.40
76.20
152.40
152.40
152.40
76.20
76.20
152.40
152.40
152.40
152.40
76.20
152.40
76.20
76.20
152.40
76.20
76.20
152.40
76.20
76.20
76.20
76.20
152.40
76.20
76.20
76.20
152.40
152.40
76.20
152.40
76.20
76.20
152.40
76.20
76.20
152.40
76.20
76.20
76.20
152.40
152.40
152.40
76.20
152.40
76.20
152.40
152.40
76.20
152.40
76.20
76.20
152.40
76.20
76.20
76.20
152.40
76.20
76.20
152.40
76.20
152.40
76.20
76.20
76.20
152.40
76.20
76.20
152.40
76.20
76.20
152.40
152.40
76.20
76.20
76.20
152.40
152.40
152.40
152.40
152.40
152.40
152.40
152.40
152.40
152.40
76.20
152.40
76.20
76.20
152.40
76.20
152.40
76.20
152.40
76.20
76.20
76.20
152.40
152.40
152.40
152.40
76.20
152.40
152.40
152.40
152.40
152.40
152.40
76.20
76.20
152.40
76.20
152.40
152.40
76.20
76.20
152.40
152.40
152.40
152.40
152.40
76.20
152.40
152.40
152.40
76.20
152.40
76.20
76.20
152.40
76.20
152.40
76.20
152.40
76.20
76.20
76.20
152.40
152.40
152.40
76.20
152.40
76.20
76.20
152.40
152.40
76.20
76.20
76.20
152.40
76.20
76.20
76.20
76.20
152.40
152.40
152.40
76.20
76.20
152.40
76.20
152.40
152.40
76.20
76.20
152.40
152.40
76.20
76.20
76.20
152.40
76.20
152.40
76.20
152.40
152.40
76.20
152.40
76.20
152.40
152.40
76.20
76.20
76.20
152.40
152.40
152.40
76.20
152.40
76.20
152.40
152.40
152.40
76.20
76.20
152.40
76.20
76.20
76.20
76.20
76.20
152.40
76.20
76.20
76.20
152.40
152.40
152.40
76.20
152.40
76.20
152.40
152.40
152.40
152.40
76.20
76.20
152.40
152.40
76.20
152.40
76.20
152.40
76.20
76.20
152.40
76.20
152.40
76.20
152.40
76.20
76.20
76.20
152.40
152.40
152.40
152.40
76.20
76.20
76.20
76.20
76.20
76.20
76.20
76.20
76.20
76.20
76.20
76.20
76.20
76.20
76.20
76.20
76.20
76.20
76.20
152.40
76.20
76.20
76.20
76.20
76.20
152.40
76.20
76.20
76.20
76.20
152.40
76.20
152.40
152.40
152.40
76.20
152.40
152.40
152.40
76.20
76.20
76.20
76.20
76.20
152.40
76.20
152.40
76.20
152.40
152.40
152.40
76.20
76.20
152.40
76.20
152.40
76.20
152.40
152.40
76.20
76.20
76.20
152.40
152.40
152.40
76.20
152.40
76.20
152.40
76.20
152.40
152.40
76.20
152.40
76.20
152.40
76.20
152.40
76.20
76.20
76.20
76.20
152.40
152.40
152.40
76.20
152.40
152.40
76.20
76.20
76.20
76.20
76.20
152.40
152.40
152.40
76.20
152.40
152.40
76.20
76.20
152.40
152.40
76.20
76.20
76.20
152.40
152.40
152.40
152.40
152.40
76.20
76.20
76.20
152.40
76.20
76.20
152.40
76.20
152.40
76.20
152.40
152.40
152.40
152.40
152.40
152.40
152.40
76.20
76.20
76.20
152.40
152.40
152.40
152.40
76.20
152.40
152.40
76.20
76.20
152.40
152.40
76.20
152.40
152.40
152.40
76.20
76.20
152.40
152.40
76.20
152.40
76.20
76.20
152.40
152.40
152.40
152.40
76.20
76.20
152.40
76.20
76.20
152.40
152.40
76.20
76.20
76.20
152.40
76.20
76.20
152.40
76.20
76.20
76.20
152.40
152.40
152.40
76.20
76.20
152.40
76.20
76.20
152.40
152.40
152.40
76.20
152.40
152.40
152.40
76.20
152.40
76.20
76.20
76.20
76.20
76.20
152.40
76.20
152.40
76.20
76.20
152.40
76.20
152.40
76.20
152.40
152.40
76.20
76.20
152.40
76.20
76.20
76.20
152.40
152.40
152.40
152.40
152.40
76.20
76.20
152.40
152.40
152.40
152.40
76.20
152.40
152.40
76.20
76.20
76.20
152.40
76.20
152.40
76.20
152.40
76.20
76.20
152.40
76.20
76.20
76.20
76.20
152.40
76.20
152.40
152.40
76.20
152.40
76.20
152.40
152.40
152.40
152.40
76.20
152.40
152.40
152.40
152.40
76.20
152.40
76.20
152.40
152.40
76.20
152.40
152.40
152.40
76.20
76.20
152.40
152.40
152.40
76.20
76.20
76.20
76.20
152.40
152.40
152.40
152.40
76.20
152.40
152.40
76.20
76.20
76.20
76.20
76.20
76.20
76.20
76.20
76.20
76.20
76.20
152.40
152.40
76.20
76.20
152.40
152.40
152.40
152.40
76.20
152.40
152.40
76.20
76.20
76.20
152.40
76.20
152.40
152.40
152.40
76.20
152.40
152.40
76.20
76.20
76.20
152.40
76.20
152.40
76.20
152.40
152.40
152.40
152.40
152.40
152.40
76.20
152.40
76.20
152.40
152.40
76.20
76.20
76.20
152.40
76.20
76.20
152.40
152.40
152.40
76.20
152.40
152.40
76.20
152.40
76.20
76.20
76.20
76.20
76.20
76.20
152.40
76.20
76.20
76.20
76.20
76.20
152.40
76.20
76.20
152.40
152.40
76.20
76.20
76.20
152.40
152.40
76.20
76.20
76.20
152.40
76.20
76.20
76.20
152.40
76.20
76.20
152.40
152.40
152.40
152.40
152.40
76.20
76.20
76.20
152.40
152.40
76.20
152.40
152.40
76.20
152.40
152.40
152.40
76.20
152.40
152.40
76.20
76.20
76.20
152.40
76.20
76.20
76.20
76.20
152.40
76.20
76.20
152.40
152.40
152.40
152.40
76.20
152.40
76.20
152.40
76.20
76.20
76.20
76.20
152.40
152.40
76.20
76.20
76.20
76.20
152.40
76.20
152.40
76.20
152.40
76.20
152.40
152.40
76.20
76.20
152.40
76.20
152.40
76.20
152.40
76.20
152.40
76.20
76.20
76.20
152.40
152.40
152.40
152.40
76.20
152.40
152.40
152.40
152.40
76.20
152.40
76.20
76.20
76.20
152.40
76.20
152.40
76.20
76.20
152.40
76.20
152.40
152.40
152.40
76.20
152.40
76.20
76.20
76.20
152.40
152.40
76.20
76.20
152.40
152.40
76.20
76.20
152.40
76.20
76.20
76.20
76.20
76.20
76.20
76.20
152.40
76.20
76.20
76.20
152.40
76.20
152.40
152.40
76.20
76.20
76.20
76.20
76.20
152.40
76.20
76.20
76.20
152.40
152.40
152.40
152.40
76.20
152.40
152.40
76.20
76.20
76.20
76.20
76.20
76.20
152.40
152.40
76.20
152.40
152.40
152.40
152.40
152.40
76.20
76.20
76.20
76.20
76.20
152.40
76.20
152.40
152.40
76.20
152.40
76.20
152.40
76.20
76.20
76.20
76.20
76.20
152.40
152.40
152.40
76.20
76.20
152.40
152.40
76.20
152.40
152.40
152.40
76.20
152.40
76.20
152.40
76.20
152.40
76.20
76.20
152.40
76.20
152.40
152.40
152.40
76.20
76.20
152.40
152.40
152.40
152.40
76.20
76.20
152.40
152.40
152.40
152.40
76.20
152.40
152.40
152.40
152.40
76.20
76.20
152.40
152.40
152.40
152.40
152.40
76.20
76.20
76.20
76.20
76.20
152.40
76.20
76.20
152.40
76.20
76.20
152.40
152.40
152.40
76.20
152.40
152.40
152.40
76.20
152.40
152.40
76.20
152.40
76.20
152.40
152.40
152.40
152.40
76.20
76.20
609.60
152.40
152.40
76.20
76.20
152.40
76.20
152.40
76.20
152.40
76.20
152.40
76.20
76.20
76.20
76.20
76.20
152.40
76.20
152.40
76.20
152.40
152.40
76.20
152.40
76.20
152.40
152.40
76.20
152.40
152.40
152.40
76.20
76.20
152.40
76.20
76.20
76.20
76.20
152.40
76.20
152.40
76.20
76.20
152.40
76.20
76.20
152.40
76.20
76.20
152.40
76.20
152.40
76.20
76.20
152.40
76.20
152.40
152.40
152.40
76.20
76.20
152.40
152.40
152.40
76.20
152.40
76.20
152.40
76.20
76.20
152.40
152.40
76.20
76.20
152.40
76.20
76.20
76.20
76.20
152.40
152.40
152.40
152.40
76.20
152.40
152.40
76.20
76.20
152.40
76.20
152.40
152.40
152.40
76.20
76.20
152.40
76.20
76.20
152.40
76.20
152.40
152.40
76.20
76.20
152.40
76.20
508.00
76.20
76.20
76.20
76.20
152.40
152.40
76.20
152.40
152.40
152.40
76.20
304.80
152.40
152.40
304.80
76.20
152.40
76.20
152.40
76.20
76.20
76.20
76.20
76.20
152.40
152.40
76.20
152.40
152.40
152.40
152.40
76.20
76.20
152.40
152.40
76.20
152.40
76.20
76.20
76.20
76.20
152.40
152.40
76.20
76.20
76.20
152.40
152.40
152.40
76.20
76.20
914.40
152.40
76.20
76.20
152.40
76.20
76.20
76.20
152.40
76.20
152.40
152.40
152.40
76.20
152.40
76.20
152.40
152.40
152.40
152.40
152.40
152.40
76.20
152.40
152.40
152.40
76.20
76.20
152.40
76.20
152.40
152.40
152.40
101.60
152.40
152.40
152.40
76.20
762.00
152.40
152.40
76.20
76.20
152.40
152.40
152.40
152.40
152.40
152.40
76.20
152.40
76.20
76.20
152.40
76.20
152.40
76.20
76.20
76.20
76.20
152.40
152.40
152.40
152.40
76.20
152.40
76.20
76.20
152.40
76.20
152.40
152.40
152.40
76.20
152.40
76.20
152.40
152.40
152.40
152.40
152.40
76.20
76.20
76.20
152.40
152.40
76.20
152.40
152.40
609.60
152.40
76.20
76.20
152.40
152.40
152.40
76.20
76.20
76.20
152.40
76.20
152.40
76.20
76.20
76.20
76.20
76.20
152.40
152.40
152.40
76.20
76.20
76.20
76.20
76.20
152.40
152.40
152.40
76.20
76.20
76.20
76.20
406.40
76.20
152.40
152.40
152.40
76.20
152.40
76.20
76.20
152.40
76.20
76.20
76.20
76.20
152.40
76.20
152.40
152.40
76.20
152.40
152.40
76.20
152.40
152.40
152.40
76.20
76.20
304.80
76.20
152.40
152.40
152.40
152.40
152.40
152.40
76.20
152.40
76.20
76.20
76.20
76.20
152.40
76.20
152.40
76.20
152.40
152.40
76.20
76.20
152.40
152.40
152.40
76.20
152.40
152.40
152.40
152.40
152.40
152.40
76.20
76.20
152.40
152.40
152.40
76.20
76.20
152.40
152.40
76.20
152.40
152.40
152.40
152.40
152.40
76.20
76.20
76.20
76.20
152.40
152.40
152.40
152.40
76.20
152.40
152.40
76.20
76.20
152.40
76.20
76.20
152.40
152.40
152.40
76.20
762.00
152.40
76.20
152.40
152.40
152.40
508.00
152.40
152.40
152.40
76.20
508.00
76.20
152.40
76.20
76.20
76.20
152.40
152.40
76.20
152.40
355.60
76.20
203.20
152.40
152.40
76.20
152.40
76.20
76.20
152.40
152.40
152.40
76.20
152.40
152.40
76.20
152.40
76.20
152.40
76.20
152.40
152.40
152.40
152.40
152.40
152.40
76.20
152.40
76.20
152.40
76.20
76.20
152.40
101.60
152.40
76.20
152.40
152.40
152.40
152.40
76.20
76.20
152.40
76.20
76.20
355.60
76.20
76.20
76.20
152.40
152.40
152.40
152.40
152.40
76.20
762.00
76.20
152.40
76.20
152.40
152.40
152.40
254.00
152.40
152.40
152.40
152.40
152.40
152.40
152.40
152.40
152.40
152.40
152.40
76.20
76.20
152.40
152.40
152.40
152.40
152.40
76.20
76.20
76.20
152.40
76.20
76.20
76.20
76.20
152.40
152.40
762.00
76.20
609.60
76.20
152.40
152.40
152.40
152.40
152.40
76.20
152.40
76.20
152.40
76.20
76.20
152.40
152.40
76.20
76.20
76.20
76.20
152.40
152.40
152.40
76.20
76.20
152.40
152.40
76.20
152.40
152.40
152.40
76.20
152.40
152.40
406.40
76.20
76.20
76.20
76.20
76.20
76.20
203.20
152.40
76.20
76.20
76.20
152.40
76.20
152.40
355.60
152.40
152.40
101.60
152.40
76.20
76.20
152.40
76.20
76.20
152.40
76.20
76.20
76.20
76.20
152.40
76.20
76.20
76.20
76.20
76.20
152.40
152.40
76.20
152.40
152.40
76.20
76.20
152.40
76.20
76.20
76.20
76.20
152.40
152.40
76.20
76.20
76.20
152.40
152.40
152.40
152.40
609.60
76.20
152.40
152.40
152.40
152.40
76.20
152.40
152.40
76.20
152.40
76.20
76.20
152.40
152.40
152.40
914.40
609.60
152.40
76.20
152.40
76.20
76.20
152.40
76.20
152.40
152.40
152.40
76.20
152.40
152.40
76.20
76.20
152.40
152.40
152.40
152.40
76.20
406.40
152.40
457.20
152.40
152.40
508.00
101.60
76.20
152.40
152.40
152.40
76.20
152.40
76.20
762.00
76.20
152.40
152.40
152.40
152.40
76.20
76.20
152.40
152.40
76.20
152.40
76.20
406.40
762.00
152.40
101.60
152.40
76.20
76.20
152.40
76.20
76.20
76.20
152.40
76.20
76.20
152.40
152.40
76.20
152.40
152.40
152.40
152.40
76.20
76.20
76.20
152.40
76.20
152.40
152.40
76.20
508.00
76.20
355.60
76.20
152.40
152.40
76.20
76.20
152.40
76.20
152.40
76.20
76.20
152.40
76.20
152.40
76.20
152.40
152.40
76.20
152.40
76.20
76.20
152.40
76.20
76.20
152.40
76.20
76.20
76.20
76.20
152.40
762.00
76.20
101.60
152.40
152.40
76.20
457.20
76.20
152.40
76.20
76.20
152.40
76.20
254.00
76.20
152.40
508.00
76.20
152.40
355.60
76.20
152.40
76.20
76.20
76.20
76.20
101.60
152.40
203.20
76.20
76.20
76.20
76.20
152.40
76.20
152.40
76.20
508.00
152.40
76.20
254.00
76.20
152.40
152.40
152.40
76.20
76.20
152.40
152.40
76.20
152.40
152.40
76.20
152.40
152.40
152.40
406.40
76.20
152.40
152.40
152.40
152.40
76.20
76.20
152.40
152.40
152.40
152.40
762.00
152.40
152.40
152.40
914.40
152.40
152.40
101.60
76.20
152.40
152.40
152.40
76.20
76.20
76.20
76.20
152.40
152.40
152.40
76.20
76.20
76.20
152.40
76.20
76.20
76.20
152.40
152.40
152.40
152.40
152.40
152.40
152.40
152.40
152.40
76.20
76.20
152.40
609.60
457.20
76.20
152.40
76.20
152.40
152.40
76.20
76.20
76.20
152.40
76.20
152.40
152.40
76.20
762.00
152.40
76.20
304.80
152.40
152.40
152.40
152.40
76.20
76.20
76.20
152.40
76.20
76.20
76.20
76.20
406.40
76.20
152.40
762.00
76.20
152.40
76.20
76.20
152.40
76.20
152.40
76.20
152.40
76.20
152.40
152.40
76.20
152.40
152.40
76.20
76.20
152.40
152.40
152.40
76.20
152.40
152.40
76.20
152.40
152.40
76.20
76.20
152.40
152.40
76.20
76.20
152.40
152.40
152.40
152.40
152.40
152.40
152.40
152.40
76.20
76.20
152.40
76.20
152.40
152.40
152.40
76.20
355.60
152.40
76.20
76.20
76.20
76.20
152.40
152.40
406.40
152.40
152.40
76.20
152.40
152.40
76.20
152.40
152.40
152.40
152.40
76.20
152.40
152.40
76.20
406.40
762.00
76.20
76.20
152.40
152.40
76.20
101.60
76.20
152.40
76.20
76.20
152.40
152.40
152.40
152.40
609.60
152.40
152.40
152.40
152.40
152.40
152.40
76.20
152.40
152.40
762.00
76.20
152.40
76.20
76.20
76.20
76.20
76.20
76.20
76.20
152.40
76.20
152.40
76.20
254.00
76.20
508.00
152.40
152.40
152.40
76.20
457.20
152.40
304.80
76.20
152.40
76.20
152.40
152.40
76.20
76.20
152.40
76.20
152.40
152.40
76.20
152.40
152.40
76.20
152.40
203.20
152.40
152.40
76.20
76.20
152.40
76.20
76.20
152.40
152.40
914.40
76.20
152.40
76.20
76.20
152.40
762.00
76.20
152.40
152.40
152.40
152.40
152.40
76.20
76.20
76.20
152.40
76.20
152.40
152.40
152.40
762.00
76.20
101.60
152.40
76.20
76.20
152.40
76.20
152.40
76.20
76.20
152.40
76.20
152.40
152.40
762.00
508.00
76.20
76.20
76.20
76.20
76.20
304.80
76.20
304.80
76.20
76.20
76.20
76.20
76.20
152.40
76.20
152.40
76.20
76.20
76.20
152.40
76.20
76.20
76.20
76.20
76.20
152.40
152.40
76.20
152.40
76.20
76.20
76.20
152.40
152.40
152.40
76.20
76.20
76.20
152.40
254.00
152.40
152.40
76.20
152.40
76.20
76.20
76.20
76.20
152.40
76.20
76.20
76.20
152.40
76.20
254.00
152.40
76.20
76.20
76.20
76.20
76.20
152.40
152.40
76.20
76.20
76.20
76.20
152.40
152.40
457.20
76.20
152.40
152.40
152.40
152.40
152.40
76.20
76.20
101.60
152.40
152.40
152.40
76.20
152.40
152.40
152.40
152.40
152.40
152.40
152.40
76.20
152.40
152.40
152.40
152.40
152.40
76.20
76.20
152.40
76.20
76.20
152.40
152.40
152.40
76.20
152.40
76.20
152.40
152.40
152.40
152.40
76.20
76.20
152.40
76.20
76.20
76.20
76.20
152.40
152.40
76.20
76.20
152.40
152.40
76.20
76.20
152.40
76.20
152.40
304.80
152.40
76.20
76.20
152.40
152.40
152.40
152.40
152.40
152.40
152.40
152.40
152.40
152.40
152.40
76.20
152.40
152.40
76.20
76.20
152.40
152.40
152.40
76.20
76.20
76.20
152.40
152.40
152.40
152.40
152.40
76.20
152.40
76.20
76.20
152.40
76.20
76.20
76.20
152.40
152.40
152.40
152.40
152.40
152.40
76.20
76.20
152.40
457.20
152.40
76.20
76.20
152.40
76.20
152.40
457.20
