8
1000.0120
1000.0120
1000.0120
1000.0120
1000.0120
1000.0120
1000.0120
1000.0120
18.00
8.00
16.00
6.00
14.00
10.00
6.00
4.00
16.00
8.00
20.00
12.00
12.00
3.00
4.00
10.00
18.00
8.00
18.00
12.00
12.00
12.00
1.00
10.00
18.00
18.00
10.00
6.00
4.00
12.00
18.00
16.00
22.00
4.00
20.00
14.00
18.00
2.00
14.00
14.00
16.00
14.00
20.00
6.00
14.00
8.00
12.00
24.00
18.00
18.00
16.00
14.00
18.00
3.00
14.00
16.00
20.00
12.00
14.00
14.00
6.00
24.00
20.00
16.00
22.00
18.00
10.00
24.00
4.00
12.00
20.00
16.00
24.00
22.00
22.00
12.00
16.00
10.00
14.00
12.00
22.00
22.00
20.00
1.00
12.00
24.00
20.00
6.00
