17
4828
1609
1609
6437
1609
1609
1609
1609
1609
1609
1609
1609
1609
1609
4828
6437
1609
152.00
152.00
203.00
152.00
152.00
254.00
152.00
152.00
152.00
152.00
152.00
152.00
152.00
152.00
152.00
305.00
152.00
254.00
152.00
152.00
152.00
254.00
152.00
254.00
152.00
152.00
152.00
152.00
152.00
152.00
152.00
152.00
254.00
152.00
152.00
254.00
152.00
254.00
152.00
203.00
254.00
152.00
152.00
152.00
152.00
152.00
152.00
152.00
254.00
152.00
152.00
254.00
152.00
152.00
254.00
152.00
152.00
152.00
152.00
152.00
152.00
254.00
152.00
254.00
152.00
152.00
152.00
254.00
254.00
152.00
152.00
254.00
152.00
254.00
152.00
254.00
152.00
152.00
152.00
254.00
152.00
152.00
152.00
152.00
254.00
152.00
152.00
254.00
152.00
254.00
254.00
254.00
152.00
152.00
152.00
152.00
254.00
152.00
152.00
254.00
254.00
152.00
152.00
254.00
254.00
254.00
254.00
152.00
152.00
152.00
254.00
152.00
152.00
254.00
152.00
152.00
152.00
254.00
152.00
254.00
152.00
152.00
152.00
152.00
152.00
254.00
254.00
152.00
254.00
152.00
254.00
152.00
152.00
152.00
305.00
254.00
152.00
152.00
254.00
254.00
152.00
152.00
254.00
152.00
152.00
152.00
254.00
254.00
305.00
254.00
254.00
254.00
152.00
509.00
254.00
152.00
254.00
152.00
254.00
254.00
152.00
305.00
152.00
254.00
203.00
407.00
203.00
254.00
356.00
254.00
305.00
254.00
458.00
152.00
356.00
407.00
254.00
509.00
305.00
509.00
407.00
305.00
203.00
203.00
254.00
305.00
407.00
