338
1
378
1
2
3
4
5
6
7
8
9
10
11
12
13
14
15
16
17
18
19
20
21
22
23
24
25
26
27
28
29
30
31
32
33
34
35
36
37
38
39
40
41
42
43
44
45
46
47
48
49
50
51
52
53
54
55
56
57
58
59
60
61
62
63
64
65
66
67
68
69
70
71
72
73
74
75
76
78
79
80
81
82
83
84
85
86
87
88
89
90
91
92
93
94
95
96
97
98
99
100
101
102
103
104
105
106
107
108
109
110
111
112
113
114
115
116
117
118
119
120
121
122
123
124
125
126
127
128
129
130
131
132
133
134
135
136
137
138
139
140
141
142
143
144
145
146
147
148
149
150
151
152
153
154
155
156
157
158
159
160
161
162
163
164
165
166
167
168
169
170
171
172
173
174
175
176
177
178
179
180
181
182
183
184
185
186
187
188
189
190
191
192
193
194
195
196
197
198
199
200
201
202
203
204
205
206
207
208
209
210
211
212
213
214
215
216
217
218
219
220
221
222
223
224
225
226
227
228
229
230
231
232
233
234
235
236
237
238
239
240
241
242
243
244
245
246
247
248
249
250
251
252
253
254
255
256
257
258
259
260
261
262
263
264
265
266
267
268
269
270
271
272
273
274
275
276
277
278
279
280
281
282
283
284
285
286
287
288
289
290
291
292
293
294
295
296
297
298
299
300
301
302
303
304
305
306
307
308
309
310
311
312
313
314
315
316
317
318
319
320
321
322
323
324
325
326
327
328
329
330
331
332
333
334
335
336
337
338
339
9987.0800
10008.9900
9822.3400
9809.8700
9801.8500
9853.0700
9879.5300
9965.7600
9816.2400
10193.1300
10124.5800
10069.1700
10000.6200
9902.9800
9856.9200
10089.2900
9338.9900
9065.9800
9524.8900
9575.5000
9591.5900
9686.0700
9862.3200
9506.3000
9873.0800
9845.1400
9902.7100
11868.2500
11471.7200
11281.1400
11237.6700
11240.4100
11260.4500
11252.7100
11250.7400
11176.1100
11080.1500
11099.0900
11167.7000
10648.6000
10523.9700
10391.0300
10457.0800
10764.3300
11043.1000
10661.5200
10741.0700
10756.3000
10786.8900
10803.4600
10801.3100
10830.6600
10846.4200
11069.5300
11069.2800
12118.4000
12140.1300
12140.3700
12122.1600
12074.2900
11701.3400
12026.2800
9580.6300
9570.6500
9835.9500
9541.9400
9914.7500
9721.2600
9997.6200
10031.0000
10989.0800
9879.7600
10377.7700
11334.6600
10104.1100
10024.6700
12339.0700
10017.2500
9837.9800
9888.2800
9881.4500
9911.5100
9916.4900
9871.4400
9874.7100
9917.0000
10034.9500
10035.8300
10136.2400
10043.5200
9876.3100
10059.9800
10169.6400
10365.0700
11708.2600
11723.6600
11865.6800
10616.8000
9885.2700
11099.6900
12076.4200
9654.6800
9778.5200
9807.4500
12110.6000
12072.7300
12052.8700
11302.9000
11269.4800
11237.1600
11309.5700
11099.1700
10834.2800
10771.6600
11073.9700
11197.0600
10695.1100
10682.8600
10749.9500
10682.5300
10630.1200
10638.0000
10734.0900
10657.0800
10514.2700
10465.0700
10489.6400
10583.6000
10463.7500
10422.3600
10420.3100
10508.7700
10206.1900
10327.7200
10725.3300
10482.5200
10185.1700
9908.3800
9951.5100
9953.4800
9949.5500
9859.6300
9840.3700
9808.7200
9718.6800
9789.3300
9460.4200
9826.1200
9858.0700
9863.8300
10346.8000
10202.4800
10356.0200
10357.4900
10342.0200
10368.0200
10389.2400
10193.0500
10118.3000
10114.0800
10076.6400
10055.5000
10049.2300
10112.6100
10015.5000
10139.1600
10387.9000
10324.8100
10301.0800
10333.9600
10374.6700
10298.8200
10305.9800
10292.1000
10294.0000
10231.3200
10235.7800
10226.7000
10283.3200
10111.1300
10154.1100
10106.2500
10162.6400
10145.5500
10167.2500
10064.8300
10176.5900
10184.8000
10181.8700
10093.6700
10109.7200
10171.9400
10040.3300
10059.1900
10030.7600
9990.0400
9990.5500
9997.7000
10007.9800
10022.8400
10001.5700
9960.4300
9967.5500
9986.7400
10057.5600
10064.0400
9990.9400
9999.3500
9999.4300
10054.6700
10023.2600
10016.1800
9964.0600
9956.2800
9949.1900
9948.4000
9964.9700
9926.0100
9923.8800
9902.3700
9952.6400
9895.9600
9894.1300
9916.5200
9918.1300
9992.7500
9958.8900
9981.0600
9933.2300
10007.9100
10100.3000
10318.6000
10058.1000
10370.6000
10075.1400
10067.4600
10064.4800
10025.2600
10021.4300
10015.8200
9980.7100
9962.0300
9973.1900
10080.1200
9990.6900
10029.2400
10013.1500
10018.4700
9969.6200
9887.3100
9843.9300
9843.6500
9844.7400
9909.6000
9950.4400
9964.8400
9956.7500
9888.0600
9864.1200
9894.4700
9920.0900
9869.7000
9877.3500
9926.4400
9892.3100
9883.7500
9820.1500
9934.3100
9813.7200
9820.0800
9849.9000
9843.6200
9757.8000
9782.4800
9813.5500
9768.6300
9775.2300
9734.7400
9740.8200
9721.3600
9782.9000
9832.0200
9751.4800
9898.4700
9873.9800
10025.3400
11184.0900
9891.4900
9960.4000
9852.0400
10113.0700
8850.3400
9499.2900
11150.6300
10503.0800
10818.4400
9392.2700
8979.0900
10232.7800
12394.3100
9580.2000
9850.8700
10117.3400
9832.2300
10022.0200
11918.0100
11832.0000
12364.0400
12397.9300
11853.8500
9892.6000
11054.4200
11353.0400
12000.2100
12087.0300
11983.6400
11100.9400
11001.3600
10421.3000
10323.5300
10622.0700
10503.4800
11334.2000
10347.0500
10227.6200
10054.0300
10164.3800
10257.3000
10115.1200
10198.6900
10067.2100
9959.6000
10057.0800
9954.7200
9994.4300
9892.6500
9632.7300
9875.2600
10925.3300
10870.0500
11114.4500
11067.9800
11001.5600
10853.0200
10833.1600
10758.1000
11104.4800
11792.4800
12058.4600
11671.1000
11593.4200
11482.3100
11452.6600
11697.1000
11018.4200
11141.1100
10948.6400
10680.5900
10578.9800
10479.4900
10458.1400
10984.7700
10313.9100
10252.9700
10427.5700
10318.7300
10261.3400
10248.1300
10523.3900
10535.9400
10286.1400
10320.3100
10322.0600
10213.8400
10392.9600
10227.8300
10219.5700
9775.2900
9703.4500
9661.5800
9750.5300
9843.7300
10038.2600
10265.2100
10287.7300
10285.5200
10263.1300
10207.7100
10163.6500
10154.7000
10155.7500
10074.5300
10074.1500
9934.7100
9705.1600
9605.3600
9531.2600
9239.3000
8693.1300
9143.6900
9754.9700
9755.6100
9723.5000
9762.4300
9788.6300
9244.2700
9338.4500
9541.3800
8963.8000
9196.1500
9456.2500
8844.9700
9650.2400
9966.3900
9920.5400
9741.7100
10186.2900
9845.5300
9826.2300
9792.2900
9786.5900
9831.1200
9833.8400
9785.9800
9953.7300
9961.5000
9845.6300
9952.6300
9977.9300
9613.4700
9601.4700
9517.5200
8679.8200
8640.8500
10309.0800
9917.9900
10214.6800
10322.6100
9921.9400
11201.8000
11170.9100
11330.1700
9931.4800
9791.8900
9871.2200
10526.8000
10531.6900
10522.0500
10504.0400
10314.7100
10152.1900
10129.7600
10234.5300
10413.0800
10080.2200
10066.5400
9839.4800
10023.0300
9907.3100
9916.3900
9845.5300
10363.3800
10017.5300
10058.7700
10060.5400
10396.4200
10087.9800
10272.8200
10289.8300
10296.8400
10231.7900
10420.5700
10092.1500
10522.2900
11779.9500
11636.8500
10703.6000
10711.7400
10695.4600
11533.1600
11434.9500
11572.8400
11353.3200
11154.6400
11069.5500
11405.4900
11650.6200
11529.8900
10579.8900
10236.0300
9576.9900
9507.8500
9523.2900
9478.9700
9605.4500
10107.4900
10104.8200
10101.1400
10146.6800
10049.6600
10044.1400
10099.8500
10098.2200
10065.2900
9651.8500
9692.4200
9650.6500
9685.7800
9609.9500
9602.1500
9553.3800
9555.0700
9658.3600
9545.7700
9565.6000
9568.9300
9555.0200
9642.0100
9679.9400
9731.9000
9686.9300
9689.2400
9592.3600
9697.2200
9590.8400
9639.5100
9705.9600
9828.9100
9827.7400
9860.7200
9889.5000
9904.6700
9959.0200
10007.5000
9992.2000
9998.4000
10007.8900
9952.2500
9933.5200
9980.4100
9972.1700
9988.8900
9789.8400
9782.2400
9849.2400
9856.4300
9856.5000
9774.1500
9746.9300
9755.3400
9908.7800
9901.7600
9909.5000
9895.5600
9892.7700
9936.0400
9791.9500
9857.5200
9829.1300
9865.0800
9850.5700
9869.2100
9929.1300
9863.9900
9821.8700
9923.7600
9942.2800
9863.4300
9821.3800
9698.7600
9705.2600
9599.3200
9610.4500
9604.2300
9598.8500
9656.3500
9661.0800
9667.9200
9710.0500
9693.9300
9719.0500
9614.6300
9718.7000
9667.4100
10229.3200
10222.4000
10154.5300
10204.2600
10249.0500
10248.1300
10251.6700
10452.5600
10054.5100
10054.0800
10047.0200
10127.6700
10094.4900
10120.1700
10028.1300
10000.5500
9991.7800
10020.6200
9991.8900
9984.4500
10057.3400
10027.4100
10154.2900
10146.7000
10172.2400
10179.6500
10221.0500
10191.5900
10215.1500
10116.4000
10108.8400
10155.2500
10148.2800
10167.5400
10115.4700
9938.8200
10087.8900
10136.8900
9890.4200
10213.4600
10357.4900
10360.3000
10960.5600
11037.1400
12026.0000
11067.6000
11074.4800
10534.1400
10141.7400
9990.4000
9840.1100
8977.1900
9536.9500
10039.2600
9748.3400
9813.3000
10005.5700
10181.6200
9735.9800
9301.1800
8357.0900
9631.4800
9901.6400
10301.6900
10208.7900
10370.1400
10447.8700
9773.2400
9694.3300
9853.7400
10314.4000
10276.3500
10289.7500
10203.4400
10464.1700
10943.3200
8844.0800
9528.7300
10139.3700
10038.5100
10032.4600
9609.2600
9739.7300
9829.6000
9911.1300
9887.6600
9599.1000
9687.6100
9631.3800
10208.8400
10277.1700
10005.4400
876.80100
881.71100
849.82300
858.00000
864.54700
885.31900
889.66500
900.00000
852.00000
825.00000
823.00000
843.00000
841.03700
850.23700
847.51600
839.83000
846.44400
872.00000
868.96800
902.77300
916.69400
924.71700
936.96200
856.22100
965.73800
976.70400
947.59900
851.02700
876.25100
903.09800
872.55600
868.57100
909.92000
908.65400
908.84400
914.56500
870.68600
901.52500
915.70900
986.98500
1000.48600
1028.00000
1014.00000
975.51000
936.90500
915.91200
909.56900
907.07900
902.17300
902.00000
901.03600
904.55400
904.50500
932.00000
932.06800
892.72000
912.00000
915.84700
922.54200
946.56300
1027.76700
958.34400
949.59200
948.33000
996.24800
945.60100
1006.00000
1022.96300
1025.27600
1029.24400
1014.00000
1023.05500
1025.02400
1020.00000
1018.97700
1002.86400
879.24500
1018.00000
985.00000
992.73500
990.80300
1004.68800
1006.22900
989.00000
989.27800
1006.33900
1003.00000
1003.00000
984.94500
1002.35800
984.66000
1028.52600
1030.78500
1028.24200
1027.00000
1026.21800
851.84700
964.57400
980.51400
885.04100
885.33900
841.75400
843.57800
839.00000
891.29400
896.76400
887.23500
869.00000
869.00000
872.84400
870.41000
887.00000
905.41400
911.95400
898.94000
898.73600
924.01500
926.41800
977.24300
935.14100
965.22700
962.42600
975.81700
909.16600
955.27700
951.13700
949.03100
915.94800
944.97900
939.06300
938.99300
923.97600
977.95700
946.43500
919.91200
918.20400
824.22800
861.87700
905.92000
904.51400
907.80300
858.18500
843.91800
862.91000
837.79000
845.02100
845.06800
841.49300
862.29400
857.50800
934.00000
977.89900
1029.52700
1028.81400
1030.00000
1026.87100
1028.43000
982.88500
989.87100
990.40900
985.18600
996.00000
996.11600
990.55500
988.19300
990.00000
1028.00000
1015.13900
1017.34600
1016.41800
1029.00000
1026.24500
1029.64100
1029.24700
1014.96200
1031.00000
1030.30100
1030.29000
1030.11900
1020.22400
1016.28000
1007.44400
1015.43900
1012.73100
1031.00000
1018.01000
1030.98300
1022.94200
1013.08800
1000.09400
997.75100
985.70500
1009.18600
1001.92900
1003.00000
998.99100
998.67400
999.92700
999.92900
1003.85900
1004.27700
993.61000
995.00000
997.97200
1012.36200
1012.19600
1008.20700
1009.08700
1009.09200
1013.56400
1017.54200
1016.74100
1002.09100
1001.45000
1000.00000
1001.38400
1003.00000
995.00000
1006.74700
997.33200
1004.78400
997.81500
994.25500
999.00000
995.27200
1008.09100
1005.74600
1003.00000
994.94000
1009.66100
1000.29100
1013.13300
1018.05900
1029.02700
1028.57400
1029.00000
1029.19500
1026.83100
1026.00000
1025.47600
1020.83800
1021.00000
1019.66100
1028.17400
1020.39200
1025.54500
966.34100
966.84000
972.94100
981.29100
977.00000
977.07500
976.85900
943.49100
988.88000
989.51200
989.75600
984.94600
988.00000
984.85800
990.33500
985.00000
985.76300
990.86000
987.79500
987.00000
984.00000
990.80700
980.98400
981.82600
986.00000
986.00000
972.91600
976.54600
980.97300
978.69500
980.00000
971.39700
973.00000
968.35300
980.56800
985.42200
979.40700
983.89200
995.67400
968.90100
906.91500
958.03800
870.05400
851.52000
823.53700
889.00000
845.25000
866.00000
931.42700
940.22700
923.93200
1023.00000
1033.22800
872.00000
949.59000
987.51100
987.54800
984.01700
1018.00000
943.70600
1028.00000
894.00000
877.00000
853.08500
980.65200
875.60400
885.49400
898.12900
909.15700
891.62300
887.00000
890.78900
938.76700
955.94900
906.33700
898.65700
1020.00000
1030.00000
975.89900
996.12700
979.41300
1015.87600
1003.83600
991.54000
998.61000
1002.85100
1028.89000
1021.00000
1025.00000
980.64400
942.54700
985.70300
1.0000
1.0000
1.0000
1.0000
1.0000
1.0000
1.0000
1.0000
1.0000
1.0000
1.0000
1.0000
1.0000
1.0000
1.0000
1.0000
1.0000
1.0000
1.0000
1.0000
1.0000
0.0570
0.0550
0.0100
0.0160
0.0130
0.0100
0.0100
0.0010
0.0100
0.0100
0.0100
0.0100
0.0100
0.0100
0.0100
0.0100
0.0100
0.0100
0.0100
0.0100
0.4150
0.1640
0.0100
0.0100
0.0010
0.0100
0.0100
0.0100
0.0100
0.0100
0.0100
0.0100
0.0100
0.0100
0.0010
0.0010
0.0100
0.0010
0.0100
0.0010
0.0010
0.0710
0.0100
0.1580
0.0560
0.0100
0.0190
0.2090
0.2360
0.1780
0.0190
0.2390
0.0100
0.0080
0.0100
0.0010
0.0020
0.0110
0.0200
0.0050
0.0120
0.0150
0.0090
0.0040
0.0100
0.0100
0.0030
0.0120
0.0480
0.0200
0.0100
0.0270
0.1110
0.0100
0.0010
0.0100
0.0100
0.0930
0.0100
0.0100
0.0010
0.0100
0.0100
0.0100
0.0100
0.0100
0.0100
0.0100
0.0100
0.0100
0.0100
0.0100
0.0100
0.0100
0.0100
0.0100
0.0100
0.0100
0.0100
0.0100
0.0100
0.0100
0.0100
0.0100
0.0100
0.0100
0.0100
0.0100
0.0100
0.0100
0.0100
0.0090
0.0010
0.0100
0.0100
0.0100
0.0100
0.0100
0.0100
0.0100
0.0100
0.0100
0.0100
0.0100
0.0100
0.0100
0.0100
0.0100
0.0100
0.0010
0.1020
0.0060
0.0080
0.0270
0.0200
0.0650
0.0310
0.2100
0.0000
0.1230
0.0260
0.0790
0.0330
0.0570
0.0280
0.0050
0.0080
0.0000
0.0300
0.0070
0.0230
0.0000
0.0290
0.0150
0.0000
0.0000
0.0000
0.0000
0.0000
0.0070
0.0200
0.0080
0.0000
0.0930
0.0320
0.0000
0.0610
0.0750
0.0000
0.0080
0.0750
0.0460
0.0010
0.0000
0.0240
0.0000
0.0230
0.0090
0.0210
0.0560
0.0480
0.0330
0.0000
0.0390
0.0000
0.0000
0.0000
0.0690
0.0080
0.0280
0.0440
0.0000
0.0000
0.0080
0.0060
0.0300
0.0270
0.0000
0.0140
0.0400
0.0260
0.0000
0.0220
0.0150
0.0160
0.0870
0.0070
0.0130
0.0190
0.0140
0.0140
0.0170
0.0110
0.0000
0.0380
0.0050
0.0200
0.0470
0.0000
0.0450
0.0050
0.0000
0.0000
0.0140
0.0400
0.0010
0.0180
0.0320
0.0140
0.0000
0.0130
0.0000
0.0000
0.0150
0.0410
0.0240
0.0210
0.0690
0.0100
0.0490
0.0240
0.0090
0.0160
0.0170
0.0250
0.0620
0.0140
0.0100
0.0430
0.0390
0.0050
0.0290
0.0120
0.0290
0.0130
0.0250
1.0000
0.0050
0.0710
0.0240
0.0470
0.0420
0.0370
0.0180
0.0600
1.0000
0.0120
1.0000
1.0000
1.0000
1.0000
1.0000
1.0000
1.0000
0.0010
1.0000
0.0020
1.0000
1.0000
0.0030
0.0280
0.0100
0.0100
1.0000
1.0000
0.0010
0.0010
1.0000
1.0000
1.0000
0.0000
1.0000
1.0000
1.0000
1.0000
1.0000
1.0000
1.0000
1.0000
1.0000
0.0010
0.0010
0.0320
1.0000
0.0010
0.0080
0.0320
1.0000
0.0630
1.0000
1.0000
0.0090
1.0000
0.0190
0.0320
0.1550
0.0260
919.17300
920.49900
916.39900
916.69300
917.42900
919.97600
920.71200
924.02700
916.44000
901.27900
900.51900
902.48200
904.04800
907.15400
908.67000
902.14600
916.30300
915.41600
921.74300
933.06900
938.27100
946.48900
957.23100
920.33300
988.82000
1009.59700
968.16500
957.77900
951.31100
948.20300
947.86600
947.86600
948.06200
947.95000
947.94200
947.49800
946.50100
946.99400
947.43400
1047.89600
1048.08600
1048.38000
1048.19600
1047.73700
1047.67500
1047.56400
1047.58100
1047.58400
1047.59300
1047.60600
1047.61600
1047.62400
1047.62800
1047.66700
947.49800
968.01000
978.55700
983.11100
988.09600
992.93100
1043.34100
999.94900
1033.66100
1033.65100
1033.94800
1033.62300
1034.09000
1048.38000
1048.38100
1048.39800
1045.41400
1048.38000
1047.60600
1044.42000
1042.83400
1031.11200
982.00400
1037.67000
1018.50600
1032.56800
1033.10000
1033.99400
1034.16400
1032.90700
1032.90700
1034.18600
1031.74100
1032.00100
1036.34900
1032.00100
1028.07900
1046.28900
1050.08700
1047.85700
1043.05500
1043.05500
957.77600
1047.63700
1011.09700
946.56800
967.73500
915.54800
915.54200
913.47100
967.95700
967.14700
967.39200
947.86600
947.86600
947.86600
947.86600
946.57500
1047.62800
1047.62900
946.83200
947.86700
1047.63100
1047.63100
1047.74000
1047.63300
1047.64700
1047.65500
1047.72900
1025.40600
1047.58300
1047.55700
1047.56500
1025.40600
1047.54600
1025.30400
1025.30600
1025.34600
1026.23500
1025.53500
1047.63000
1025.78500
901.36900
909.53000
930.52900
929.55400
931.51700
909.53000
909.53100
909.53000
914.21200
915.77600
917.10100
910.70000
909.53000
909.53000
1025.91700
1026.25300
1049.63900
1047.76700
1048.79500
1047.67800
1048.56600
1027.27300
1027.37900
1027.37900
1027.28700
1027.76100
1027.91700
1027.37900
1027.39600
1027.33600
1048.40600
1048.31000
1049.90600
1048.32400
1048.68800
1051.46800
1051.02600
1052.76800
1049.90600
1056.43700
1056.20800
1051.24400
1053.29600
1043.15300
1041.87300
1040.35400
1041.87300
1041.59400
1050.09700
1041.04100
1050.26600
1050.04200
1041.87300
1035.97500
1036.27500
1038.05600
1033.74800
1033.72500
1031.53900
1028.88900
1029.33300
1029.24200
1028.97300
1031.56500
1031.63700
1029.24900
1029.62900
1029.38300
1036.83500
1037.17600
1033.96600
1033.92700
1033.83500
1037.28500
1037.65000
1037.25500
1031.79800
1031.83500
1031.42700
1031.93200
1032.15900
1030.05900
1034.17400
1032.21600
1033.84100
1031.81200
1032.42300
1032.33400
1030.11800
1033.49900
1034.11100
1031.71700
1029.98400
1033.88900
1036.25000
1047.90200
1040.49100
1048.97200
1047.52700
1048.41600
1048.41500
1043.83400
1042.74100
1042.07500
1037.93700
1037.91500
1037.49500
1046.94100
1037.86400
1042.43900
1027.32300
1027.32300
1027.36000
1021.10000
1010.85700
1011.15200
1010.01600
960.15900
1026.85100
1027.35300
1027.34700
1022.18700
1022.77000
1022.50600
1026.96200
1026.77200
1027.37700
1027.44200
1027.79600
1027.88700
1022.89800
1027.41700
1020.01400
1020.35500
1020.30200
1019.35800
1018.47800
1018.34300
1014.82200
1020.15900
1020.42700
1018.78900
1019.03600
1018.71000
1020.41400
1029.20200
1020.42600
1022.22000
1030.45300
1027.31800
947.86800
973.39100
918.44800
916.96500
900.55000
915.21600
917.34000
946.36300
1047.52400
1047.62800
1033.47400
1048.38000
1056.54100
981.88900
1033.66100
1032.90700
1032.00100
1018.50600
1037.66400
999.78200
1043.05500
988.09600
981.95000
957.76400
1011.08900
946.50100
947.79900
967.08100
967.06000
967.32900
946.57300
946.75900
1025.30600
1025.19700
1025.65300
1025.91700
1044.42000
1048.79500
1027.23100
1027.91700
1027.33600
1049.96400
1040.34300
1041.87200
1033.71600
1032.15200
1048.41500
1037.90600
1043.83400
1021.10000
1018.70700
1026.77200
77
10281.5500
9243.7800
1060.000
1060.0000
1
2
3
4
5
6
7
8
9
10
11
12
13
14
15
16
17
18
19
20
21
22
23
24
25
26
27
28
29
30
31
32
33
34
35
36
37
38
39
40
41
42
43
44
45
46
47
48
49
50
51
52
53
54
55
56
57
58
59
60
61
62
63
64
65
66
67
68
69
70
71
72
73
74
75
76
77
78
79
80
81
82
83
84
85
86
87
88
89
90
91
92
93
94
95
96
97
98
99
100
101
102
103
104
105
106
107
108
109
110
111
112
113
114
115
116
117
118
119
120
121
122
123
124
125
126
127
128
129
130
131
132
133
134
135
136
137
138
139
140
141
142
143
144
145
146
147
148
149
150
151
152
153
154
155
156
157
158
159
160
161
162
163
164
165
166
167
168
169
170
171
172
173
174
175
176
177
178
179
180
181
182
183
184
185
186
187
188
189
190
191
192
193
194
195
196
197
198
199
200
201
202
203
204
205
206
207
208
209
210
211
212
213
214
215
216
217
218
219
220
221
222
223
224
225
226
227
228
229
230
231
232
233
234
235
236
237
238
239
240
241
242
243
244
245
246
247
248
249
250
251
252
253
254
255
256
257
258
259
260
261
262
263
264
265
266
267
268
269
270
271
272
273
274
275
276
277
278
279
280
281
282
283
284
285
286
287
288
289
290
291
292
293
294
295
296
297
298
299
300
301
302
303
304
305
306
307
308
309
310
311
312
313
314
315
316
317
318
319
320
321
322
323
324
325
326
327
328
329
330
331
332
333
334
335
336
337
338
339
340
341
342
343
344
345
346
347
348
349
350
351
352
353
354
355
356
357
358
359
360
361
362
363
364
365
366
367
368
369
370
371
372
373
374
375
376
377
378
290
1
2
3
4
5
6
7
8
9
10
11
12
13
14
15
16
17
18
19
20
21
22
23
24
25
26
27
28
29
30
31
32
33
34
35
36
37
38
39
40
41
42
43
44
45
46
47
48
49
50
51
51
52
53
54
55
28
56
57
58
59
59
60
61
62
63
64
65
66
67
68
69
70
71
72
73
74
75
76
77
78
79
80
63
81
82
83
67
84
85
86
87
88
89
90
91
90
92
80
79
93
94
95
62
96
97
59
78
98
28
99
100
101
37
102
35
3
103
17
104
105
56
106
107
108
107
108
109
110
111
112
113
113
39
114
115
116
117
37
118
119
119
120
121
122
123
124
125
126
127
128
129
130
131
132
132
129
133
134
135
131
136
120
137
138
139
140
141
142
143
15
144
144
145
146
147
148
149
105
8
150
151
152
153
152
74
154
155
156
157
155
158
159
160
161
162
162
163
163
164
165
166
167
167
168
169
169
169
170
171
172
173
174
175
176
177
178
179
180
178
181
182
183
184
185
183
186
187
188
189
173
190
165
191
192
193
194
195
194
196
197
198
199
200
199
201
202
203
204
204
196
205
202
206
207
208
209
210
211
212
213
212
214
215
216
215
217
218
219
219
87
220
221
222
187
223
221
224
225
226
225
227
228
228
229
230
231
232
207
233
234
164
172
154
235
156
236
237
238
238
239
70
240
241
242
242
243
244
239
240
87
245
237
246
247
248
249
250
251
252
253
254
253
255
256
257
258
259
260
261
261
262
263
264
265
266
267
268
268
260
269
270
271
272
273
274
275
275
276
277
278
279
279
279
280
281
282
271
278
272
283
284
281
276
285
265
258
267
286
287
142
166
132
263
218
288
289
291
290
1
291
9
4
5
6
7
3
292
292
16
12
13
14
138
18
293
24
19
20
21
22
294
289
25
255
98
28
29
111
31
30
33
34
30
295
116
38
120
40
43
41
45
54
296
46
47
48
49
50
52
53
297
53
36
56
57
58
78
58
60
62
96
96
64
66
63
298
65
299
72
69
74
68
71
61
181
196
300
301
246
273
302
86
86
82
83
67
303
85
84
91
304
192
89
91
267
305
306
237
189
155
307
97
308
309
310
311
98
126
312
113
313
108
314
147
294
148
103
104
106
102
315
107
316
317
110
31
117
109
318
116
36
53
114
319
288
101
136
118
121
124
99
99
122
123
129
128
130
127
133
296
132
320
320
135
131
153
134
321
115
44
322
10
150
141
8
140
151
144
149
151
143
103
104
294
105
146
2
145
139
323
152
137
324
235
156
325
73
157
95
326
161
165
153
165
166
164
327
163
162
328
159
42
171
233
176
176
168
168
175
175
180
329
300
177
188
178
179
182
184
185
190
182
330
94
183
186
329
176
331
167
232
232
90
195
332
191
88
199
205
198
199
76
202
229
204
230
202
201
204
194
207
211
209
231
206
212
79
212
234
215
217
215
218
225
333
226
216
220
228
224
228
75
286
223
81
222
286
221
210
213
208
214
219
194
207
183
193
187
200
158
174
172
174
245
236
237
334
93
238
247
240
241
243
335
242
336
239
244
181
186
242
187
249
287
249
337
254
252
26
100
23
258
166
257
261
261
285
256
265
264
267
269
265
266
260
263
262
258
271
272
251
272
275
270
276
80
278
282
275
280
281
277
274
271
260
268
259
92
278
338
253
251
203
197
219
283
162
255
250
135
339
227
35
27
76.20
76.20
76.20
76.20
76.20
76.20
76.20
76.20
76.20
76.20
76.20
76.20
76.20
76.20
76.20
76.20
76.20
76.20
76.20
76.20
76.20
76.20
76.20
76.20
76.20
76.20
76.20
76.20
76.20
76.20
76.20
76.20
76.20
76.20
76.20
76.20
76.20
76.20
76.20
76.20
76.20
76.20
76.20
76.20
76.20
76.20
76.20
76.20
76.20
76.20
76.20
76.20
76.20
76.20
76.20
76.20
76.20
76.20
76.20
76.20
76.20
76.20
101.60
76.20
101.60
76.20
76.20
76.20
76.20
76.20
76.20
76.20
76.20
76.20
152.40
76.20
152.40
152.40
76.20
76.20
203.20
76.20
76.20
76.20
76.20
76.20
76.20
76.20
76.20
76.20
76.20
76.20
76.20
76.20
76.20
76.20
76.20
76.20
76.20
76.20
76.20
76.20
76.20
76.20
76.20
76.20
76.20
76.20
76.20
76.20
76.20
76.20
76.20
76.20
76.20
76.20
76.20
76.20
76.20
76.20
76.20
76.20
76.20
76.20
76.20
76.20
76.20
76.20
76.20
76.20
76.20
76.20
76.20
76.20
76.20
76.20
76.20
76.20
76.20
76.20
76.20
76.20
76.20
76.20
76.20
76.20
76.20
76.20
76.20
76.20
76.20
76.20
76.20
76.20
76.20
76.20
76.20
76.20
76.20
76.20
76.20
76.20
76.20
76.20
76.20
76.20
76.20
76.20
76.20
76.20
76.20
76.20
76.20
76.20
76.20
76.20
76.20
76.20
76.20
76.20
76.20
76.20
76.20
76.20
76.20
76.20
76.20
76.20
76.20
76.20
152.40
152.40
76.20
76.20
76.20
76.20
76.20
76.20
76.20
76.20
76.20
76.20
76.20
76.20
76.20
76.20
76.20
76.20
76.20
76.20
76.20
76.20
76.20
76.20
101.60
76.20
203.20
203.20
152.40
101.60
76.20
76.20
76.20
76.20
76.20
76.20
76.20
76.20
76.20
152.40
76.20
76.20
76.20
76.20
76.20
76.20
76.20
76.20
76.20
76.20
76.20
76.20
76.20
76.20
76.20
76.20
76.20
76.20
76.20
76.20
76.20
76.20
76.20
76.20
76.20
76.20
76.20
76.20
76.20
76.20
76.20
76.20
76.20
76.20
76.20
76.20
76.20
76.20
76.20
76.20
76.20
76.20
76.20
76.20
76.20
76.20
76.20
76.20
76.20
76.20
76.20
76.20
76.20
76.20
76.20
76.20
76.20
76.20
76.20
76.20
76.20
76.20
76.20
76.20
76.20
76.20
76.20
76.20
76.20
76.20
76.20
101.60
76.20
76.20
76.20
76.20
76.20
76.20
76.20
76.20
76.20
76.20
76.20
152.40
76.20
76.20
76.20
76.20
76.20
76.20
76.20
76.20
76.20
76.20
76.20
76.20
76.20
76.20
76.20
76.20
76.20
76.20
76.20
76.20
76.20
76.20
76.20
76.20
76.20
76.20
76.20
76.20
76.20
76.20
76.20
76.20
76.20
76.20
76.20
76.20
76.20
76.20
76.20
76.20
76.20
76.20
76.20
76.20
76.20
76.20
76.20
76.20
76.20
76.20
101.60
76.20
76.20
76.20
76.20
76.20
76.20
76.20
76.20
76.20
76.20
76.20
76.20
101.60
133.977000
44.705000
59.666000
82.836000
37.534000
67.222000
158.490000
33.368000
114.789000
11.889000
246.867000
34.444000
33.028000
103.620000
148.201000
54.846000
127.673000
300.400000
228.459000
42.585000
274.873000
103.814000
137.438000
177.960000
90.650000
50.500000
67.931000
26.246000
10.020000
401.455000
192.914000
1.462000
13.450000
43.811000
35.059000
2.642000
111.079000
157.864000
26.126000
70.546000
120.362000
144.485000
111.672000
82.906000
342.118000
45.146000
201.467000
82.919000
15.590000
38.225000
57.844000
44.123000
30.885000
15.795000
171.463000
239.020000
176.727000
460.201000
231.381000
99.874000
374.379000
76.598000
296.832000
107.634000
15.021000
566.591000
10.080000
29.635000
261.449000
170.014000
102.696000
788.764000
184.784000
205.695000
365.489000
165.644000
785.066000
396.951000
10.889000
9.562000
298.402000
131.143000
35.222000
8.769000
6.644000
18.241000
10.279000
47.416000
5.061000
2.691000
27.256000
4.262000
0.803000
8.664000
93.940000
34.458000
11.757000
142.651000
10.166000
7.472000
7.456000
11.898000
41.694000
12.300000
191.676000
41.910000
303.744000
263.372000
61.861000
14.003000
10.020000
143.203000
9.404000
8.156000
34.742000
55.953000
163.825000
52.230000
200.920000
131.763000
127.647000
161.931000
8.562000
35.983000
74.892000
82.331000
99.378000
71.537000
33.776000
33.067000
118.966000
23.759000
1.797000
84.891000
10.241000
12.684000
66.837000
84.188000
57.666000
74.411000
32.748000
18.520000
44.377000
17.035000
127.358000
17.085000
12.344000
120.141000
80.851000
49.955000
29.881000
24.724000
124.820000
67.975000
17.133000
1.019000
1.019000
258.819000
90.947000
5.634000
226.718000
121.927000
60.202000
15.095000
151.634000
14.865000
52.162000
8.492000
48.171000
8.582000
5.366000
24.505000
32.815000
98.735000
64.720000
164.530000
19.587000
39.182000
77.639000
91.747000
121.392000
92.117000
115.949000
397.340000
375.493000
148.281000
1.002000
26.673000
21.889000
7.409000
24.793000
30.801000
91.192000
47.542000
5.625000
1.961000
154.506000
59.293000
63.396000
8.354000
7.398000
76.225000
78.074000
42.731000
68.816000
10.221000
11.378000
9.099000
45.928000
10.736000
64.768000
43.950000
47.652000
13.988000
8.823000
61.307000
9.213000
20.337000
54.695000
48.703000
9.671000
57.459000
11.060000
58.244000
27.156000
13.129000
12.369000
9.421000
55.045000
9.463000
78.875000
57.533000
126.626000
43.584000
10.035000
11.646000
38.766000
25.268000
10.820000
81.234000
6.748000
11.932000
5.096000
9.546000
13.991000
41.960000
28.344000
22.750000
10.978000
45.511000
52.319000
10.455000
25.625000
58.857000
9.989000
12.455000
11.099000
11.073000
88.506000
41.753000
7.974000
11.023000
54.318000
10.499000
10.027000
10.596000
12.599000
41.429000
7.414000
10.484000
35.591000
9.118000
46.064000
11.210000
9.628000
61.245000
33.613000
9.923000
7.870000
54.263000
58.718000
18.430000
10.086000
88.483000
42.218000
22.677000
9.543000
41.604000
54.667000
65.866000
220.210000
10.485000
55.047000
15.260000
55.330000
11.383000
46.951000
6.514000
9.892000
6.153000
7.411000
55.200000
66.511000
10.063000
8.862000
55.038000
24.674000
9.663000
11.787000
39.716000
6.143000
88.399000
42.125000
100.513000
13.214000
47.033000
8.743000
11.462000
83.844000
7.065000
2.746000
0.965000
1.369000
53.507000
48.054000
9.833000
67.205000
10.740000
9.866000
39.881000
17.219000
86.372000
9.849000
11.663000
9.809000
10.394000
44.718000
11.369000
57.702000
75.374000
86.843000
29.820000
9.938000
39.483000
49.467000
9.713000
38.603000
48.856000
39.243000
38.026000
10.120000
10.154000
60.218000
9.387000
18.421000
42.687000
64.900000
48.572000
68.582000
68.455000
58.684000
59.091000
31.675000
143.318000
44.821000
68.338000
52.723000
52.491000
64.757000
64.871000
85.770000
248.737000
74.219000
160.378000
7.438000
40.323000
75.506000
68.994000
0.0
0.0
0.0
0.0
0.0
0.0
0.0
0.0
0.0
0.0
0.0
0.0
0.0
0.0
0.0
0.0
0.0
0.0
0.0
0.0
0.0
0.0
0.0
0.0
0.0
0.0
0.0
0.0
0.0
0.0
0.0
0.0
0.0
0.0
0.0
0.0
0.0
0.0
0.0
0.0
0.0
0.0
0.0
0.0
0.0
0.0
0.0
0.0
0.0
0.0
0.0
0.0
0.0
0.0
0.0
0.0
0.0
0.0
0.0
0.0
0.0
0.0
0.0
0.0
0.0
0.0
0.0
0.0
0.0
0.0
0.0
0.0
0.0
0.0
0.0
0.0
0.0
0.0
0.0
0.0
0.0
0.0
0.0
0.0
0.0
0.0
0.0
0.0
0.0
0.0
0.0
0.0
0.0
0.0
0.0
0.0
0.0
0.0
0.0
0.0
0.0
0.0
0.0
0.0
0.0
0.0
0.0
0.0
0.0
0.0
0.0
0.0
0.0
0.0
0.0
0.0
0.0
0.0
0.0
0.0
0.0
0.0
0.0
0.0
0.0
0.0
0.0
0.0
0.0
0.0
0.0
0.0
0.0
0.0
0.0
0.0
0.0
0.0
0.0
0.0
0.0
0.0
0.0
0.0
0.0
0.0
0.0
0.0
0.0
0.0
0.0
0.0
0.0
0.0
0.0
0.0
0.0
0.0
0.0
0.0
0.0
0.0
0.0
0.0
0.0
0.0
0.0
0.0
0.0
0.0
0.0
0.0
0.0
0.0
0.0
0.0
0.0
0.0
0.0
0.0
0.0
0.0
0.0
0.0
0.0
0.0
0.0
0.0
0.0
0.0
0.0
0.0
0.0
0.0
0.0
0.0
0.0
0.0
0.0
0.0
0.0
0.0
0.0
0.0
0.0
0.0
0.0
0.0
0.0
0.0
0.0
0.0
0.0
0.0
0.0
0.0
0.0
0.0
0.0
0.0
0.0
0.0
0.0
0.0
0.0
0.0
0.0
0.0
0.0
0.0
0.0
0.0
0.0
0.0
0.0
0.0
0.0
0.0
0.0
0.0
0.0
0.0
0.0
0.0
0.0
0.0
0.0
0.0
0.0
0.0
0.0
0.0
0.0
0.0
0.0
0.0
0.0
0.0
0.0
0.0
0.0
0.0
0.0
0.0
0.0
0.0
0.0
0.0
0.0
0.0
0.0
0.0
0.0
0.0
0.0
0.0
0.0
0.0
0.0
0.0
0.0
0.0
0.0
0.0
0.0
0.0
0.0
0.0
0.0
0.0
0.0
0.0
0.0
0.0
0.0
0.0
0.0
0.0
0.0
0.0
0.0
0.0
0.0
0.0
0.0
0.0
0.0
0.0
0.0
0.0
0.0
0.0
0.0
0.0
0.0
0.0
0.0
0.0
0.0
0.0
0.0
0.0
0.0
0.0
0.0
0.0
0.0
0.0
0.0
0.0
0.0
0.0
0.0
0.0
0.0
0.0
0.0
0.0
0.0
0.0
0.0
0.0
0.0
0.0
0.0
0.0
0.0
0.0
0.0
0.0
0.0
0.0
0.0
0.0
0.0
0.0
0.0
0.0
0.0
0.0
0.0
0.0
0.0
0.0
0.0
0.0
0.0
0.0
0.0
0.0
0.0
0.0
0.0
0.0
0.0
0.0
0.0
0.0
4.209000
5.209000
6.209000
-3.209000
3.183000
4.183000
5.183000
6.183000
7.183000
2.183000
2.000000
-1.000000
4.010000
5.010000
6.010000
7.010000
3.010000
2.000000
1.000000
7.749000
8.749000
9.749000
10.749000
10.806000
7.739000
26.305000
26.321000
26.283000
0.505000
-5.191000
-5.190000
-0.050000
-0.010000
-2.100000
-2.090000
-2.080000
-3.080000
1.000000
3.040000
3.050000
1.252000
1.262000
1.436000
1.272000
0.401000
0.391000
0.428000
0.429000
0.439000
0.449000
0.459000
0.469000
-0.479000
-0.489000
0.001000
0.381000
-0.010000
-6.211000
-9.252000
-9.253000
2.001000
11.264000
-11.266000
-11.276000
12.289000
-12.277000
1.066000
1.056000
1.140000
1.000000
1.298000
0.002000
0.040000
0.249000
12.301000
0.021000
12.479000
12.290000
-7.245000
-9.148000
58.976000
1.000000
-2.837000
-14.046000
0.003000
-5.620000
5.661000
5.666000
5.678000
6.986000
0.028000
0.037000
7.001000
-7.340000
0.010000
1.665000
0.013000
7.401000
5.672000
0.010000
1.000000
-19.632000
1.132000
3.340000
1.000000
0.002000
0.001000
0.001000
1.000000
1.000000
0.505000
0.612000
1.000000
-1.020000
0.000000
3.020000
1.000000
4.392000
-3.729000
-3.000000
-0.191000
-4.563000
3.040000
3.030000
1.000000
2.010000
1.000000
1.000000
-0.020000
-0.030000
-0.060000
-0.010000
1.000000
-2.030000
-3.060000
0.119000
0.129000
1.000000
-0.070000
-1.010000
0.149000
0.159000
-0.169000
0.831000
-0.179000
0.801000
0.811000
0.821000
-0.010000
0.602000
0.582000
0.592000
0.705000
0.572000
-0.315000
0.500000
0.500000
-0.725000
0.695000
-2.060000
-2.051000
1.000000
0.139000
0.411000
1.000000
3.000000
0.047000
15.402000
15.392000
15.412000
0.017000
-8.010000
-8.070000
0.050000
0.027000
-3.537000
4.382000
-3.010000
-8.080000
-3.527000
7.209000
0.037000
0.057000
0.001000
1.012000
1.010000
0.001000
6.632000
-9.406000
0.032000
12.718000
12.738000
3.451000
1.000000
-0.210000
-0.210000
3.174000
-1.388000
2.916000
-5.639000
0.001000
-2.698000
1.309000
0.008000
1.031000
1.851000
-1.213000
9.167000
-7.963000
0.000000
-1.242000
3.098000
-6.962000
-16.104000
-23.094000
-1.039000
-57.976000
-57.976000
34.882000
-23.094000
34.882000
6.217000
0.146000
-6.064000
0.138000
-6.064000
1.000000
1.159000
4.503000
34.882000
1.071000
6.939000
0.063000
1.067000
-6.980000
1.657000
9.078000
1.001000
1.000000
-6.980000
-7.330000
-7.277000
-3.890000
-3.890000
-5.728000
-9.138000
-1.839000
-2.207000
-7.948000
-3.458000
-8.412000
-1.818000
-3.890000
-8.100000
-7.890000
-3.680000
2.186000
2.186000
-7.851000
-3.688000
-1.835000
-8.102000
-9.983000
-2.214000
-3.904000
-8.426000
-6.736000
-3.910000
1.000000
-2.886000
-8.418000
1.284000
1.284000
-5.600000
-7.070000
-7.237000
8.658000
8.684000
-5.600000
-7.030000
-2.901000
3.098000
-7.782000
-8.058000
2.186000
-2.214000
-3.471000
2.167000
-5.337000
-9.546000
9.153000
-10.000000
-5.719000
3.516000
-6.638000
6.621000
-9.465000
13.461000
13.461000
-0.499000
0.009000
-19.622000
-0.485000
7.338000
-12.197000
-12.197000
1.005000
1.000000
-8.296000
0.019000
-19.583000
-8.296000
13.461000
-33.630000
-2.851000
7.298000
-0.001000
0.661000
0.680000
0.032000
26.334000
26.334000
26.334000
1.093000
10.861000
-9.786000
-0.838000
-0.797000
-7.641000
3.158000
5.277000
-9.770000
-9.599000
-9.938000
-9.947000
1.773000
3.489000
3.506000
1.696000
-9.888000
-9.550000
1.760000
-7.903000
1.276000
-5.194000
-14.051000
2.203000
-7.893000
13.444000
-14.025000
-6.836000
1.227000
3.360000
-6.818000
2.458000
-6.823000
2.232000
1.203000
-8.019000
-8.130000
-7.620000
5.692000
-0.042000
0.155000
27.440000
5.240000
-7.900000
-7.253000
-7.806000
5.739000
0.601000
-15.422000
0.712000
-1.325000
0.026000
-7.766000
-1.070000
26.293000
