358
1
394
1
2
3
4
5
6
7
8
9
10
11
12
13
14
15
16
17
18
19
20
21
22
23
24
25
26
27
28
29
30
31
32
33
34
35
36
37
38
39
40
41
42
43
44
45
46
47
48
49
50
51
52
53
54
55
56
57
58
59
60
61
62
63
64
65
66
67
68
69
70
71
72
73
74
75
76
77
78
79
80
81
82
83
84
85
86
87
88
89
90
91
92
93
94
95
96
97
98
99
100
101
102
103
104
105
106
107
108
109
110
111
112
113
114
115
116
117
118
119
120
121
122
123
124
125
126
127
128
129
130
131
132
133
134
135
136
137
138
139
140
141
142
143
144
145
146
147
148
149
150
151
152
153
154
155
156
157
158
159
160
161
162
163
164
165
166
167
168
169
170
171
172
173
174
175
176
177
178
179
180
181
182
183
184
185
186
187
188
189
190
191
192
193
194
195
196
197
198
199
200
201
202
204
205
206
207
208
209
210
211
212
213
214
215
216
217
218
219
220
221
223
224
225
226
227
228
229
230
231
232
233
234
235
236
237
238
239
240
241
242
243
244
245
246
247
248
249
250
251
252
253
254
255
256
257
258
259
260
261
262
263
264
265
266
267
268
269
270
271
272
273
274
275
276
277
278
279
280
281
282
283
284
285
286
287
288
289
290
291
292
293
294
295
296
297
298
299
300
301
302
303
304
305
306
307
308
309
310
311
312
313
314
315
316
317
318
319
320
321
322
323
324
325
326
327
328
329
330
331
332
333
334
335
336
337
338
339
340
341
342
344
345
346
347
348
349
350
351
352
353
354
355
356
357
358
359
360
1000
1100796.1700
1100805.5500
1101256.6400
1101315.5000
1101317.8800
1101299.2500
1101294.6500
1101098.3300
1101307.7500
1101304.6300
1101299.8000
1101305.3800
1096491.4600
1100464.3300
1100427.6400
1100403.5600
1100467.1300
1100451.2700
1100443.8400
1100443.7100
1100362.6400
1093653.4100
1100418.4300
1100413.9200
1100409.0200
1100126.8100
1099101.2400
1098320.0800
1100246.3400
1100365.7400
1100138.5200
1100141.7900
1099090.4000
1098299.6000
1098304.3600
1097538.2200
1097162.5600
1097909.7700
1096778.5300
1097256.0800
1096496.1200
1096036.6700
1095378.9500
1095333.5900
1095253.2500
1095260.8000
1095237.1200
1095284.5900
1093428.3600
1092996.1300
1092813.1900
1092630.0100
1092635.4900
1093763.5500
1093741.9200
1093335.5400
1093136.6500
1096036.3800
1097918.8300
1098203.2300
1097725.9800
1097561.4500
1097574.5200
1098250.3400
1096262.1400
1096107.0900
1096115.6800
1095900.4800
1095893.9000
1097403.3000
1097296.2500
1096778.9200
1096417.8400
1096724.1100
1096705.2700
1096556.5500
1096206.8400
1096259.7700
1096257.0100
1095914.8800
1095839.2000
1095895.8600
1096917.9100
1097043.7100
1095936.3200
1095844.0700
1095946.3300
1095927.7400
1096419.6300
1096736.5700
1096737.3800
1096717.9700
1096499.0700
1097245.0400
1097941.0500
1097949.0900
1097713.2400
1100154.1600
1100412.3700
1093652.5400
1100882.4800
1100633.1500
1101071.4000
1100836.4500
1101119.5800
1101250.9000
1101255.7800
1101386.3500
1101507.1900
1101177.2100
1101135.4400
1100891.9100
1101028.3100
1100812.2000
1100874.9300
1100724.6800
1100748.0700
1101007.0100
1100862.9400
1100949.0500
1100790.3700
1100823.2300
1100809.3200
1100841.0100
1100732.8700
1100489.6800
1100693.4000
1100838.9200
1100801.8200
1101012.4600
1101168.0900
1101194.3600
1101196.7500
1101113.5800
1101094.1200
1101128.0500
1101434.7200
1101287.0200
1100838.1500
1100771.3800
1100760.0700
1100698.8900
1100764.0900
1100874.6400
1101092.5000
1101095.0400
1101041.4000
1101046.6300
1101152.8500
1100884.5600
1100984.4600
1100926.4800
1100864.3400
1100972.5400
1100967.2000
1101028.6400
1100891.3800
1101007.9100
1101023.5400
1101021.4800
1101072.5900
1101143.6600
1101098.3900
1100880.1000
1100945.3100
1100867.1700
1100691.9100
1100647.1400
1100680.9400
1101084.5400
1100452.9100
1100579.7600
1100516.8580
1100708.4400
1100698.6300
1100687.6800
1100946.6900
1100950.3900
1101009.3300
1100955.7900
1101082.3700
1101190.7600
1101078.3100
1101160.2500
1101185.6100
1101187.5700
1101253.2500
1101178.5800
1101257.3300
1101248.9800
1101321.8700
1101371.4500
1101287.6100
1101357.7200
1101375.7200
1101400.4500
1101318.1000
1101252.2500
1101220.9900
1101311.3400
1101275.0100
1101116.3700
1101424.2800
1101468.1700
1101498.4200
1101472.1800
1100943.4700
1100939.1100
1100943.9100
1100777.0000
1100832.2700
1100801.9000
1100739.8200
1100767.4500
1100684.3900
1100882.0700
1101168.0200
1101121.6100
1100666.7700
1101303.3800
1100592.8100
1100592.2700
1100708.3000
1100517.9500
1100948.5400
1100802.2800
1100865.8800
1100778.5500
1100896.6200
1100851.9600
1100840.3100
1100801.2000
1100838.8100
1100910.9800
1100882.3600
1100875.6800
1100816.0800
1100857.2300
1100872.7000
1100843.9100
1101000.3700
1101376.3500
1101275.6900
1100939.9600
1100959.4300
1100951.5500
1100952.8000
1100951.8100
1100835.7600
1101019.2900
1101011.7700
1100941.2300
1097546.1100
1097541.8900
1097540.9800
1100799.4600
1101316.9200
1101255.4700
1101292.8800
1096386.2300
1100460.5300
1100375.5900
1100421.5600
1100411.5600
1098773.0600
1097706.9000
1100090.9900
1096780.0000
1096862.2600
1096708.8600
1097413.5400
1095417.3100
1095643.5500
1095133.9500
1095154.0400
1093553.8500
1092415.3000
1092642.2500
1092896.8600
1093744.9700
1095915.1200
1097882.6100
1098582.9700
1098844.1700
1097206.0700
1096089.2100
1095963.1400
1095683.6400
1096413.7400
1096498.5200
1096330.1500
1096177.4300
1095735.1800
1095817.3100
1097223.0500
1095117.1500
1096856.9500
1096550.5800
1096983.4000
1100156.3400
1096721.2200
1095832.9400
1097909.2600
1101167.8000
1100935.6200
1100711.0900
1100912.4800
1100756.2600
1100865.5900
1100885.9000
1100795.2400
1100976.6400
1100869.2700
1101016.9200
1101193.7100
1101214.0600
1101080.6900
1101065.3300
1100631.3500
1100935.2500
1100854.0500
1100885.7900
1100935.2300
1100945.2800
1101107.4400
1101154.0800
1101257.6700
1101337.3300
1101405.0400
1101195.1500
1101437.9300
1101392.3900
1101515.3300
1100764.4000
1100679.7000
1100947.8700
1100692.8700
1101173.0200
1101133.7100
1100614.7300
1100521.7200
1100511.7400
1100884.2200
1100940.6500
1100903.8600
1100886.4100
1100862.8900
1100840.1700
1101368.7000
1101282.5000
1100843.1100
1100975.6600
1100908.6100
1101037.5100
1097520.5800
1100705.9360
1100865.0230
1101163.3700
952492.5200
952486.4200
952799.3600
952787.8800
952791.8100
952771.6900
952774.6200
952897.8400
952797.1900
952780.2500
952782.7400
952793.1900
954080.4100
953339.2500
953244.6300
953225.3200
953127.1800
953347.4900
953458.8500
953351.9200
953425.2500
952204.5300
953263.6800
953252.1600
953239.6500
953302.6900
952734.4600
952783.3100
953633.6600
953252.0500
953319.8200
953300.1300
952713.8300
952786.2200
952768.0700
951875.9300
952474.2500
952551.9900
951656.0100
951748.0000
952499.2300
952493.0700
952373.5500
952828.8600
952526.4300
952411.2500
952421.7600
952400.4900
952775.8600
952592.2600
952626.4900
953037.4700
953054.0500
952358.1200
952344.2000
952454.8800
952997.2600
952508.4100
953010.0400
953591.0600
954186.3900
953629.6500
953666.6100
952800.5700
954207.0200
954284.7400
954298.2500
954695.7700
954733.3000
953387.9600
953302.1600
953767.6100
953442.1400
953903.3200
953889.0300
953744.6300
953956.6800
954200.0700
954192.3200
955269.5500
954997.9600
954713.9800
952526.5700
951612.8700
955282.9900
954960.4200
955289.2300
955277.6200
954153.6700
953873.0800
953907.8900
953899.2600
952489.4900
951779.8700
953023.1200
953028.4500
951924.7200
953297.8600
953368.8500
952208.4300
952939.9200
953222.3700
953032.2200
952857.0800
953099.8400
953317.2300
953310.5700
953442.9600
953705.6800
953563.3600
952987.6500
952933.6500
952964.7500
952986.8900
952945.2700
953048.0700
952588.0200
952938.4900
952728.8800
952774.5800
952785.9700
952761.2700
952652.7900
952963.3100
953152.1200
953460.5300
953154.1000
953023.4200
953047.0800
953114.0500
953101.8500
953042.9800
953054.3400
953551.0600
953533.0400
953487.5400
953523.1100
953618.4500
952536.2600
952573.6400
952581.1200
952617.5500
952587.2100
952608.6800
952904.0600
952908.1100
952829.7900
952836.9200
952865.9100
952602.1400
952749.8900
952683.9800
952731.0000
952758.0200
952879.8000
952839.1100
952930.5100
952963.4100
952957.0700
952958.5200
953033.8700
952982.0200
952912.9900
952937.0800
953005.5000
953063.8200
953066.2500
953101.3300
953077.5300
952915.4100
953351.6800
953460.0600
953312.2650
953174.0400
953180.8100
953189.0700
953009.5400
953014.3700
952967.2000
953022.0600
952911.8800
953046.1400
953041.7500
953090.6700
953060.6900
953181.2100
953138.2800
953187.1000
953143.3600
953313.4700
953281.3100
953357.5300
953395.6700
953363.5900
953368.9600
953437.1800
953469.4700
953501.4000
953506.4100
953592.2000
953401.9300
953544.4100
953529.7000
953603.8700
953708.5600
953611.0100
953522.6700
953520.8800
953499.4100
953122.3000
953475.2300
953462.6500
953436.7500
952592.6500
953071.5600
952918.0300
953171.2900
953222.5500
953064.3200
953628.3600
953136.6200
953254.6100
953417.6300
953195.9400
953395.1700
953438.7300
953391.3800
953429.5800
953405.9400
953425.5900
953456.9400
953441.7900
953342.7300
953380.3900
953344.0500
953367.4500
953331.2300
953280.2400
953233.2100
953329.3200
953085.0200
953671.2800
953370.3400
953391.7900
953669.9400
953622.5700
953552.5100
953580.3600
953350.7500
952955.4000
952945.2600
953518.7500
951859.7300
951838.4900
951858.9900
952476.8900
952783.8100
952796.6000
952772.1900
953980.6500
953138.0700
952986.6100
953372.2200
953266.2700
952428.7800
951928.1600
953758.9000
951586.6300
951851.7800
951894.5100
952044.3900
952032.2300
952723.0600
952966.6700
952264.3000
952896.9600
953595.7200
952970.6800
952864.0700
952375.1200
952751.2900
952550.1300
953351.1000
953785.2000
953808.4300
954007.5900
954703.9900
954726.5500
953390.4900
953783.7800
953549.1600
953734.6500
955016.0100
955387.4400
951426.2900
956746.6400
953909.2400
952405.6300
951950.7400
953306.0300
953868.1500
954960.3100
951634.0700
953560.1700
952990.7200
952542.1100
952801.1700
952739.1400
952817.0000
952820.9800
952894.4600
952816.2800
953004.0700
953161.0800
953138.4500
953333.7200
953612.1800
953497.8200
952538.6100
952677.7900
952735.1600
952933.6900
953018.2000
953007.7100
953081.9400
953080.8300
953135.2300
953274.1300
953435.2300
953443.1800
953521.2700
953653.0600
953726.9000
952594.5200
953065.1000
953028.2700
953196.1600
953098.3700
953242.0200
953078.2600
953183.5000
953190.3400
953438.1900
953302.7600
953288.0300
953345.5800
953279.4500
953327.9200
953685.4700
953367.4400
953454.4700
953719.7300
953686.9200
953659.5000
951687.5000
953170.8030
953060.5310
953558.8000
949.8170
950.0200
959.7000
961.5000
961.5000
960.2000
960.1000
953.3080
961.0000
960.8000
960.8000
961.0000
926.0340
942.1260
941.7840
941.5990
941.9440
942.0440
942.2690
941.9960
941.8540
921.1940
941.7380
941.6960
941.6510
940.5730
935.0150
935.0160
941.7300
941.3640
940.6700
940.6230
935.0150
935.0160
935.0160
932.3280
930.0630
935.0150
928.7140
930.1100
927.8890
924.9940
924.0440
923.6020
923.2470
923.5070
923.3920
923.6230
920.0560
920.1370
919.9230
919.2180
919.2270
920.2800
920.3580
920.1480
919.5510
924.9940
933.4610
933.8430
929.9190
930.1080
930.0420
935.0150
925.0860
924.5490
924.5280
922.5470
922.4390
930.3310
930.0910
927.3490
926.2680
927.0280
926.9620
926.4340
925.1270
925.0840
925.0820
921.2200
921.6810
922.4870
929.2850
929.4670
921.2920
921.7500
921.3130
921.2730
925.7050
927.0560
927.0720
927.0070
927.9090
930.0650
933.5630
933.5910
933.1630
940.6640
941.8530
921.1700
944.6330
943.1780
947.1960
944.8100
946.7750
944.8140
944.9100
946.0090
947.1640
944.6960
951.5510
944.7090
947.9870
944.1880
944.5810
943.6430
945.3370
948.6060
945.2070
946.6620
945.0280
945.0280
945.8030
944.3640
943.7980
942.4430
943.5280
944.4070
944.1740
944.3300
948.4360
950.2610
950.2610
944.6660
944.5140
944.0100
946.6380
945.1280
948.7530
946.6560
946.0290
945.0280
946.0570
947.8970
952.9610
952.9460
950.0900
950.5190
955.1740
948.2130
948.4900
947.9220
945.2120
947.8780
946.5490
949.7310
944.7130
947.1530
948.3560
948.1570
947.1930
951.8960
952.9390
944.6240
944.9720
944.5840
943.4350
943.1600
943.3700
952.4170
942.0590
942.9800
942.4480
943.6510
943.5900
943.5220
944.9730
944.9840
946.8800
945.0000
952.4310
950.2610
947.0320
948.4170
950.0910
946.9100
950.6300
946.2680
950.7020
944.7850
949.3080
948.9010
945.0130
948.3370
948.4440
946.3540
945.0130
945.0130
944.9480
945.0800
945.0130
944.5960
946.4490
946.5280
947.1160
946.5870
944.1360
944.1180
944.0900
944.0740
943.7730
943.7130
943.5900
945.9950
943.3880
944.6790
946.5000
944.8050
943.2600
945.2610
942.8190
942.9270
943.5450
942.3590
944.3820
943.7850
944.1280
943.7350
944.1830
943.9820
943.8530
943.7720
944.1840
944.3050
944.3200
944.2300
944.1070
944.3310
944.4420
944.2270
944.3080
945.8230
945.0130
944.3640
944.4890
944.3660
944.2270
944.2810
944.1510
948.3380
948.6780
944.1200
932.2370
932.0590
932.2110
950.0200
961.5000
959.7000
960.1000
925.7500
941.9090
941.1790
941.9070
941.6930
935.0160
933.2050
941.3600
928.6310
929.2390
928.8240
933.0990
924.5460
924.6990
922.7690
923.4850
919.8850
916.0380
919.1410
919.3240
920.1240
924.9920
935.0150
935.0150
934.7670
928.8910
925.0040
922.8730
921.3040
926.2790
926.2640
925.6530
925.2220
921.0460
920.2370
929.6100
916.6520
927.4530
928.0650
929.7890
940.6970
927.0050
921.7020
931.6250
944.6780
944.9450
946.5340
945.0280
945.0280
945.0280
945.0280
944.2870
946.9440
944.5980
944.6620
948.2470
944.2330
944.9240
944.2050
945.0280
948.2960
945.0280
944.6690
944.9160
944.9690
946.7710
948.4680
950.7870
949.6970
946.4680
944.2890
946.6890
945.8950
947.3500
945.8950
943.3500
944.9600
943.5650
948.7080
944.4480
942.9150
942.3740
942.3110
944.0490
944.6280
944.5210
944.3280
944.3560
944.2120
945.8760
945.0130
943.8690
944.6440
944.3560
944.7890
931.0190
943.6000
944.6000
944.6710
0.016948786300000
0.000000000000000
0.000000000000000
0.000000000000000
0.000000000000000
0.000000000000000
0.000000000000000
0.000000000000000
0.000000000000000
0.000000000000000
0.000000000000000
0.000000000000000
0.123468969000000
0.265241480500000
0.565714850800000
0.199276615900000
0.610586840150000
0.000000000000000
0.060262346950000
0.000000000000000
0.464955435100000
0.006351273000000
0.109137312750000
0.000000000000000
0.000000000000000
0.456475858950000
0.200755838720000
0.110907921280000
0.778573255000000
0.009587190350000
0.060345353050000
0.013410653950000
0.072947998080000
0.008703703680000
0.086816311680000
0.058509867200000
0.060715664000000
0.027479423360000
0.022644267200000
0.033680555200000
0.169500268000000
0.109516754000000
0.124256628900000
0.060132576000000
0.043457358600000
0.021464647200000
0.038339120700000
0.023508522900000
0.023682133800000
0.127300782600000
0.039959489700000
0.061604136900000
0.044741688300000
0.000000000000000
0.052579177200000
0.148542717600000
0.040284352800000
0.059466189000000
0.164669144000000
0.055343947200000
0.053425457600000
0.013670267200000
0.072232980000000
0.029211560320000
0.057485006100000
0.016290508500000
0.044618055300000
0.062528934600000
0.048035037600000
0.112371632800000
0.093116517600000
0.178504667000000
0.037269395000000
0.196148992000000
0.080543866000000
0.139658740000000
0.040756524300000
0.000000000000000
0.069670665000000
0.082978218900000
0.025140730500000
0.000000000000000
0.163891521000000
0.046780302400000
0.000000000000000
0.089578072800000
0.059378156100000
0.000000000000000
0.110180217000000
0.001253858000000
0.033195088000000
0.000000000000000
0.004517104000000
0.048544472800000
0.004976851680000
0.039868477200000
0.012891881600000
0.000000000000000
0.109573089450000
0.049516370100000
0.000000000000000
0.310888541350000
0.297284455000000
0.319093170000000
0.289049676200000
0.117785492600000
0.175811868500000
0.094787651850000
0.003423996300000
0.429193860450000
0.107469920350000
0.103202380150000
0.173487701250000
0.212964304750000
0.173850848500000
0.308196033200000
0.111793497300000
0.075765786250000
0.270781088650000
0.097926309800000
0.240919688550000
0.170717370000000
0.907833867500000
0.393323861700000
0.118210903300000
0.084059125850000
0.144736496200000
0.146881857050000
0.274314034450000
0.217489511050000
0.121022726950000
0.000000000000000
0.014095452500000
0.056381813550000
0.046182454100000
0.164134999050000
0.127191107550000
0.276325883350000
0.180470572550000
0.258112303050000
0.019309270050000
0.209948079200000
0.000000000000000
0.274734247950000
0.088157544050000
0.000000000000000
0.099524175450000
0.067110339550000
0.000000000000000
0.129432268700000
0.204910654050000
0.086258783950000
0.035521374550000
0.075613264050000
0.581934211500000
0.165773327600000
0.138811950900000
0.062368622300000
0.081376994350000
0.000000000000000
0.152279671100000
0.136275081850000
0.035568067700000
0.095301248100000
0.265287126400000
0.262957765500000
0.011413324550000
0.070534335850000
0.140383873150000
0.123191258650000
0.049196610000000
0.235664371500000
0.294122892450000
0.238216800200000
0.031158371300000
0.165596938750000
0.065227142650000
0.000000000000000
0.144311089050000
0.155018861750000
0.144749226500000
0.202415288050000
0.143932378600000
0.001769064400000
0.018432515900000
0.124721681400000
0.241163516750000
0.556570693350000
0.224271793150000
0.378081894100000
0.170660307300000
0.057237814400000
0.191494802900000
0.148004856950000
0.115829666250000
0.254895818450000
0.422837677750000
0.268812812450000
0.188027578250000
0.408488020400000
0.438940839850000
0.115902295700000
0.298904550750000
0.239233630250000
0.257759532450000
0.038779362200000
0.080463923700000
0.040947886800000
0.091161326850000
0.650035434150000
0.124918820000000
0.072474599000000
0.164030203050000
0.181757174200000
0.198507085950000
0.239570837650000
0.288497679600000
0.248514728950000
0.000000000000000
0.235166334900000
0.001826130650000
0.426564648800000
0.046223957150000
0.101007905050000
0.358985340050000
0.000000000000000
0.075765441900000
0.018660784450000
0.000000000000000
0.000000000000000
0.035983094650000
0.000000000000000
0.000000000000000
0.010956791000000
0.042742894600000
0.040916760400000
0.143465475500000
0.037435697850000
0.165166348600000
0.000000000000000
0.726027426400000
0.918326346900000
0.131481484900000
0.000000000000000
0.284777755000000
0.224152695000000
0.030416506500000
0.103012180000000
0.000000000000000
0.000000000000000
0.053528483300000
0.007989324700000
0.004215535200000
0.012680040800000
0.000000000000000
0.019630914250000
0.000000000000000
0.000000000000000
0.000000000000000
0.048224724000000
0.418513064200000
0.253707793200000
0.000000000000000
0.000000000000000
0.094348578400000
0.055788439680000
0.358999430000000
0.047755329600000
0.023871820000000
0.020498971200000
0.008129910400000
0.037101338000000
0.017809753000000
0.020299932000000
0.004454265000000
0.015079176900000
0.067960858500000
0.005733112500000
0.035604746100000
0.002271411900000
0.016894933000000
0.015246913920000
0.036419752800000
0.053658108800000
0.070027824800000
0.021572788000000
0.029282407200000
0.015663142800000
0.032801979000000
0.035305895000000
0.010513117000000
0.057742792200000
0.035404829100000
0.042317709300000
0.025180041600000
0.028819443600000
0.025997826000000
0.028324332000000
0.031271979520000
0.024030234000000
0.000000000000000
0.032552082900000
0.076581790400000
0.040231965400000
0.223882706050000
0.000000000000000
0.258091553300000
0.075857095800000
0.340283041900000
0.091410345150000
0.111975814650000
0.086341790050000
0.017797002000000
0.000000000000000
0.149307018250000
0.265017361900000
0.209804893500000
0.561342503950000
0.064080624000000
0.200385792100000
0.000000000000000
0.000000000000000
0.095399817400000
0.000000000000000
0.366642622600000
0.059593111600000
0.000000000000000
0.173435825100000
0.000000000000000
0.042115162300000
0.000000000000000
0.319552287950000
0.065341275150000
0.000000000000000
0.000000000000000
0.081091659550000
0.046509288400000
0.031272507350000
0.091633416500000
0.087254857150000
0.000000000000000
0.000000000000000
0.044797293800000
0.011230709000000
0.090803359050000
0.007133327400000
0.000000000000000
0.000000000000000
0.000000000000000
0.132405961700000
0.000000000000000
0.191695605000000
0.000000000000000
0.052806715000000
0.010236625600000
0.000000000000000
0.000000000000000
0.127258550450000
995.7890000
995.7890000
999.4580000
999.9980000
999.9980000
999.9420000
999.9360000
998.5420000
999.9950000
999.9840000
999.9760000
999.9940000
944.9190000
992.6170000
992.7760000
992.7600000
992.7800000
992.5950000
991.8680000
992.5160000
991.5740000
944.9420000
992.7400000
992.7580000
992.7590000
989.7490000
966.0320000
952.5090000
991.3050000
991.3920000
989.8900000
989.8440000
966.0320000
952.4100000
952.3830000
950.2520000
949.0860000
950.5060000
950.2020000
950.2170000
947.4570000
946.7910000
945.9930000
945.8900000
945.8940000
945.8960000
945.8830000
945.9050000
944.7500000
944.7370000
944.7210000
944.6870000
944.6870000
945.0060000
944.9950000
944.7720000
944.7440000
946.7910000
950.1410000
950.0320000
949.9640000
949.9710000
949.9710000
952.3570000
944.7120000
944.6410000
944.6410000
944.4840000
944.4750000
948.0980000
947.5520000
945.5200000
945.1810000
945.2060000
945.2030000
945.1850000
944.7090000
944.7120000
944.7110000
944.3220000
944.3380000
944.4800000
948.5530000
950.2060000
944.3220000
944.3410000
944.3220000
944.3220000
944.8320000
945.2610000
945.2060000
945.2050000
947.4570000
950.2160000
950.1350000
950.1340000
950.2860000
989.9340000
992.2120000
944.9420000
995.5960000
993.0230000
995.8910000
995.7230000
994.1880000
991.3860000
991.3940000
990.3730000
989.9670000
990.0520000
996.3450000
995.6410000
995.8880000
995.3960000
995.5930000
994.9890000
995.7760000
997.7860000
995.8960000
996.2360000
995.7650000
995.7970000
995.7980000
995.5830000
994.9200000
992.6120000
994.9240000
995.3970000
995.3910000
994.5140000
994.2100000
994.3600000
994.3370000
990.6840000
990.6910000
990.6900000
990.1020000
990.0390000
995.7890000
995.7780000
995.7780000
995.7680000
995.7790000
995.8100000
998.4910000
998.5900000
996.8290000
996.9150000
998.9610000
995.8150000
996.2500000
995.9320000
995.8960000
996.2450000
996.5560000
996.8120000
995.7120000
997.5690000
998.0630000
998.0210000
995.8920000
996.5540000
998.1810000
995.5950000
996.0220000
996.1180000
993.5670000
994.9630000
994.9680000
998.5750000
992.6130000
990.8570000
992.9770000
994.7900000
994.7110000
994.3530000
996.9730000
996.9150000
997.8680000
996.8070000
998.3930000
994.3600000
995.1860000
994.2110000
994.3210000
992.8050000
992.8590000
992.8000000
992.8070000
991.3940000
991.3980000
990.7630000
990.7470000
990.7620000
990.7380000
990.3730000
990.3700000
990.1290000
990.0950000
990.0620000
990.7460000
990.6840000
990.0870000
990.0030000
989.9650000
990.0030000
990.8500000
990.8650000
990.9170000
995.0130000
990.8900000
990.8820000
990.8690000
995.7800000
993.5410000
995.7130000
993.0080000
992.7910000
993.5030000
990.0380000
994.9630000
993.4710000
993.4700000
993.4700000
991.1690000
990.9180000
990.9390000
990.9190000
990.9390000
990.9220000
990.9080000
990.9170000
990.9280000
991.0450000
990.9550000
990.9550000
990.9240000
990.9240000
990.9230000
990.9270000
995.8580000
989.9560000
990.8160000
991.1460000
990.7640000
990.7780000
990.8270000
990.8080000
990.9270000
997.8140000
997.8000000
990.8720000
950.2520000
950.2520000
950.2520000
995.7890000
999.9950000
999.7670000
999.9460000
944.9170000
992.7790000
992.7660000
992.5160000
992.7400000
966.0260000
950.2860000
991.2740000
950.2030000
950.2010000
950.2010000
950.2510000
945.9910000
945.8890000
945.8890000
945.8830000
944.7500000
944.6800000
944.6870000
944.7200000
945.0060000
946.7900000
950.4680000
950.0280000
949.9560000
949.9670000
944.6400000
944.4840000
944.4740000
945.1810000
945.1840000
945.1810000
944.7060000
944.3380000
944.3210000
950.2050000
944.3150000
945.2050000
947.4560000
950.2150000
989.9340000
945.2610000
944.3410000
950.2810000
990.0520000
996.0170000
995.7890000
996.2290000
995.7640000
995.7870000
995.7220000
995.5820000
996.2350000
995.3970000
994.5140000
994.2090000
991.3820000
990.6790000
990.7320000
995.7670000
995.9380000
995.8960000
995.6540000
996.8590000
996.9800000
994.5200000
994.2130000
992.8590000
991.3980000
990.3730000
990.0950000
990.1020000
989.9900000
989.9670000
995.7800000
993.5410000
996.8070000
994.3530000
994.2100000
992.7910000
993.3090000
994.9630000
993.4700000
990.9220000
991.0450000
990.9530000
990.9550000
990.9240000
990.9270000
989.9560000
990.8150000
990.9080000
990.7530000
990.7780000
990.7640000
950.2510000
994.9170000
995.4100000
990.6840000
203
1101321.28000
952788.2700
1000.0000
1000.0000
1
2
3
4
5
6
7
8
9
10
11
12
13
14
15
16
17
18
19
20
21
22
23
24
25
26
27
28
29
30
31
32
33
34
35
36
37
38
39
40
41
42
43
44
45
46
47
48
49
50
51
52
53
54
55
56
57
58
59
60
61
62
63
64
65
66
67
68
69
70
71
72
73
74
75
76
77
78
79
80
81
82
83
84
85
86
87
88
89
90
91
92
93
94
95
96
97
98
99
100
101
102
103
104
105
106
107
108
109
110
111
112
113
114
115
116
117
118
119
120
121
122
123
124
125
126
127
128
129
130
131
132
133
134
135
136
137
138
139
140
141
143
144
145
146
147
148
149
150
151
152
153
154
155
156
157
158
159
160
161
162
163
164
165
166
167
168
169
170
171
172
173
174
175
176
177
178
179
180
181
182
183
184
185
186
187
188
189
190
191
192
193
194
195
196
197
198
199
200
201
202
203
204
205
206
207
208
209
210
211
212
213
214
215
216
217
218
219
220
221
222
223
224
225
226
227
228
229
230
231
232
233
234
235
236
237
238
239
240
241
242
243
244
245
246
247
248
249
250
251
252
253
254
255
256
257
258
259
260
261
262
263
264
265
266
267
268
269
270
271
272
273
274
275
276
277
278
279
280
281
282
283
284
285
286
287
288
289
290
291
292
293
294
295
296
297
298
299
300
301
302
303
304
305
306
308
309
310
311
312
313
314
315
316
317
318
319
320
321
322
323
324
325
326
327
328
329
330
331
332
334
335
336
337
338
339
340
341
342
343
344
345
346
347
348
349
350
351
352
353
354
355
356
357
358
359
360
361
362
363
364
365
366
367
368
369
370
371
372
373
374
375
376
377
378
379
380
381
382
383
384
385
386
387
388
389
390
1001
1002
1003
1004
1005
1006
1008
6
3
8
9
6
10
11
12
9
4
15
16
17
18
19
20
20
21
22
23
24
24
25
23
26
27
28
29
30
26
31
27
32
33
34
35
36
37
38
29
39
39
39
40
36
41
42
43
44
44
45
46
47
46
48
46
49
50
51
52
53
52
51
54
55
56
57
49
54
47
43
42
58
36
37
59
60
60
61
62
63
64
63
65
66
67
68
67
68
69
59
70
71
72
73
74
75
76
74
76
73
74
77
78
79
65
80
81
80
82
83
40
84
85
81
69
86
87
88
89
90
91
92
93
84
94
95
96
97
38
28
98
99
89
98
90
100
57
86
97
101
103
104
105
106
107
108
109
110
111
112
113
114
115
116
7
1
117
118
119
120
121
122
122
119
123
104
124
120
125
126
127
128
129
130
131
132
133
106
134
135
136
137
138
125
360
139
140
141
142
143
123
144
139
8
145
146
147
148
146
145
149
150
151
152
119
153
153
122
121
151
154
120
155
156
155
157
157
158
159
159
160
103
161
162
163
164
124
115
101
165
360
116
116
167
167
127
168
165
169
17
170
18
171
172
14
173
171
174
175
176
174
166
177
178
177
179
180
180
181
162
182
183
105
131
184
105
185
133
186
187
187
188
189
189
190
188
107
191
192
193
194
194
193
195
196
108
196
197
198
199
199
138
200
201
202
1000
134
137
137
205
205
206
109
207
200
208
209
210
360
102
212
213
214
215
216
180
176
131
215
217
118
130
218
219
17
220
168
221
208
220
223
224
225
226
227
228
229
230
228
231
232
233
234
212
232
235
235
236
237
238
238
237
239
240
241
240
242
242
243
227
209
237
244
245
233
246
233
245
244
247
248
249
247
248
250
251
252
253
254
255
36
256
256
14
204
13
5
4
203
2
1
2
261
7
149
260
12
10
259
261
11
5
12
216
263
264
23
99
99
265
19
100
266
15
25
16
24
27
33
35
21
98
31
21
28
26
267
64
38
40
83
268
269
270
271
272
94
273
93
58
274
275
276
44
45
277
48
43
47
278
51
52
53
279
280
281
282
100
50
49
56
55
54
42
41
283
268
284
95
285
63
286
63
61
59
287
67
288
66
82
68
289
290
70
71
72
90
291
13
76
292
91
73
293
92
294
79
77
78
88
295
296
69
41
84
297
87
80
86
81
298
85
65
74
299
75
300
270
301
96
60
268
284
34
32
30
13
302
303
56
50
304
305
164
243
217
218
245
191
197
206
306
161
307
103
128
114
169
3
308
142
155
123
309
310
311
153
152
144
312
313
314
211
171
168
315
128
316
317
182
185
318
319
320
135
205
200
359
211
140
141
117
321
141
215
150
150
145
181
163
148
145
170
146
146
322
322
322
323
119
309
121
104
147
151
154
309
147
156
155
324
252
160
113
179
161
183
111
162
324
164
101
112
307
128
114
211
216
124
359
223
158
125
263
159
20
18
126
102
224
173
175
176
224
166
325
325
177
326
177
178
243
326
182
133
327
327
184
328
328
328
187
188
329
186
219
187
330
106
190
190
330
330
197
193
192
201
192
195
196
331
198
199
332
110
110
198
320
135
202
202
196
333
207
334
244
335
109
204
249
208
254
165
359
213
214
172
336
337
338
339
340
143
157
253
327
188
341
342
167
169
138
320
342
344
226
224
345
246
251
238
239
230
229
346
232
228
233
229
239
242
347
348
236
235
349
240
241
350
350
351
350
227
210
212
238
352
353
354
236
234
193
221
355
356
250
357
247
248
235
160
252
209
257
257
358
257
18
137
262
203
203
259
139
2
258
260
203.200
203.200
76.200
76.200
203.200
203.200
76.200
76.200
76.200
76.200
76.200
76.200
76.200
76.200
101.600
101.600
76.200
101.600
76.200
76.200
76.200
76.200
76.200
76.200
76.200
76.200
76.200
76.200
76.200
76.200
76.200
76.200
76.200
76.200
76.200
76.200
76.200
76.200
76.200
76.200
76.200
76.200
76.200
76.200
76.200
76.200
76.200
76.200
76.200
76.200
76.200
76.200
76.200
76.200
76.200
76.200
76.200
76.200
76.200
76.200
76.200
76.200
76.200
76.200
76.200
76.200
76.200
76.200
76.200
76.200
76.200
76.200
76.200
76.200
76.200
76.200
76.200
76.200
76.200
76.200
76.200
76.200
76.200
76.200
76.200
76.200
76.200
76.200
76.200
76.200
76.200
76.200
76.200
76.200
76.200
76.200
76.200
76.200
76.200
76.200
76.200
76.200
76.200
76.200
76.200
76.200
76.200
76.200
76.200
76.200
76.200
76.200
76.200
76.200
76.200
76.200
76.200
76.200
76.200
76.200
76.200
76.200
76.200
76.200
76.200
76.200
76.200
76.200
76.200
76.200
76.200
76.200
76.200
76.200
76.200
76.200
76.200
76.200
76.200
76.200
76.200
76.200
76.200
76.200
76.200
76.200
76.200
76.200
76.200
101.600
76.200
76.200
76.200
76.200
76.200
203.200
76.200
76.200
76.200
76.200
76.200
76.200
76.200
76.200
76.200
76.200
76.200
76.200
76.200
76.200
76.200
76.200
76.200
76.200
76.200
76.200
76.200
76.200
76.200
76.200
76.200
76.200
76.200
76.200
76.200
76.200
76.200
76.200
76.200
76.200
76.200
76.200
76.200
76.200
76.200
76.200
76.200
76.200
76.200
152.400
76.200
203.200
76.200
76.200
76.200
76.200
76.200
76.200
76.200
76.200
76.200
76.200
76.200
76.200
76.200
76.200
76.200
76.200
76.200
101.600
76.200
101.600
76.200
76.200
76.200
101.600
76.200
76.200
76.200
76.200
76.200
76.200
76.200
76.200
76.200
76.200
76.200
76.200
76.200
76.200
76.200
152.400
101.600
76.200
76.200
76.200
101.600
101.600
101.600
76.200
101.600
101.600
101.600
101.600
76.200
76.200
101.600
76.200
76.200
76.200
76.200
76.200
76.200
76.200
76.200
76.200
76.200
76.200
76.200
76.200
76.200
76.200
76.200
76.200
76.200
76.200
76.200
76.200
76.200
76.200
76.200
76.200
76.200
76.200
76.200
76.200
76.200
76.200
76.200
76.200
76.200
76.200
76.200
76.200
76.200
76.200
76.200
76.200
76.200
76.200
76.200
76.200
76.200
76.200
76.200
76.200
76.200
76.200
76.200
76.200
76.200
76.200
76.200
76.200
76.200
76.200
76.200
76.200
76.200
76.200
76.200
76.200
76.200
76.200
76.200
76.200
76.200
76.200
76.200
76.200
76.200
76.200
76.200
76.200
76.200
76.200
76.200
76.200
76.200
76.200
76.200
76.200
76.200
76.200
76.200
76.200
76.200
76.200
76.200
76.200
76.200
76.200
76.200
76.200
76.200
76.200
76.200
76.200
76.200
76.200
76.200
76.200
76.200
76.200
76.200
76.200
76.200
76.200
76.200
76.200
76.200
76.200
76.200
76.200
76.200
76.200
76.200
76.200
76.200
76.200
76.200
76.200
76.200
76.200
76.200
76.200
76.200
76.200
76.200
203.200
76.200
76.200
76.200
76.200
1.0000
94.0000
205.0000
0.5000
8.0000
2.0000
5.0000
3.0000
2.0000
2.0000
338.0000
107.0000
167.0000
115.0000
95.3600
33.6700
38.8000
83.3400
1.0000
7.3400
15.6500
13.4300
15.3400
12.3700
1235.0000
14.0000
29.5600
243.0000
225.1300
21.8600
252.4900
795.0000
15.0300
468.0000
9.9600
472.4400
303.0000
240.0000
697.0000
203.0000
63.0000
226.0000
280.0000
33.0000
190.0000
10.5300
3.0000
320.0000
300.0000
220.0000
326.0000
104.0000
180.0000
11.2000
104.8000
22.0000
180.0000
180.0000
943.0000
2.0000
804.0000
80.0000
256.0000
25.0000
119.0000
380.0000
280.0000
460.0000
22.0000
1696.0000
725.0000
462.0000
320.0000
184.6100
584.0000
28.7100
730.0000
670.0000
1120.0000
40.0000
520.0000
430.0000
450.0000
170.0000
313.1800
6.8000
17.2700
480.0000
65.0000
320.0000
602.0000
177.0000
716.0000
108.0000
40.0000
250.0000
209.3700
70.0000
13.0000
300.0000
240.0000
8.0000
280.0000
8.8800
232.3600
6.9000
15.0000
180.0000
170.0000
20.0000
591.0000
246.0000
342.0000
5.0000
270.0000
727.4600
22.3400
1850.0000
10.0000
170.0000
23.2600
137.0000
14.6300
159.4700
249.0000
317.0000
9.6400
672.6500
7.1000
16.0000
18.7400
14.1000
125.7600
100.0000
1.0000
1.0000
440.0000
427.0000
11.0000
465.6300
3.7100
92.0000
86.0000
96.0000
85.0000
96.0000
90.0000
9.2300
9.9400
88.5000
87.0000
91.0000
52.0000
97.0000
10.0000
94.0000
97.0000
82.0000
93.0000
93.0000
45.2200
60.0000
70.0000
52.0000
90.0000
90.0000
60.0000
85.0000
50.0000
188.0000
115.0000
88.0000
40.0000
60.0000
60.0000
44.6800
4.7900
12.8300
43.0000
87.0000
80.0000
50.0000
87.0000
30.0000
2.0000
150.2000
89.0000
1.0000
13.8400
100.0000
7.3000
60.0000
11.8800
83.0000
8.4700
12.8000
5.0000
5.0000
90.0000
2.5000
4.7800
70.0000
89.0000
87.0000
10.7300
10.8800
0.5000
85.0000
34.0000
85.0000
92.0000
14.4300
28.7400
90.0000
5.0000
85.0000
90.0000
6.4400
13.9200
1.0000
9.0400
14.9300
0.5000
53.0000
9.9600
80.0000
6.6200
1.0000
1.0000
11.3200
1.0000
50.0000
238.0000
86.0000
9.2000
226.0000
24.9700
10.0000
90.0000
86.0000
1.0000
85.0000
8.7600
1.0000
90.0900
205.3600
94.0000
76.0000
11.9200
13.7200
142.0000
188.0000
98.0000
14.7700
5.0000
1.0000
90.0000
9.3500
91.0000
200.0000
90.0000
1.0000
53.0000
34.0000
13.6600
11.6100
39.4000
90.0000
95.0000
10.7500
5.3700
90.0000
68.0000
5.0000
152.0000
1.0000
143.0000
1.0000
1.0000
90.0000
90.0000
92.0000
2.0000
2.0000
5.0000
80.0000
2.0000
4.9900
70.0000
40.0000
66.0000
80.0000
132.0000
90.0000
240.0000
25.0500
44.0000
1.0000
90.0000
3.7000
1.0000
105.0000
133.0400
22.7300
111.0000
129.0000
32.3100
4.7200
21.1400
150.0000
699.0000
32.8800
70.0000
165.0000
3.5800
7.9800
10.0700
8.7800
6.0300
6.4000
15.5700
1.0000
93.0000
19.0100
20.0000
240.0000
26.1100
10.0000
1.0000
118.0000
80.0000
85.1000
111.2000
202.8000
8.3600
9.2200
105.0000
29.0000
105.0000
26.0000
35.0000
35.0000
33.0000
3.2400
19.9800
37.0000
25.4700
14.3500
84.0000
94.0000
37.5900
44.4000
4.3300
57.0000
68.0000
46.0000
6.8000
3.9900
65.0000
477.0000
105.8000
116.0000
24.3300
1.0000
1.0000
17.8000
41.0000
41.0000
12.0000
177.0000
264.0000
80.0000
27.8700
36.0000
48.0100
53.9000
8.5800
3.8000
1.0000
3.0000
1.0000
6.3700
192.0000
18.0000
15.4400
31.0000
160.0000
1.0000
1.0000
1.0000
85.0000
1.4800
11.3200
30.0000
0.003000
0.282000
0.615000
0.002000
0.024000
0.006000
0.020000
0.012000
0.008000
0.008000
1.352000
0.321000
0.501000
0.460000
0.286000
0.101000
0.116000
0.250000
0.008000
0.029000
0.068000
0.059000
0.061000
0.049000
3.705000
0.042000
0.094000
0.729000
0.675000
0.071000
0.757000
2.385000
0.050000
1.404000
0.035000
1.417000
0.909000
0.720000
2.091000
0.614000
0.189000
0.678000
0.840000
0.104000
0.570000
0.032000
0.014000
0.960000
0.900000
0.660000
0.978000
0.312000
0.540000
0.039000
0.314000
0.066000
0.540000
0.540000
2.829000
0.006000
2.412000
0.240000
0.768000
0.080000
0.357000
1.140000
0.840000
1.380000
0.071000
5.088000
2.175000
1.386000
0.960000
0.554000
1.752000
0.086000
2.190000
2.010000
3.360000
0.120000
1.560000
1.290000
1.350000
0.510000
0.940000
0.020000
0.052000
1.440000
0.195000
0.960000
1.806000
0.531000
2.148000
0.329000
0.120000
0.750000
0.628000
0.210000
0.039000
0.900000
0.720000
0.024000
0.840000
0.032000
0.697000
0.021000
0.045000
0.540000
0.510000
0.065000
1.773000
0.738000
1.026000
0.015000
0.810000
2.182000
0.067000
5.550000
0.035000
0.510000
0.070000
0.411000
0.049000
0.478000
0.747000
0.951000
0.034000
2.018000
0.021000
0.053000
0.056000
0.042000
0.377000
0.300000
0.008000
0.008000
1.320000
1.281000
0.038000
1.397000
0.011000
0.276000
0.258000
0.384000
0.340000
0.288000
0.270000
0.033000
0.030000
0.354000
0.261000
0.364000
0.156000
0.291000
0.030000
0.000000
0.388000
0.246000
0.372000
0.372000
0.181000
0.180000
0.210000
0.156000
0.270000
0.270000
0.180000
0.255000
0.150000
0.752000
0.460000
0.264000
0.120000
0.180000
0.180000
0.134000
0.019000
0.056000
0.129000
0.348000
0.320000
0.150000
0.261000
0.090000
0.000000
0.000000
0.267000
0.003000
0.060000
0.300000
0.029000
0.180000
0.041000
0.332000
0.025000
0.043000
0.025000
0.025000
0.360000
0.013000
0.019000
0.210000
0.356000
0.348000
0.037000
0.033000
0.002000
0.340000
0.102000
0.255000
0.368000
0.063000
0.115000
0.360000
0.020000
0.255000
0.360000
0.024000
0.047000
0.003000
0.041000
0.065000
0.002000
0.217000
0.045000
0.320000
0.020000
0.004000
0.003000
0.034000
0.008000
0.150000
0.714000
0.258000
0.037000
0.904000
0.100000
0.030000
0.270000
0.258000
0.008000
0.255000
0.026000
0.004000
0.275000
0.821000
0.376000
0.304000
0.053000
0.055000
0.568000
0.752000
0.392000
0.064000
0.020000
0.003000
0.360000
0.028000
0.273000
0.600000
0.360000
0.004000
0.212000
0.136000
0.041000
0.040000
0.158000
0.360000
0.380000
0.043000
0.021000
0.360000
0.272000
0.025000
0.608000
0.004000
0.572000
0.003000
0.008000
0.360000
0.270000
0.276000
0.011000
0.013000
0.025000
0.320000
0.011000
0.015000
0.210000
0.120000
0.198000
0.240000
0.396000
0.270000
0.960000
0.100000
0.176000
0.009000
0.270000
0.011000
0.008000
0.315000
0.399000
0.073000
0.333000
0.387000
0.129000
0.014000
0.090000
0.450000
2.097000
0.099000
0.210000
0.495000
0.016000
0.037000
0.035000
0.040000
0.023000
0.019000
0.052000
0.009000
0.372000
0.081000
0.060000
0.720000
0.078000
0.030000
0.008000
0.472000
0.325000
0.260000
0.334000
0.608000
0.030000
0.033000
0.315000
0.092000
0.320000
0.078000
0.105000
0.105000
0.099000
0.010000
0.065000
0.111000
0.076000
0.043000
0.252000
0.282000
0.113000
0.138000
0.018000
0.171000
0.204000
0.138000
0.020000
0.017000
0.195000
1.431000
0.317000
0.348000
0.078000
0.008000
0.009000
0.053000
0.123000
0.128000
0.048000
0.531000
0.792000
0.320000
0.116000
0.108000
0.144000
0.216000
0.031000
0.011000
0.003000
0.009000
0.008000
0.019000
0.576000
0.054000
0.051000
0.098000
0.480000
0.004000
0.004000
0.003000
0.340000
0.011000
0.045000
0.090000
37.483000
37.482000
-2.960000
1.416000
-37.483000
-37.484000
2.962000
2.962000
-1.417000
1.546000
-1.708000
-0.400000
0.255000
-1.226000
-4.817000
8.035000
0.001000
-4.755000
-0.007000
0.001000
-1.141000
-0.198000
-0.200000
-1.338000
5.685000
0.169000
2.440000
-1.140000
3.097000
-3.087000
-3.149000
5.314000
3.056000
0.095000
2.754000
2.352000
0.308000
1.693000
0.554000
0.360000
-0.069000
0.025000
0.021000
0.081000
0.009000
0.034000
0.078000
0.038000
0.019000
0.021000
0.101000
0.145000
0.005000
-0.948000
-0.972000
0.780000
0.016000
0.261000
0.184000
0.115000
0.069000
0.007000
0.036000
0.003000
0.678000
0.270000
-0.160000
-0.201000
0.732000
0.736000
-1.135000
-1.323000
0.018000
-0.406000
-1.754000
0.406000
0.037000
0.267000
0.054000
-0.014000
0.109000
2.723000
0.071000
0.650000
0.022000
0.040000
0.471000
0.565000
0.030000
0.016000
2.152000
2.038000
1.945000
1.765000
0.034000
1.163000
0.260000
0.036000
0.061000
0.083000
0.011000
0.342000
0.058000
0.171000
0.100000
0.171000
0.092000
0.036000
0.043000
0.470000
1.528000
0.192000
0.026000
0.090000
0.219000
0.405000
0.281000
0.030000
0.091000
0.879000
1.763000
0.027000
0.341000
0.029000
0.118000
0.032000
0.401000
0.360000
-0.091000
1.770000
2.763000
3.070000
3.108000
-0.990000
0.025000
0.001000
0.620000
0.119000
0.033000
0.077000
0.576000
0.596000
0.307000
4.424000
3.152000
-0.189000
0.173000
0.488000
0.041000
5.846000
-2.466000
-0.175000
-0.065000
1.609000
1.660000
37.482000
0.001000
0.277000
4.608000
1.104000
0.355000
0.077000
0.342000
-1.553000
-0.638000
-0.339000
0.093000
0.113000
0.088000
-0.718000
-0.085000
-0.671000
0.019000
-0.276000
0.001000
0.150000
-0.001000
1.212000
0.266000
0.211000
-0.727000
-0.165000
1.160000
-0.924000
1.370000
1.879000
0.322000
0.062000
0.390000
0.065000
0.348000
0.534000
-0.615000
-0.543000
2.959000
3.397000
12.606000
-5.320000
-5.388000
18.958000
-5.916000
37.481000
-1.289000
2.217000
-0.726000
0.001000
0.738000
-2.328000
1.039000
0.720000
-3.042000
-0.619000
-0.542000
2.232000
-2.177000
-2.010000
-3.802000
3.728000
-5.408000
18.751000
0.000000
8.601000
-1.069000
4.624000
5.955000
12.569000
-3.727000
-4.206000
-1.784000
-2.361000
2.691000
0.507000
-1.459000
-0.510000
1.909000
-3.698000
0.525000
0.004000
-5.344000
0.771000
0.820000
18.834000
8.038000
5.497000
0.000000
-1.582000
-5.928000
-5.633000
6.754000
6.722000
6.507000
-6.994000
-7.258000
7.355000
-4.284000
-3.250000
8.455000
-4.283000
4.044000
3.251000
6.477000
6.272000
4.479000
-3.891000
-0.305000
-0.308000
-0.823000
1.192000
5.045000
0.672000
0.001000
0.798000
0.343000
-4.004000
3.778000
3.537000
3.905000
0.012000
-0.361000
-3.243000
2.421000
0.382000
-0.532000
0.655000
-2.653000
-2.536000
-0.269000
0.001000
2.169000
0.986000
0.043000
0.754000
-0.282000
-0.913000
0.215000
-0.514000
-0.128000
-0.269000
-2.010000
0.001000
0.599000
0.321000
0.229000
0.066000
0.559000
-0.420000
0.895000
2.052000
1.666000
-2.387000
-1.894000
0.476000
0.402000
0.237000
0.001000
0.001000
0.082000
0.048000
0.032000
0.349000
0.066000
-4.684000
-0.220000
4.134000
0.093000
-1.687000
-1.777000
-0.747000
-0.928000
1.075000
1.775000
0.001000
0.104000
-0.048000
0.001000
1.794000
-0.258000
-0.766000
-0.202000
-0.182000
-0.001000
0.046000
-0.640000
-0.439000
-1.039000
-0.688000
0.354000
0.202000
0.012000
0.092000
-1.768000
0.816000
0.008000
0.007000
0.062000
-0.105000
-0.093000
0.001000
0.199000
3.913000
1.758000
-0.437000
-0.144000
0.001000
0.134000
0.001000
1.793000
-0.437000
2.886000
-0.692000
0.193000
0.001000
0.864000
0.054000
0.533000
0.760000
-0.259000
-10.149000
-4.739000
1.657000
-0.005000
0.030000
0.011000
-0.024000
1.316000
-0.720000
0.049000
-1.417000
-1.547000
37.485000
-0.040000
-0.019000
0.021000
2.961000
