30
1
35
1
2
3
4
5
6
7
8
9
10
11
12
13
14
15
16
17
18
19
20
21
22
23
24
25
26
27
28
29
30
4234.930
6939.720
8531.680
200.930
1267.390
1916.540
2720.250
3400.310
4806.800
5363.210
5919.630
5301.390
6460.590
6429.680
6707.880
5734.160
7573.420
9026.280
10540.960
2812.980
2009.270
7619.780
7697.060
9814.530
4095.830
4173.110
4729.520
3384.850
3400.310
4018.550
4513.140
7557.960
9644.510
3508.500
4497.680
5146.830
5780.530
5224.110
8114.370
7635.240
8315.300
8639.880
6429.680
4559.510
9211.750
9907.260
10154.560
6491.500
6491.500
4636.790
3848.530
6429.680
4574.960
4930.450
8825.350
7387.940
6939.720
8129.830
6615.150
6151.470
652.580
649.840
646.480
656.390
652.730
648.920
648.310
648.310
642.980
646.480
651.970
643.130
651.210
653.190
653.490
655.020
642.830
653.490
655.170
652.270
652.730
653.490
657.300
663.860
645.570
639.930
640.690
639.620
646.180
647.090
3.290
3.190
1.630
0.870
3.380
3.260
12.650
0.720
0.680
3.290
6.360
1.710
6.360
1.630
3.250
3.290
0.650
6.540
3.290
0.690
3.240
0.740
3.250
6.470
3.230
3.310
3.220
1.610
2.640
3.240
712.106100
701.186600
699.682100
713.037000
701.171600
684.200600
709.345500
711.318800
706.184100
699.337000
701.523400
705.845600
694.332900
689.951200
699.093400
687.585600
693.664700
698.098800
695.693200
685.474500
688.408800
692.439000
687.987200
694.440100
700.073400
706.725500
702.095000
704.924900
708.722100
709.694000
31
1808.35
2411.13
715.56
715.56
1
2
3
4
5
6
7
8
9
10
11
12
13
14
15
16
17
18
19
20
21
22
23
24
25
26
27
28
29
30
31
32
33
34
35
31
31
1
1
2
2
2
3
3
4
5
5
6
7
7
8
9
9
9
11
12
13
14
15
15
18
18
21
22
23
24
26
26
26
29
1
4
2
8
3
11
13
17
18
5
6
21
7
8
29
30
10
12
25
15
11
14
23
16
17
19
24
20
13
22
19
9
27
28
26
254.00
76.20
101.60
203.20
152.40
152.40
76.20
25.40
152.40
76.20
25.40
50.80
25.40
203.20
203.20
50.80
50.80
152.40
50.80
76.20
152.40
50.80
25.40
50.80
25.40
76.20
76.20
25.40
76.20
50.80
76.20
203.20
50.80
50.80
203.20
415.440
59.130
558.400
46.020
270.660
47.240
94.180
213.060
350.830
334.670
176.170
186.230
28.960
127.710
63.400
33.530
137.470
17.980
126.800
92.350
250.850
233.480
116.430
231.040
307.540
124.360
359.970
34.440
213.670
106.990
294.740
82.600
96.620
129.240
222.500
0
0
0
0
0
0
0
0
0
0
0
0
0
0
0
0
0
0
0
0
0
0
0
0
0
0
0
0
0
0
0
0
0
0
0
88.76050
8.91950
12.46640
73.00400
18.29850
-21.00210
11.98000
0.36850
16.30000
8.04950
0.73950
3.93000
-2.52050
-69.04400
53.87360
3.24000
3.29000
35.89360
3.23000
6.82150
34.18360
1.90420
0.27420
3.29000
0.28150
5.74780
4.01220
0.69000
-3.71580
-2.97580
-2.45780
43.09360
3.22000
1.61000
51.23360
