666
1
762
3
4
5
6
7
10
11
12
13
14
15
16
17
18
19
20
21
22
49
183
184
185
186
187
188
189
190
191
192
193
194
195
196
197
198
199
200
201
202
203
204
205
206
207
208
209
210
211
212
213
214
215
216
217
218
219
220
221
222
223
224
225
226
227
228
229
230
249
250
251
253
254
256
257
258
259
260
261
262
263
264
266
269
271
272
273
274
276
308
309
310
311
312
313
323
324
326
424
425
426
427
428
429
430
431
432
433
434
435
436
437
438
439
440
441
442
443
444
445
446
447
448
449
450
451
452
453
454
455
456
457
458
459
460
461
462
463
464
465
466
467
468
469
470
471
472
473
474
475
476
477
478
479
480
481
482
483
484
485
486
487
488
489
490
491
492
493
494
495
496
497
498
499
500
501
502
503
504
505
506
507
508
509
510
511
512
513
514
515
516
517
518
519
520
521
522
523
524
525
526
527
528
529
530
531
532
533
534
535
536
537
538
539
540
541
542
543
544
545
546
547
548
549
550
551
553
554
555
556
557
558
559
560
561
562
563
564
565
566
567
568
569
570
571
572
573
574
575
576
577
578
579
580
581
582
583
584
585
586
587
588
589
590
591
592
593
594
595
596
597
598
599
600
601
602
603
604
605
606
607
608
609
610
611
612
613
614
615
616
617
618
619
620
621
622
623
624
625
626
627
628
629
630
631
632
633
634
635
636
637
638
639
640
641
642
643
644
645
646
647
648
649
650
651
652
653
654
655
656
657
658
659
660
661
662
663
664
665
666
667
668
669
670
671
672
673
674
675
676
677
678
679
680
681
682
683
684
685
686
687
688
689
690
691
755
756
784
785
786
787
789
794
795
804
829
850
854
855
856
857
859
860
861
862
863
864
865
867
868
869
870
871
872
873
874
875
876
877
878
879
880
881
882
883
884
885
886
887
888
889
890
896
897
898
899
900
901
902
903
904
905
906
907
908
909
910
911
912
913
914
915
916
917
918
919
920
921
922
923
924
925
928
929
930
931
932
933
934
935
936
937
938
939
940
941
942
943
944
945
946
947
948
949
950
951
952
953
954
955
956
957
958
959
960
961
962
963
964
965
966
967
968
969
970
975
976
977
978
979
981
982
983
985
986
1013
2098
2099
2102
2302
2303
2304
2305
2307
2308
2309
2310
2311
2312
2313
2315
2317
2318
2319
2320
2344
2345
2346
2347
2348
2349
2350
2351
2352
2353
2354
2362
2363
2368
2374
2375
2376
2379
2380
2381
2382
2402
2403
2404
2405
2406
2407
2408
2409
2410
2411
2412
2413
2414
2415
2416
2417
2418
2419
2420
2421
2422
2423
2424
2425
2426
2427
2428
2429
2430
2431
2433
2434
2435
2436
2453
2454
2455
2456
2457
2458
2459
2460
2737
2739
2740
2741
2742
2743
2744
2745
2772
2773
2788
2799
2812
2817
2936
2937
2938
2939
2940
2941
2942
2943
2944
2945
2946
2949
2950
2951
2952
2953
2996
2997
2998
2999
3003
3011
3012
3013
3014
3015
3016
3017
3018
3019
3020
3021
3031
3034
3035
3036
3038
3039
3042
3043
3044
3046
3139
3140
3141
3142
3143
3145
3149
3150
3151
3152
3153
3154
3155
3156
3157
3158
3159
3160
3167
3168
3174
3175
3176
3177
3178
3179
3240
3241
3242
3245
3275
3276
3277
105681.04
105570.15
105512.62
105507.59
105508.55
106466.30
106464.74
106659.15
106658.46
105857.98
105843.88
105879.86
105887.62
105922.01
105894.57
105937.54
105844.29
105781.45
106670.58
105893.46
105894.06
105886.59
105885.87
105786.64
105830.67
105846.08
105842.09
105823.44
105786.29
105748.80
105790.19
105789.57
105758.85
105763.22
105799.78
105763.23
105836.02
105737.86
105740.37
105741.44
105740.30
105732.10
105724.76
105726.66
105700.78
105713.64
105696.93
105663.18
105699.58
105703.03
105723.16
105741.31
105747.16
105765.46
105931.99
105730.93
105881.60
105888.97
105929.79
105885.86
105815.30
105930.41
105933.63
105727.49
105826.93
105835.02
105924.28
106419.16
106427.93
106415.20
106443.36
106432.13
106376.18
106378.84
106420.05
106459.63
106462.32
106385.33
106380.58
106428.27
106369.09
106418.38
106403.97
106402.80
106399.79
106409.33
106412.21
106416.92
106186.50
106183.67
106310.37
106306.92
106378.14
106365.99
106367.76
106364.88
106370.12
105828.54
105758.36
105820.69
105789.82
105784.58
105762.58
105887.55
105954.23
105958.23
105950.02
105954.04
105957.15
106071.17
105984.81
106006.48
105735.87
105738.83
105798.83
105814.83
105883.87
105883.76
106395.68
106364.99
106309.99
106009.03
105859.33
105829.59
105824.84
105902.44
105876.03
105785.10
105786.45
105830.50
105920.18
105922.01
105923.15
105961.65
105869.81
105908.99
105890.47
105927.54
105879.48
105876.05
105879.25
105831.51
105892.07
105883.87
105859.32
105847.18
105849.03
106003.95
106105.58
106337.61
106091.76
106210.86
106138.67
106039.06
106042.10
106079.77
106083.65
106129.94
106075.28
106216.37
106253.61
106256.74
106280.07
106017.75
106043.04
106223.63
106300.36
106221.76
106289.51
106128.64
105970.62
105969.53
105953.33
106172.27
106176.51
106300.33
106304.45
106297.30
106295.00
106337.90
106375.16
106001.24
105997.04
105965.56
106167.34
106050.38
106125.40
106257.65
106296.78
105968.52
106009.04
105936.51
105911.21
106085.36
106159.30
106162.15
106209.14
106335.69
106299.08
106294.08
106295.80
106262.81
106124.64
106372.41
106157.56
106206.05
106169.82
106014.32
106253.57
106364.61
106156.59
106288.24
106205.93
106331.95
105968.08
105963.42
106047.02
106213.23
106393.69
106173.79
106180.78
106134.57
106377.17
106338.99
106381.60
105801.18
106372.81
106376.41
106334.89
106333.70
106375.28
106310.56
106292.88
106303.41
106287.60
106286.03
106282.16
106286.42
106253.55
106250.41
106211.02
106208.56
106209.89
106143.41
106132.58
106126.80
106122.86
106124.55
106120.82
106077.12
106081.14
106056.30
106053.43
106039.97
106037.12
106034.78
106035.63
106043.75
106039.83
106042.88
105992.58
105994.63
106002.92
105955.02
105952.97
105957.90
105965.31
105961.24
105919.30
105916.18
105918.31
105886.79
105871.99
105873.75
105871.52
105874.53
105878.13
105887.10
105832.89
105826.40
105828.84
105833.64
105811.84
105798.78
105777.08
105815.24
105852.21
105879.66
105839.64
105842.03
105873.52
105900.67
105977.18
106001.72
105893.97
105895.92
106024.39
106030.61
106035.51
105959.72
105966.00
105969.66
105968.71
105960.93
105998.79
105996.84
106037.75
106038.66
106080.00
106074.54
106115.02
106120.66
106130.87
106162.69
106160.96
106204.31
106195.92
106293.50
106300.25
106374.44
106371.65
106359.68
106329.37
106337.48
106295.78
106290.77
106249.94
106249.71
106207.55
106150.76
106152.30
106100.81
106099.11
106066.48
106068.24
106037.76
106033.89
105960.25
105968.71
106005.71
106001.64
106072.16
106133.26
106160.65
106180.17
106177.01
106166.46
106197.87
106207.59
106222.49
106291.74
106258.39
106290.73
106284.21
106330.94
106375.67
106366.85
106372.16
106398.69
106390.21
106369.25
106342.18
106282.12
105784.84
106364.64
106367.51
106409.05
106403.97
106418.82
106417.14
106645.89
106459.70
106465.14
106506.07
106963.13
106807.42
106837.67
106805.79
106449.27
106509.94
106504.07
106507.25
106532.52
106507.68
106469.20
106472.94
106502.20
106497.10
106464.25
106509.36
106496.56
106668.64
106588.04
106493.20
106480.73
106584.89
106608.22
106632.97
106609.51
106499.61
106468.59
106418.96
106467.72
106525.26
106489.90
106478.87
106439.99
106445.62
106428.72
106565.31
106644.06
106530.14
106462.60
106471.14
106466.91
106708.07
106669.39
106711.30
106631.57
106572.42
106642.35
106644.01
106591.84
106633.11
106645.03
106649.42
106558.56
106632.58
106580.48
106624.33
106627.44
106506.21
106545.18
106537.64
106533.71
106581.33
106550.43
106679.30
106578.15
106565.79
106537.89
106584.90
106707.47
106704.70
106702.41
106710.71
106658.75
106613.82
106625.46
106635.67
106696.43
106682.18
106645.02
106591.16
106590.33
106542.36
106533.72
106541.75
106549.40
106650.95
106650.75
106551.31
106570.27
106571.31
106525.99
106528.39
106526.21
106500.51
106471.76
106466.03
106460.11
106464.78
106469.87
106497.93
106450.23
106466.22
106443.90
106437.78
106437.14
106429.53
106475.01
106514.39
106507.54
106553.34
106523.63
106475.75
106450.74
106440.72
106445.76
106468.36
106435.79
106429.05
106650.15
106482.31
106447.17
105694.71
105773.63
106428.39
106664.89
106517.20
106524.13
106564.85
106662.48
106584.22
106583.52
106693.54
106688.07
106681.13
106527.40
106952.05
106444.05
106433.81
106366.99
106441.37
106436.38
106454.53
106450.87
106424.97
106465.12
106528.95
106595.82
106567.13
106583.51
106659.61
106569.12
106514.81
106452.40
106755.90
106534.19
106529.28
106528.48
106531.07
106530.18
106520.28
106534.87
106008.76
106016.33
106012.32
105913.28
105957.48
105847.47
105838.65
105745.14
105712.98
105732.08
105722.52
105962.12
105777.04
105780.41
105778.52
105771.15
105769.10
105761.58
105786.46
105778.97
105776.89
105751.97
105811.23
105815.10
105836.14
105761.84
105760.07
105751.51
105795.93
105794.10
106295.99
106295.08
106221.62
106216.30
106406.07
106422.82
106419.45
105761.27
105829.47
105819.23
105813.55
106537.63
106572.89
106953.68
106953.47
106953.24
106952.73
106663.63
106499.59
106500.17
106459.30
106454.13
106839.24
106501.22
106388.80
105781.35
105682.58
105659.33
105769.56
105859.20
105837.94
105811.48
105695.27
105691.40
105720.19
105751.63
105783.02
105573.37
105506.85
105862.60
105847.18
106002.14
105858.05
105833.91
105677.66
105693.11
106308.08
105749.55
105860.75
105935.07
105912.92
105829.72
106360.09
105942.89
105875.58
105747.58
105881.24
106301.22
106820.99
106804.53
106532.46
106607.58
106493.70
106593.81
106461.09
106507.06
106583.61
106533.94
105695.75
105725.72
105509.02
105569.07
105774.98
106413.40
106167.01
106212.24
106291.78
105969.88
105970.84
106098.03
106289.88
106370.36
106299.09
106132.06
106311.51
105872.21
105842.89
105923.00
106552.80
106591.81
106656.97
106695.73
106427.49
106436.18
105733.64
105707.29
105748.08
106542.34
105687.01
105682.27
105772.92
76336.22
76285.06
76234.22
76220.45
76217.06
77192.23
77194.31
77008.73
77013.09
76841.59
76803.17
76475.79
76474.74
76486.37
76474.67
76473.39
76466.08
76536.36
77488.10
76450.87
76448.71
76445.71
76447.94
76370.87
76387.49
76460.81
76459.43
76401.31
76400.88
76398.91
76399.29
76371.95
76347.41
76347.06
76341.13
76344.37
76443.70
76386.93
76381.12
76348.56
76315.95
76312.13
76316.19
76314.81
76354.47
76328.99
76319.21
76326.18
76353.41
76351.84
76317.49
76346.14
76397.59
76326.60
76471.08
76470.99
76472.02
76471.80
76465.24
76473.94
76433.09
76469.38
76472.16
76467.45
76402.76
76440.23
76482.89
77379.22
77386.66
77176.25
77601.18
76878.58
77322.89
77141.03
76728.71
77191.15
77186.84
76964.60
76961.49
77383.52
76658.59
77385.47
76854.44
76855.88
76859.78
76847.84
77370.02
77376.36
76976.61
76974.28
77066.60
77071.17
76964.64
76814.92
77568.52
77567.54
77562.40
76685.47
76683.71
76691.53
76637.79
76638.11
76617.57
76879.14
77047.23
77046.69
77016.25
77015.48
76651.89
76595.15
76615.74
76586.58
76631.05
76633.22
76640.90
76669.18
76743.60
76599.93
76557.52
76662.95
76597.00
76583.12
76588.85
76575.30
76573.29
76570.35
76556.07
76551.00
76541.18
76494.58
76489.16
76492.84
76490.94
76824.13
76864.56
76896.75
76748.94
76790.47
76757.21
76761.92
76764.25
76683.79
76604.32
76757.94
76784.60
76795.53
76796.93
76687.03
76630.58
76630.00
76912.16
76663.98
76945.73
76889.53
76891.87
76919.36
76922.21
76957.19
77123.91
77017.48
77045.50
77047.80
77070.64
77105.51
76716.18
77175.16
77065.91
77010.55
77057.66
76938.54
77068.99
77064.63
77005.03
77155.24
77156.74
77079.78
77074.40
77083.75
77082.00
77109.13
77138.29
76861.76
76858.73
76818.85
76808.89
76881.99
76777.61
76878.13
76908.12
76981.63
76851.18
76937.39
76893.85
76747.75
77160.26
77151.87
77168.45
77282.21
77246.45
77252.35
77243.41
77209.98
77140.43
77327.21
77200.22
77175.17
77163.85
77114.82
76692.11
76816.69
76647.40
76733.30
76839.46
76778.51
76988.06
76656.81
76886.00
76845.24
76697.48
76988.48
76978.03
76951.10
76965.89
76938.77
76969.48
76638.01
77141.40
77144.24
77113.18
77106.02
77122.80
77073.94
77060.22
77061.97
77069.76
77075.17
77067.77
77061.91
77052.05
77049.74
77024.59
77027.86
77013.11
76939.52
76953.72
76961.06
76965.94
76953.12
76950.30
76922.80
76925.52
76873.76
76877.76
76894.64
76898.33
76895.12
76887.01
76883.63
76880.79
76876.41
76855.39
76862.09
76846.63
76833.30
76825.77
76821.41
76826.78
76815.62
76800.61
76804.64
76783.59
76753.96
76767.42
76760.56
76748.44
76752.46
76738.69
76739.59
76696.94
76690.59
76681.45
76680.36
76666.14
76643.62
76554.04
76567.99
76585.60
76598.07
76547.29
76538.31
76561.00
76573.14
76610.81
76578.51
76522.17
76518.30
76551.00
76554.55
76553.40
76661.47
76653.39
76648.54
76638.30
76646.96
76683.18
76696.66
76723.32
76712.92
76755.01
76739.68
76769.87
76784.21
76770.35
76815.24
76804.13
76857.56
76831.53
76905.62
76903.45
76963.95
76807.65
76823.35
76781.97
76771.48
76723.76
76720.00
76697.02
76689.57
76668.38
76645.82
76656.22
76636.84
76623.92
76599.61
76591.87
76558.36
76563.48
76997.01
77058.72
77097.86
77106.36
77122.91
77151.99
77156.28
77149.76
77147.12
77153.30
77172.61
77171.82
77180.41
77086.25
77206.07
77238.18
77242.18
77277.58
77330.97
77321.89
77318.85
76692.18
76693.29
76668.07
76625.48
76564.05
76539.63
77568.18
77569.16
77365.86
76843.81
76576.14
77383.89
77158.22
77548.18
77505.72
77401.48
77733.47
77369.33
77401.57
77357.49
76840.22
76816.59
77236.23
77218.55
77253.48
77214.86
77191.39
77193.74
77241.96
76833.30
76823.40
77530.92
77513.62
77489.83
77408.00
77396.36
77395.28
77405.92
77366.56
77322.13
77364.26
77396.70
77213.75
77171.21
77190.33
77268.90
76709.64
76794.52
76884.67
76770.60
77380.41
76995.69
77006.53
77248.30
77209.27
77207.00
77203.72
77360.48
77403.78
77363.42
77305.91
76948.66
77114.28
77218.05
77211.61
77302.46
77165.91
77061.85
77050.10
77439.17
77412.91
77440.75
77444.40
77397.47
77144.78
77203.27
77513.18
77275.45
77101.38
77334.64
77561.45
76991.95
77250.30
77556.26
77367.11
77363.71
77357.03
77357.21
77395.26
77431.89
77432.62
77317.18
77353.37
77323.96
77210.52
77216.54
77222.63
77252.89
77232.82
77203.90
77145.37
77166.50
77115.05
77095.64
76996.39
76992.65
77263.66
77247.31
77251.43
77233.99
77216.12
77217.21
77212.61
77206.35
77206.03
77227.80
77200.03
77189.25
76887.80
76887.54
76882.46
77373.82
77394.34
77398.76
77397.40
77404.93
76928.84
76792.49
76763.55
76764.39
77244.21
77204.85
76881.42
77377.74
76958.23
77386.35
77602.95
76349.15
76423.84
77178.06
77222.15
77304.56
77254.86
77406.76
77397.47
77266.99
77272.02
77238.47
77237.70
77331.56
77253.28
77702.46
77195.40
77182.19
77561.96
77247.95
76642.51
76656.12
76661.41
76724.20
76671.84
77507.92
77605.70
77570.69
77615.85
77752.94
77642.57
77522.81
77593.76
77406.22
77243.43
77237.80
77242.31
77263.42
77269.60
76957.36
76953.24
77112.62
77104.96
77103.41
76895.48
76978.74
76459.93
76536.56
76845.27
76611.94
76633.26
76631.88
77073.72
76700.46
76712.75
76707.74
76709.98
76704.12
76740.51
76728.15
76731.59
76743.46
76847.01
76830.72
76797.20
76787.49
76679.48
76673.59
76642.55
76635.41
76631.82
77065.25
77056.71
77000.71
77001.14
77671.71
76586.23
76583.60
76390.30
76491.24
76439.74
76437.14
77307.82
77555.38
77733.50
77728.87
77724.01
77714.89
77484.39
77479.07
77470.39
77503.34
77545.95
77400.84
77215.59
77690.54
76715.13
76332.64
76324.36
76328.34
76393.09
76438.23
76431.06
76314.01
76312.06
76314.72
76394.86
76369.43
76288.50
76234.84
76855.84
76540.97
76500.90
76442.01
76357.15
76304.83
76437.41
77069.59
76693.47
76925.12
77049.84
77023.39
76851.62
76531.20
76641.38
76758.14
76570.33
76511.13
76539.24
77366.87
77353.41
76786.76
77302.54
77548.76
77397.70
77199.20
76757.86
76994.44
76950.50
76348.08
76313.64
76220.91
76286.10
76423.17
77369.12
77151.91
77025.48
77237.10
76639.25
76649.46
76624.97
76721.21
76667.07
76902.49
76771.26
77072.78
76560.27
76465.54
76482.10
77095.84
77222.83
77012.90
77354.70
77179.26
76883.61
76849.05
76614.05
76731.19
77308.57
76319.25
76292.61
76366.96
880.00000
876.00000
845.39100
844.86700
841.66800
934.63400
934.76600
920.13400
920.09900
919.05200
917.73700
913.74700
912.92500
913.01500
911.79100
908.66000
911.05500
911.06500
940.19600
905.79100
904.04600
904.21100
905.42700
878.47200
880.75100
910.70000
910.62700
886.80900
900.07800
894.37400
898.83700
878.71400
869.78100
868.59600
862.47600
867.06800
907.18500
894.18700
892.59100
872.13500
857.17600
856.00000
857.83600
857.06900
883.49400
865.74500
866.99100
873.74300
883.01400
882.62300
858.60200
870.95200
893.84100
859.51100
909.31400
906.00000
911.98000
911.76100
906.96300
912.74900
901.09700
908.83500
909.29100
905.24100
887.73500
906.08600
912.55500
940.31400
940.58100
933.89900
945.07700
920.57500
938.56900
932.00000
890.93900
934.43600
934.24200
924.00000
923.99000
940.53100
885.81100
940.42400
920.00000
920.00000
920.00000
919.59200
940.03800
940.22800
928.00000
927.91900
929.07300
929.26200
924.00000
919.37600
944.70900
944.62200
944.43900
916.31500
883.96900
915.24400
914.43300
914.11300
905.48800
919.00400
922.00000
922.00000
920.72000
920.96700
917.84900
916.89900
917.38200
917.12900
882.38800
882.34300
914.93800
916.00000
919.54700
916.02400
879.45600
886.52500
883.10300
917.08400
915.31700
914.21900
914.03900
916.00000
914.71000
911.94600
911.77100
911.86900
913.38500
913.64200
913.39700
921.53700
918.76800
920.11100
920.00000
920.78600
919.86600
919.89900
920.00000
916.50300
916.24500
920.00000
919.97800
917.82900
918.68400
919.17400
918.00000
884.84000
925.56900
920.00000
926.12200
923.43200
923.54200
924.88200
925.08300
926.11800
926.00000
928.00000
928.89400
928.97100
929.60400
924.00000
920.45300
930.00000
929.01500
928.00000
928.96600
926.00000
922.56200
922.40400
920.73700
928.36000
928.54900
929.62400
929.39700
929.80400
929.72500
930.86500
932.00000
922.07900
922.00000
921.53700
924.00000
923.44400
922.91300
925.52300
924.88700
921.47500
922.08100
920.60400
920.18200
921.66000
928.00000
928.00000
929.99200
936.75200
934.98800
934.92900
934.69800
932.00000
927.27300
938.66000
928.00000
929.96600
928.39000
924.00000
919.97500
919.49900
920.00000
919.61300
925.24000
919.60800
921.43800
917.97900
923.47900
925.47200
887.92300
927.75300
927.87300
926.12000
924.00000
923.77700
924.00000
914.92400
932.00000
932.00000
931.13100
930.71800
931.15300
929.43400
928.99100
928.81500
929.42900
929.65000
929.46400
929.17500
928.97900
928.90100
928.00000
928.00000
928.00000
926.12400
926.11900
926.11200
926.10400
926.00000
926.00000
924.89200
925.08500
923.37600
923.40900
923.53900
923.53600
923.42700
923.30900
923.39000
923.28200
923.19900
922.00000
922.00000
922.00000
921.42300
921.37700
921.46400
921.60800
921.45200
920.70600
920.64900
920.60400
920.00000
920.00000
919.69600
919.00700
919.33800
918.94200
919.45700
916.49800
916.17400
916.33300
916.63700
916.00000
914.90200
911.19900
913.31700
915.09900
916.00000
912.95300
912.72500
914.53100
915.93700
917.19500
916.90400
915.24600
915.14100
916.36200
916.40600
916.33100
918.00000
917.88600
917.77100
917.57500
917.71500
918.96300
919.37900
920.46200
920.32700
921.68100
921.35200
922.48900
923.00900
922.81000
924.00000
924.00000
925.80800
924.92100
924.89400
924.57400
924.00000
918.88100
919.94800
919.97000
918.86200
918.52000
918.66500
920.05500
920.00000
920.16100
920.00000
920.00000
918.00000
917.15100
917.18600
916.85700
916.44800
916.62500
921.11400
922.22100
924.00000
924.00000
926.00000
927.95200
928.00000
928.59700
928.45800
928.10300
929.61000
929.97900
930.00000
929.93100
932.00000
934.18900
934.04100
936.39200
938.84300
938.30300
938.37500
887.14600
886.96800
886.55500
884.10800
881.15900
911.54500
944.64900
944.73700
940.00000
918.91800
880.00000
940.37500
930.02300
943.17400
942.00000
941.48500
950.93200
930.00000
934.01100
930.00000
913.48600
902.00000
936.82800
935.95600
938.06800
935.70700
934.57200
934.66700
937.00000
906.71000
909.31700
943.30400
942.18000
940.22800
940.84000
941.50900
941.40800
940.86900
940.40400
940.00000
940.37800
941.43500
935.80500
933.59200
934.51600
938.76800
887.26100
898.00000
920.51000
894.74800
940.48400
924.00000
921.07500
937.75900
935.64100
935.41400
935.31000
940.00000
940.00000
940.00000
938.97700
919.86800
930.00000
933.36800
934.56000
938.65600
930.56300
923.50800
927.20500
940.43700
940.95400
940.54500
940.52400
941.40400
930.75600
934.71000
943.45100
939.09800
929.86900
939.12600
947.30900
923.80300
937.84300
947.34300
940.00000
940.00000
940.00000
940.00000
940.00000
940.63300
940.49500
939.73300
940.00000
937.96600
933.03100
934.90900
935.33800
937.98300
936.70900
934.72200
930.72700
930.50600
930.00000
929.57000
923.96900
923.68300
938.58100
937.70200
937.96300
936.63100
935.84200
936.00000
935.80000
935.47400
935.37100
936.49000
934.83800
934.45900
920.48000
920.66000
920.53400
940.38200
941.34200
941.43300
941.40300
941.25000
921.56100
897.93000
893.13200
894.00000
937.28600
935.35100
920.54500
940.44300
917.48200
941.21500
945.13700
882.00000
903.17400
933.78600
932.35000
940.00000
938.17400
941.11700
940.00000
938.47200
938.82700
931.65100
931.82900
938.73200
938.07500
950.00000
934.54600
933.92100
944.38600
937.43300
882.67000
882.89100
883.46400
889.68000
884.00000
942.78500
949.93700
947.40800
949.63700
950.00000
949.39000
943.38700
944.68600
940.00000
937.41300
937.07500
937.38100
938.70600
938.94400
922.76100
922.58700
924.00000
924.00000
924.00000
920.23600
921.04100
910.61900
912.56400
869.58900
874.60800
879.62300
877.97900
922.27900
898.85500
906.00000
902.10500
896.65100
892.22600
882.78000
895.54500
889.68200
886.01000
871.13300
899.40500
906.45000
915.25900
885.45100
884.89500
885.67900
914.66900
914.51200
929.10900
928.82500
928.00000
928.00000
946.84900
880.00000
880.00000
897.13500
911.63400
904.93600
903.13900
940.00000
946.83800
951.00000
950.76600
950.52100
950.06200
940.26400
941.98700
941.98100
942.00000
943.17400
933.95100
935.80300
947.40900
905.82300
879.81200
872.67400
859.72600
884.41400
905.78500
901.10100
865.41000
865.44500
857.68500
899.24600
878.46200
876.48700
842.13500
918.95400
913.10600
903.28300
907.70800
864.39400
865.61000
904.00000
929.19600
879.34300
893.34200
916.68100
906.02700
908.88500
876.43800
917.57200
919.68300
899.47000
914.00000
876.14800
930.00000
930.00000
894.28900
939.68100
943.02000
940.72200
934.97500
891.96400
923.39600
922.23300
882.00000
856.81500
846.30800
875.66300
903.86400
940.04100
928.10300
928.00400
934.18800
917.60700
917.80300
917.24900
918.78200
886.39100
924.56700
922.85200
929.38600
914.46100
911.00800
912.54900
929.61300
935.32800
920.19700
940.00000
933.88500
920.59600
862.42500
870.52000
877.35700
940.00000
870.75100
854.58000
879.72100
0.00591563800000
0.15110596500000
0.03189300500000
0.00250771600000
0.01671810700000
0.00000000000000
0.00000000000000
0.00000000000000
0.00000000000000
0.04783950700000
0.04256687200000
0.11998456900000
0.01980452600000
0.00000000000000
0.06635802500000
0.08860596800000
0.02842078300000
0.10262345700000
0.34683641800000
0.02919238700000
0.01131687200000
0.02250514400000
0.01967592600000
0.05002572000000
0.06327160400000
0.00000000000000
0.00000000000000
0.02957819000000
0.02353395100000
0.01646090600000
0.00192901200000
0.00938786100000
0.01697530900000
0.04771090500000
0.03022119400000
0.01761831300000
0.00321502100000
0.06494341700000
0.02507716000000
0.04192386900000
0.04012345700000
0.00810185200000
0.01260288100000
0.00000000000000
0.03034979400000
0.09323559600000
0.00758744900000
0.02469135900000
0.01028806600000
0.06815843600000
0.00000000000000
0.04333847700000
0.00000000000000
0.04128086400000
0.00000000000000
0.06520061800000
0.04771090700000
0.01980452600000
0.04115226400000
0.00000000000000
0.04359567800000
0.01105967100000
0.00077160500000
0.05041152200000
0.05324074200000
0.02880658500000
0.00270061700000
0.00000000000000
0.01131687200000
0.16255144300000
0.13760288100000
0.03935185200000
0.45318929900000
0.01710391000000
0.00000000000000
0.00000000000000
0.00000000000000
0.00000000000000
0.03266460900000
0.00000000000000
0.09426440600000
0.00000000000000
0.00000000000000
0.00707304500000
0.12628600800000
0.00000000000000
0.00000000000000
0.00000000000000
0.00000000000000
0.09169238700000
0.00000000000000
0.00000000000000
0.00000000000000
0.00000000000000
0.00000000000000
0.00000000000000
0.00000000000000
0.03176440300000
0.00000000000000
0.01324588500000
0.00360082300000
0.04089506200000
0.02109053500000
0.05812757300000
0.00000000000000
0.02263374400000
0.00000000000000
0.01221707900000
0.00000000000000
0.02121913600000
0.05285493700000
0.03086419700000
0.00231481500000
0.00000000000000
0.09606481500000
0.10892489700000
0.00810185200000
0.06095678900000
0.10133744900000
0.00694444400000
0.06610082400000
0.01221707800000
0.15637860100000
0.09284979500000
0.01491769500000
0.20807613200000
0.06082819000000
0.12577160600000
0.01221707900000
0.08397633700000
0.02237654300000
0.18428497800000
0.15213477400000
0.00000000000000
0.05504115300000
0.06777263300000
0.02636316900000
0.08371913600000
0.00000000000000
0.00000000000000
0.06288580200000
0.00000000000000
0.00000000000000
0.00771604900000
0.00000000000000
0.05246913700000
0.00000000000000
0.12847222000000
0.01221707800000
0.00000000000000
0.18132716000000
0.04230967000000
0.04539609000000
0.00000000000000
0.01658950600000
0.01646090500000
0.02006172800000
0.01581790100000
0.05684156400000
0.01363168700000
0.01350308700000
0.00797325100000
0.02031893000000
0.22788065500000
0.08564814700000
0.13155864200000
0.00000000000000
0.00000000000000
0.00000000000000
0.10275205700000
0.09079218200000
0.07831790000000
0.13734567900000
0.00000000000000
0.00000000000000
0.00000000000000
0.00000000000000
0.01376028800000
0.00000000000000
0.02044753100000
0.02147633700000
0.02880658500000
0.00000000000000
0.16666666400000
0.14872685400000
0.03292181100000
0.03960905400000
0.16640946500000
0.06712962900000
0.07021604900000
0.12191358000000
0.19675926000000
0.11188271800000
0.09966563700000
0.00617284000000
0.04488168800000
0.01658950600000
0.15342078300000
0.05902777700000
0.11149691300000
0.02494856000000
0.14197531000000
0.16525205600000
0.00000000000000
0.01080246900000
0.02803497900000
0.04038065800000
0.03600823000000
0.03819444400000
0.00360082300000
0.00720164600000
0.11882716000000
0.24350565800000
0.02636316900000
0.06854423800000
0.03305041100000
0.00000000000000
0.04629629600000
0.01041666700000
0.22286522600000
0.02481995900000
0.00000000000000
0.06327160400000
0.31211419800000
0.00000000000000
0.03266460900000
0.07163065800000
0.07973251000000
0.15033436200000
0.01234567900000
0.34670781900000
0.00000000000000
0.00000000000000
0.00000000000000
0.00000000000000
0.00231481500000
0.00000000000000
0.00000000000000
0.07908950600000
0.05774177000000
0.00000000000000
0.16859568000000
0.01697530900000
0.09079218100000
0.00000000000000
0.00000000000000
0.31455761500000
0.00000000000000
0.01864711900000
0.09272119400000
0.11638374400000
0.13001543300000
0.00000000000000
0.00000000000000
0.04128086400000
0.05967078200000
0.01183127600000
0.00000000000000
0.00000000000000
0.01260288100000
0.04655349800000
0.07381687300000
0.05221193400000
0.07793209800000
0.03009259200000
0.00000000000000
0.00000000000000
0.03086419700000
0.02289094600000
0.02494856000000
0.02880658500000
0.00000000000000
0.00000000000000
0.00578703700000
0.08744855900000
0.00000000000000
0.00000000000000
0.00000000000000
0.09902263500000
0.00000000000000
0.01247428000000
0.07831790300000
0.01826131700000
0.04063786000000
0.02083333300000
0.09863683100000
0.03549382700000
0.01453189300000
0.06340020500000
0.01260288000000
0.06687242800000
0.01183127600000
0.16576646300000
0.46051954800000
0.28600823200000
0.03073559700000
0.06468621400000
0.00784465000000
0.14686214000000
0.08063271600000
0.00000000000000
0.03677983600000
0.00913065800000
0.01517489700000
0.04050926000000
0.14274691400000
0.16679526900000
0.04629629600000
0.18505658500000
0.06777263400000
0.04359567900000
0.06944444600000
0.08011831100000
0.13503086400000
0.04359567900000
0.04835391100000
0.07355967200000
0.01543209900000
0.07484567800000
0.03060699600000
0.01183127600000
0.11304012300000
0.08179012500000
0.00000000000000
0.00000000000000
0.03150720200000
0.07741769400000
0.01028806600000
0.10686728400000
0.01183127500000
0.11689815000000
0.04050925900000
0.00951646100000
0.05915638000000
0.02096193400000
0.01221707800000
0.12011316800000
0.02173353900000
0.00887345700000
0.01208847800000
0.02739197500000
0.02764917700000
0.07368827000000
0.00000000000000
0.06352880700000
0.10442386900000
0.00000000000000
0.00797325100000
0.00000000000000
0.07561728300000
0.15149176900000
0.02391975300000
0.01260288000000
0.07034464900000
0.02494856000000
0.05234053500000
0.09194958900000
0.03266460800000
0.08320473300000
0.00000000000000
0.00000000000000
0.10596707900000
0.02674897200000
0.00000000000000
0.00000000000000
0.00000000000000
0.09182098800000
0.00000000000000
0.00604423900000
0.03472222100000
0.11586934100000
0.04025205800000
0.00861625500000
0.00000000000000
0.00000000000000
0.00000000000000
0.23675411700000
0.00000000000000
0.00000000000000
0.01543209900000
0.00000000000000
0.00000000000000
0.00000000000000
0.00000000000000
0.00000000000000
0.00000000000000
0.13001543100000
0.00000000000000
0.00000000000000
0.00000000000000
0.00000000000000
0.07998971100000
0.02880658500000
0.00000000000000
0.00000000000000
0.00450102900000
0.13966049400000
0.00000000000000
0.01363168700000
0.00000000000000
0.00000000000000
0.02726337400000
0.00000000000000
0.00000000000000
0.08037551300000
0.03343621400000
0.00000000000000
0.00591563800000
0.00000000000000
0.02031893000000
0.10982510300000
0.00000000000000
0.00000000000000
0.00000000000000
0.00000000000000
0.00000000000000
0.13014403300000
0.11741255300000
0.04063786000000
0.19997428100000
0.11445473300000
0.15740740700000
0.05967078300000
0.07433127400000
0.03073559600000
0.09014917700000
0.12641460800000
0.00000000000000
0.04012345700000
0.05015432100000
0.00000000000000
0.00000000000000
0.03150720300000
0.02520576100000
0.00964506200000
0.02237654300000
0.07420267400000
0.02211934200000
0.00000000000000
0.04179526800000
0.00218621400000
0.03896605000000
0.10661008200000
0.02366255100000
0.00000000000000
0.00000000000000
0.12422839400000
0.00000000000000
0.04038065900000
2.89699074100000
0.04501028800000
0.04938271600000
0.00540123500000
0.00964506200000
0.06172839500000
0.01697530800000
0.01890432100000
0.02636316900000
0.15084876800000
0.00784465000000
0.00000000000000
0.01453189300000
0.04591049400000
0.00000000000000
0.00000000000000
0.00000000000000
0.00000000000000
0.02893518500000
0.00745884800000
0.01183127600000
0.10661008400000
0.00000000000000
0.00000000000000
0.00000000000000
0.01736111100000
0.00000000000000
0.26813271600000
0.02366255100000
0.00000000000000
0.24331276000000
0.04732510300000
0.00000000000000
0.00000000000000
0.00000000000000
0.00000000000000
0.00000000000000
0.08384773600000
0.00000000000000
0.13361625700000
0.00000000000000
0.00000000000000
0.00000000000000
0.06610082400000
0.08539094700000
0.14917695400000
0.00000000000000
0.12718621300000
0.00000000000000
0.00000000000000
2.52932098800000
0.00000000000000
0.00000000000000
0.00000000000000
0.07034465000000
0.00000000000000
0.04989712100000
0.00000000000000
0.00000000000000
0.00000000000000
0.00000000000000
0.01954732500000
0.01530349800000
0.00000000000000
0.00000000000000
0.10030864400000
0.00000000000000
0.00000000000000
0.09066358100000
0.05774177100000
0.00000000000000
0.23816872400000
0.00000000000000
1.16885288100000
0.66538066000000
0.00000000000000
0.02121913600000
0.01478909500000
0.35931069800000
0.00000000000000
0.00000000000000
0.00000000000000
0.00000000000000
0.00000000000000
0.00000000000000
0.00000000000000
0.01568930000000
0.00000000000000
0.00000000000000
0.00681584400000
0.00128600800000
0.12487140100000
0.04359567900000
0.01363168700000
0.00000000000000
0.00000000000000
0.00000000000000
0.08050411500000
0.01093107000000
0.03112139800000
0.00000000000000
0.00000000000000
0.00000000000000
0.00000000000000
0.00000000000000
0.00000000000000
0.00000000000000
0.09002057500000
0.03305041100000
0.04038065900000
0.01324588500000
0.00000000000000
0.00810185200000
0.00784465000000
0.00000000000000
0.15033436200000
0.00000000000000
0.00000000000000
0.00000000000000
0.00000000000000
0.03639403300000
0.10262345700000
0.00000000000000
0.06687242700000
0.10789609100000
0.03896604900000
0.00707304500000
0.00000000000000
0.00000000000000
0.00000000000000
0.00000000000000
0.00000000000000
0.00000000000000
0.00000000000000
0.00000000000000
0.00000000000000
0.00000000000000
0.01054526700000
0.00000000000000
0.00000000000000
0.00000000000000
0.00514403300000
0.02109053600000
0.14660493800000
0.01234567900000
0.09979423900000
0.05967078300000
0.01761831300000
0.00000000000000
0.00000000000000
0.00784465000000
0.00784465000000
0.00630144000000
0.15650720200000
0.00000000000000
0.05054012300000
0.12268518500000
0.09374999900000
0.04218107000000
0.01028806600000
0.01466049400000
0.11278292200000
0.00000000000000
0.00000000000000
0.14506172800000
0.00000000000000
0.06275720100000
0.02623456800000
0.07510288100000
0.00000000000000
0.00000000000000
0.01247428000000
0.03935185100000
0.01466049400000
0.00000000000000
0.00000000000000
0.02083333400000
0.00000000000000
0.02636316900000
0.18287037200000
0.00000000000000
0.04938271500000
0.00000000000000
0.00000000000000
0.00000000000000
0.00000000000000
0.00000000000000
0.05992798300000
0.00000000000000
0.00000000000000
0.00000000000000
0.00000000000000
0.01105967100000
0.00000000000000
0.00000000000000
0.01337448600000
0.00000000000000
0.00000000000000
0.00540123500000
0.00000000000000
0.00000000000000
0.02019032900000
0.00000000000000
0.00000000000000
0.00000000000000
0.02096193400000
0.00000000000000
0.00000000000000
0.01710390900000
0.00000000000000
0.02121913500000
0.00000000000000
0.00000000000000
0.00000000000000
0.00643004100000
0.09889403400000
0.00321502100000
965.919000
965.896000
965.895000
965.895000
965.895000
970.726000
970.797000
978.639000
978.639000
967.550000
967.482000
967.131000
967.131000
967.131000
967.131000
967.127000
966.026000
967.133000
971.062000
967.127000
967.127000
967.127000
967.127000
965.959000
965.977000
966.020000
966.015000
965.980000
965.981000
965.941000
965.981000
965.960000
965.936000
965.936000
965.947000
965.936000
965.997000
965.935000
965.935000
965.935000
965.932000
965.930000
965.927000
965.928000
965.924000
965.924000
965.922000
965.916000
965.923000
965.923000
965.927000
965.934000
965.941000
965.937000
967.128000
967.127000
967.131000
967.131000
967.127000
967.131000
965.984000
967.128000
967.128000
967.127000
965.980000
965.993000
967.130000
970.050000
970.069000
970.091000
970.132000
968.526000
969.994000
969.584000
969.077000
970.742000
970.644000
968.606000
968.600000
984.255000
969.045000
970.069000
968.470000
968.472000
968.472000
968.458000
970.040000
970.047000
968.544000
968.522000
968.953000
968.969000
968.603000
968.378000
984.255000
972.665000
984.255000
966.868000
966.796000
966.862000
966.722000
966.725000
966.741000
967.639000
967.972000
967.972000
967.901000
967.901000
967.374000
967.562000
967.213000
967.168000
966.761000
966.763000
967.144000
967.161000
967.289000
967.161000
969.041000
969.046000
969.040000
967.163000
967.154000
967.141000
967.138000
967.161000
967.155000
967.134000
967.134000
966.061000
967.131000
967.132000
967.132000
967.665000
967.599000
967.701000
967.357000
967.585000
967.409000
967.424000
967.427000
967.185000
967.161000
967.421000
967.453000
967.470000
967.470000
967.553000
967.648000
969.041000
967.996000
967.867000
968.203000
967.870000
967.880000
968.018000
968.032000
968.203000
968.394000
968.597000
968.753000
968.766000
968.873000
968.203000
967.648000
968.976000
968.901000
968.601000
968.870000
968.148000
968.033000
968.023000
967.879000
968.753000
968.769000
968.967000
968.982000
968.969000
968.958000
969.248000
969.548000
967.764000
967.755000
967.663000
967.990000
967.879000
967.867000
968.326000
968.383000
967.869000
967.763000
967.757000
967.703000
967.752000
968.719000
968.719000
968.919000
969.867000
969.556000
969.553000
969.533000
969.249000
968.584000
969.970000
968.763000
968.919000
968.763000
968.204000
967.987000
968.381000
967.751000
968.137000
968.140000
968.294000
967.880000
967.402000
967.880000
968.175000
969.063000
968.392000
968.514000
968.203000
968.604000
968.474000
968.610000
966.717000
969.547000
969.583000
969.248000
969.218000
969.635000
969.005000
968.880000
968.889000
968.908000
968.907000
968.872000
968.871000
968.766000
968.753000
968.595000
968.594000
968.565000
968.200000
968.203000
968.202000
968.202000
968.182000
968.168000
968.018000
968.032000
967.877000
967.878000
967.880000
967.880000
967.870000
967.860000
967.872000
967.862000
967.858000
967.746000
967.755000
967.748000
967.669000
967.666000
967.654000
967.674000
967.654000
967.600000
967.600000
967.550000
967.392000
967.431000
967.470000
967.378000
967.391000
967.249000
967.286000
967.223000
967.203000
967.181000
967.183000
967.159000
966.733000
967.134000
967.137000
967.151000
967.160000
966.285000
967.132000
967.155000
967.161000
967.206000
967.159000
967.154000
967.154000
967.153000
967.155000
967.172000
967.399000
967.406000
967.410000
967.223000
967.352000
967.533000
967.555000
967.649000
967.637000
967.752000
967.724000
967.836000
967.868000
967.867000
967.990000
967.970000
968.177000
968.099000
968.378000
968.383000
968.594000
968.364000
968.381000
968.295000
968.274000
968.108000
968.093000
967.987000
967.976000
967.867000
967.739000
967.751000
967.648000
967.632000
967.561000
967.557000
967.508000
967.501000
967.901000
968.012000
968.162000
968.164000
968.384000
968.621000
968.719000
968.769000
968.753000
968.733000
968.884000
968.919000
969.007000
968.958000
969.218000
969.488000
969.473000
969.826000
970.069000
969.938000
969.981000
969.063000
969.061000
969.049000
969.041000
969.039000
967.134000
972.665000
984.255000
970.035000
968.448000
969.041000
970.069000
978.580000
970.140000
970.148000
970.383000
1035.172000
993.633000
1007.224000
993.633000
969.317000
969.212000
969.901000
969.877000
981.754000
969.872000
970.704000
969.877000
969.909000
969.241000
969.287000
970.420000
970.417000
971.055000
971.021000
970.274000
970.169000
971.016000
971.026000
970.966000
971.023000
970.328000
971.257000
970.104000
970.704000
984.255000
969.117000
969.164000
968.541000
969.118000
970.059000
978.641000
978.639000
986.893000
971.257000
972.665000
971.609000
971.818000
971.215000
971.715000
977.883000
978.638000
978.633000
978.232000
979.045000
977.897000
978.538000
978.639000
978.655000
971.119000
970.997000
971.124000
971.119000
970.382000
978.838000
979.465000
970.420000
979.198000
978.703000
975.693000
970.442000
978.641000
981.020000
970.486000
971.667000
971.790000
971.749000
972.198000
971.175000
971.091000
971.101000
970.959000
971.677000
975.877000
978.271000
979.055000
979.069000
980.832000
980.434000
979.434000
978.826000
978.506000
978.624000
978.697000
978.641000
978.641000
984.905000
986.497000
970.536000
969.901000
969.901000
970.055000
971.218000
971.439000
972.350000
979.358000
970.948000
970.687000
968.542000
968.543000
968.535000
970.058000
970.158000
970.449000
984.255000
970.767000
969.472000
969.159000
969.117000
969.111000
970.055000
971.972000
968.533000
970.058000
978.638000
970.153000
970.132000
965.922000
965.970000
970.331000
977.873000
970.356000
970.522000
970.861000
971.188000
979.175000
979.188000
977.309000
977.402000
975.752000
986.194000
1014.494000
970.795000
970.465000
972.665000
972.665000
969.064000
969.066000
969.067000
969.075000
969.068000
970.417000
970.242000
970.394000
970.199000
970.121000
970.185000
970.417000
970.134000
971.446000
981.754000
981.754000
981.754000
982.936000
983.671000
969.528000
969.508000
968.188000
968.199000
968.187000
967.707000
967.857000
967.131000
967.132000
967.466000
966.761000
966.761000
966.761000
968.035000
966.813000
966.833000
966.829000
966.824000
966.819000
966.833000
966.833000
966.833000
966.833000
967.466000
967.467000
967.468000
967.469000
966.793000
966.790000
966.772000
967.143000
967.142000
969.429000
969.376000
968.813000
968.780000
970.132000
969.041000
969.041000
965.940000
966.057000
965.987000
965.985000
970.356000
970.440000
1029.696000
1027.007000
1027.007000
1021.707000
971.063000
970.405000
970.403000
970.148000
970.140000
1007.224000
969.877000
970.132000
966.833000
965.919000
965.915000
965.938000
965.981000
965.992000
965.983000
965.921000
965.920000
965.927000
965.941000
965.959000
965.896000
965.895000
967.577000
967.132000
967.127000
967.127000
965.947000
965.919000
967.127000
968.964000
966.796000
967.638000
967.972000
967.901000
967.550000
969.039000
967.374000
967.470000
967.134000
967.154000
969.039000
1001.520000
993.633000
969.212000
969.909000
970.417000
971.020000
971.165000
969.163000
978.641000
969.504000
965.922000
965.928000
965.895000
965.896000
965.970000
970.040000
968.733000
968.595000
969.488000
967.223000
967.410000
967.632000
968.093000
969.049000
968.383000
967.867000
969.005000
967.155000
966.026000
967.130000
978.697000
979.069000
978.639000
971.677000
970.331000
968.535000
967.466000
966.761000
966.833000
970.356000
965.919000
965.926000
965.959000
1
106968.8700
77738.2200
1050.0000
1050.0000
1
2
4
5
6
7
8
11
12
13
14
15
16
17
18
19
20
21
22
23
58
209
210
211
212
213
214
215
216
217
218
219
220
221
222
223
224
225
226
227
228
229
230
231
232
233
234
235
236
237
238
239
240
241
242
243
244
245
246
247
248
249
250
251
252
253
254
255
256
257
258
259
260
261
262
263
264
265
266
285
286
287
291
293
294
295
296
297
298
299
300
301
303
306
308
309
310
311
313
348
349
350
351
352
353
365
366
368
470
471
472
473
474
475
476
477
478
479
480
481
482
483
484
485
486
487
488
489
490
491
492
493
494
495
496
497
498
499
500
501
502
503
504
505
506
507
508
509
510
511
512
513
514
515
516
517
518
519
520
521
522
523
524
525
526
527
528
529
530
531
532
533
534
535
536
537
538
539
540
541
542
543
544
545
546
547
548
549
550
551
552
553
554
555
556
557
558
559
560
561
562
563
564
565
566
567
568
569
570
571
572
573
574
575
576
577
578
579
580
581
582
583
584
585
586
587
588
589
590
591
592
593
594
595
596
597
598
599
600
601
602
603
604
605
606
607
608
609
610
611
612
613
614
615
616
617
618
619
620
621
622
623
624
625
626
627
628
629
630
631
632
633
634
635
636
637
638
639
640
641
642
643
644
645
646
647
648
649
650
651
652
653
654
655
656
657
658
660
661
662
663
664
665
666
667
668
669
670
671
672
673
674
675
676
677
678
679
680
681
682
683
684
685
686
687
688
689
690
691
692
693
694
695
696
697
698
699
700
701
702
703
704
705
706
707
708
709
710
711
712
713
714
715
716
717
718
719
720
721
722
723
724
725
726
727
728
729
730
731
732
733
734
735
736
737
738
739
740
741
742
743
744
745
746
747
748
749
750
751
752
753
754
755
756
757
758
759
760
761
762
763
764
765
766
767
768
769
770
771
772
773
774
775
776
777
778
779
780
781
782
783
784
785
786
787
788
789
790
791
792
793
794
795
796
797
798
799
800
801
802
803
804
805
806
807
808
809
903
940
941
942
944
945
946
948
953
954
964
990
1015
1016
1021
1022
1023
1024
1026
1027
1028
1029
1030
1031
1032
1034
1035
1036
1037
1038
1039
1040
1041
1042
1043
1044
1045
1046
1047
1048
1049
1050
1051
1052
1053
1054
1055
1056
1057
1058
1059
1060
1061
1062
1063
1064
1072
1073
1074
1075
1076
1077
1078
1079
1080
1081
1082
1083
1084
1085
1086
1087
1088
1089
1090
1091
1092
1093
1094
1095
1096
1097
1098
1099
1100
1101
1102
1103
1104
1105
1106
1107
1108
1109
1110
1112
1113
1114
1115
1119
1120
1121
1122
1123
1124
1125
1126
1127
1128
1129
1130
1131
1132
1133
1134
1135
1136
1137
1138
1139
1140
1141
1142
1143
1144
1145
1146
1147
1148
1149
1150
1151
1152
1153
1154
1155
1156
1157
1158
1159
1160
1161
1162
1163
1164
1170
1171
1172
1173
1174
1176
1177
1178
1181
1182
1183
1220
2502
2585
2586
2587
2588
2589
2591
2595
2596
2597
2598
2599
2600
2601
2602
2603
2604
2605
2606
2613
2614
2620
2621
2622
2623
2624
2625
2907
2908
2909
2910
2911
2914
2915
2916
2917
2918
2919
2920
2921
2922
2923
2925
2927
2928
2929
2930
2931
2959
2960
2961
2962
2963
2964
2965
2966
2967
2968
2969
2977
2978
2979
2980
2985
2992
2993
2994
2997
2998
2999
3000
3023
3024
3025
3026
3027
3028
3029
3030
3031
3032
3033
3034
3035
3036
3037
3038
3039
3040
3041
3042
3043
3044
3045
3046
3047
3048
3049
3050
3051
3052
3053
3054
3055
3056
3057
3061
3062
3063
3064
3065
3082
3084
3085
3086
3087
3088
3089
3090
3091
3092
3093
3480
3481
3484
3486
3487
3488
3489
3490
3491
3523
3525
3544
3562
3563
3585
3591
3592
3750
3751
3752
3753
3754
3755
3756
3757
3758
3759
3760
3761
3762
3763
3764
3765
3766
3767
3768
1
2740
3
4
5
6
7
10
11
12
13
14
15
16
17
18
19
20
21
22
49
183
184
185
186
187
188
189
190
191
192
193
194
188
195
196
197
198
199
200
201
201
202
203
204
205
206
207
208
209
210
211
3
208
212
213
214
215
216
203
217
218
219
17
220
189
19
221
16
20
222
223
224
225
226
227
228
229
230
249
250
251
254
256
257
258
259
260
261
262
263
264
266
269
271
272
273
274
276
308
309
310
311
312
313
323
324
326
424
425
426
427
428
429
430
431
432
433
434
14
435
436
437
438
439
440
439
441
442
443
444
444
437
445
446
447
447
448
449
450
451
452
453
449
451
454
455
454
456
457
458
448
459
460
461
462
463
464
465
466
467
468
468
442
469
441
463
470
467
471
472
472
461
473
474
475
476
477
478
479
480
481
482
483
484
485
486
487
486
488
489
490
491
492
493
494
495
477
496
484
497
482
498
499
500
501
502
503
311
504
505
506
507
256
508
509
464
510
511
512
513
514
515
516
508
517
518
462
519
520
519
311
521
522
523
524
525
526
525
527
528
529
485
530
531
532
533
489
493
529
527
528
492
526
501
500
497
534
532
521
530
535
536
537
518
538
539
540
460
541
542
435
474
543
491
520
511
513
544
539
545
446
546
515
510
512
517
512
547
479
479
548
543
549
550
551
549
424
443
553
554
555
556
557
558
559
560
310
561
562
563
564
565
566
567
548
486
568
569
570
571
572
573
574
575
576
577
578
543
579
580
581
582
583
584
585
586
587
588
589
590
591
592
593
594
595
596
597
598
599
600
601
602
603
604
605
606
607
608
609
610
611
612
613
614
615
616
617
618
619
620
621
622
623
624
625
626
627
628
629
630
631
632
633
634
635
636
637
638
639
640
641
642
643
496
514
644
547
645
646
647
648
649
650
651
652
653
654
655
656
657
658
659
660
661
662
663
664
665
666
667
668
669
670
671
672
673
674
675
676
677
678
679
680
681
682
683
684
685
686
687
688
689
690
551
691
430
755
784
550
785
786
524
787
789
794
795
804
829
850
850
854
855
856
857
859
860
861
862
863
864
865
867
868
869
870
871
872
873
874
875
876
877
878
879
850
880
881
882
883
11
884
885
258
856
874
886
887
888
888
889
890
880
896
897
897
898
899
885
885
900
901
902
903
904
905
906
907
908
909
906
906
910
911
912
913
914
915
915
874
916
917
918
919
920
921
905
789
907
922
912
923
924
889
925
861
928
929
930
931
932
933
914
934
935
936
937
938
939
940
941
942
943
944
945
946
947
948
890
949
950
951
952
953
954
955
956
957
958
959
960
961
962
865
963
964
965
966
967
968
969
970
975
976
977
978
979
981
982
983
985
872
986
1013
11
2098
207
6
4
2099
274
674
568
680
630
629
660
653
688
646
640
559
618
21
230
948
941
13
937
2102
965
2302
2303
2304
913
2305
901
2307
2308
2309
2310
2311
922
2312
896
2313
2315
2317
2102
2318
2319
2320
2344
2345
2346
2347
2348
2349
2350
2351
2352
2353
2354
2349
2362
1013
2363
2368
2374
2375
2376
2379
2380
2381
2382
534
2402
2403
2404
2405
2406
2407
2408
2409
2410
2411
2412
434
2413
432
2414
2415
2416
2417
2418
2419
2420
2421
2422
2423
2424
2425
472
2426
425
2427
2428
2429
2430
2431
10
2433
2434
2435
2436
15
2453
2454
2455
2456
2457
2099
2458
2459
2303
2460
923
2737
2739
2741
2742
871
2743
2744
2745
795
794
854
864
2799
2812
2415
2817
3
2936
211
2937
198
2938
2939
2940
224
2941
5
2942
2943
214
2944
193
2945
187
3277
829
2741
2098
2949
4
2950
6
882
10
13
910
2951
14
2952
458
230
457
2953
456
219
2368
184
185
186
2996
198
2939
190
200
228
194
216
191
195
187
197
199
2997
217
229
208
202
203
215
205
207
214
206
213
210
2942
2998
211
212
2098
209
209
204
201
196
204
225
227
223
2407
21
221
17
220
226
183
220
228
222
218
2999
188
2458
218
276
266
881
271
957
881
545
503
558
963
964
326
2454
787
273
269
271
785
784
274
309
514
3003
3003
262
648
756
2319
323
426
3011
2415
553
427
428
3012
3013
431
3014
433
3015
631
662
438
448
2411
439
429
450
449
605
619
615
620
689
264
3016
690
621
614
451
613
453
622
618
2952
612
691
455
2457
18
459
625
457
593
597
430
627
598
603
465
466
609
608
610
444
2430
443
599
470
600
601
473
2951
471
661
660
447
641
537
571
584
480
481
482
575
546
570
488
487
489
563
2403
659
678
561
547
494
512
477
573
578
577
666
518
674
500
504
502
503
557
504
507
257
685
509
588
633
634
654
580
640
650
646
583
517
636
589
519
591
658
2405
493
670
529
501
682
527
525
555
554
556
485
669
684
533
675
521
564
560
569
680
679
523
681
672
673
498
490
676
671
256
655
313
657
462
652
538
651
510
582
435
3017
632
585
635
637
642
638
539
644
687
476
484
645
595
587
590
543
479
496
548
572
481
647
515
549
312
611
604
616
507
257
506
506
559
311
495
551
549
502
505
565
495
488
487
562
494
486
568
546
643
484
574
490
576
483
498
483
548
639
579
481
581
480
508
586
594
517
592
509
510
460
596
467
460
464
464
596
470
463
466
3018
606
602
424
630
607
468
442
444
441
553
3019
455
450
449
456
2952
453
452
452
622
623
3020
458
624
459
542
542
628
626
437
542
474
491
474
520
491
520
513
656
511
513
544
539
544
511
309
514
649
550
540
536
540
538
653
535
535
478
478
475
537
475
436
436
663
664
629
541
665
497
2413
490
534
522
566
567
522
533
523
532
505
492
528
677
525
530
526
524
545
688
446
476
3021
261
22
461
324
256
272
536
445
251
683
947
795
874
916
2739
3031
855
3031
3034
868
3035
860
862
925
2381
882
863
3036
857
867
919
3038
49
3039
879
873
876
878
936
877
916
896
956
2102
962
969
259
977
976
2347
975
967
965
978
249
250
949
985
955
952
958
880
959
3042
3043
857
932
929
900
920
924
910
908
940
903
789
939
907
911
889
935
875
934
912
914
986
2303
921
917
2349
942
948
921
945
944
903
901
928
950
924
943
2379
871
902
900
900
922
876
930
913
872
937
931
2310
946
941
2308
925
918
918
917
909
905
911
12
890
3044
883
960
936
859
954
979
897
899
981
898
897
260
859
886
886
982
983
250
916
263
968
3046
887
887
258
966
899
254
888
904
875
865
253
3042
3139
3140
3141
3142
3143
3145
3149
3150
3151
3152
3153
3154
3155
3156
3157
3158
3159
3160
3167
3168
3174
3175
3176
3177
3178
3179
906
2304
953
2305
970
2307
933
2309
920
2311
2302
2312
938
2313
951
854
961
2318
2317
2320
898
686
2344
2345
2348
2346
2744
2351
923
2350
2354
2352
2362
870
2363
794
902
861
2376
2374
2380
883
2382
3046
2402
668
2404
667
2406
541
2408
617
3240
3241
2412
2410
499
432
434
425
2416
2417
2418
2414
3242
2421
2422
2419
2409
2423
2424
2426
2425
2427
2428
2429
440
2431
454
2433
2434
2435
2436
308
473
1013
2455
786
197
2099
193
2459
224
2460
3245
2737
919
2740
2742
2315
2743
915
2745
804
2772
2773
2788
2799
860
2453
2817
2420
2936
3275
2937
2949
2938
217
2940
229
2941
192
2950
2943
2998
2944
3276
2945
2456
2946
2946
101.60
76.20
76.20
76.20
76.20
76.20
76.20
76.20
76.20
76.20
76.20
76.20
76.20
76.20
76.20
76.20
76.20
76.20
76.20
76.20
76.20
76.20
76.20
76.20
76.20
76.20
76.20
76.20
76.20
76.20
76.20
76.20
76.20
76.20
76.20
76.20
76.20
76.20
76.20
76.20
76.20
76.20
76.20
76.20
76.20
76.20
76.20
76.20
76.20
76.20
76.20
76.20
76.20
76.20
76.20
76.20
76.20
76.20
76.20
76.20
76.20
76.20
76.20
76.20
76.20
76.20
76.20
76.20
76.20
76.20
76.20
76.20
76.20
76.20
76.20
76.20
76.20
76.20
76.20
76.20
76.20
76.20
76.20
76.20
76.20
76.20
76.20
76.20
76.20
76.20
76.20
76.20
76.20
76.20
76.20
76.20
76.20
76.20
76.20
76.20
76.20
76.20
76.20
76.20
76.20
76.20
76.20
76.20
76.20
76.20
76.20
76.20
76.20
76.20
76.20
76.20
76.20
76.20
76.20
76.20
76.20
76.20
76.20
76.20
76.20
76.20
76.20
76.20
76.20
76.20
76.20
76.20
76.20
76.20
76.20
76.20
76.20
76.20
76.20
76.20
76.20
76.20
76.20
76.20
76.20
76.20
76.20
76.20
76.20
76.20
76.20
76.20
76.20
76.20
76.20
76.20
76.20
76.20
76.20
76.20
76.20
76.20
76.20
76.20
76.20
76.20
76.20
76.20
76.20
76.20
76.20
76.20
76.20
76.20
76.20
76.20
76.20
76.20
76.20
76.20
76.20
76.20
76.20
76.20
76.20
76.20
76.20
76.20
76.20
76.20
76.20
76.20
76.20
76.20
76.20
76.20
76.20
76.20
76.20
76.20
76.20
76.20
76.20
76.20
76.20
76.20
76.20
76.20
76.20
76.20
76.20
76.20
76.20
76.20
76.20
76.20
76.20
76.20
76.20
76.20
76.20
76.20
76.20
76.20
76.20
76.20
76.20
76.20
76.20
76.20
76.20
76.20
76.20
76.20
76.20
76.20
76.20
76.20
76.20
76.20
76.20
76.20
76.20
76.20
76.20
76.20
76.20
76.20
76.20
76.20
76.20
76.20
76.20
76.20
76.20
76.20
76.20
76.20
76.20
76.20
76.20
76.20
76.20
76.20
76.20
76.20
76.20
76.20
76.20
76.20
76.20
76.20
76.20
76.20
76.20
76.20
76.20
76.20
76.20
76.20
76.20
76.20
76.20
76.20
76.20
76.20
76.20
76.20
76.20
76.20
76.20
76.20
76.20
76.20
76.20
76.20
76.20
76.20
76.20
76.20
76.20
76.20
76.20
76.20
76.20
76.20
76.20
76.20
76.20
76.20
76.20
76.20
76.20
76.20
76.20
76.20
76.20
76.20
76.20
76.20
76.20
76.20
76.20
76.20
76.20
76.20
76.20
76.20
76.20
76.20
76.20
76.20
76.20
76.20
76.20
76.20
76.20
76.20
76.20
76.20
76.20
76.20
76.20
76.20
76.20
76.20
76.20
76.20
76.20
76.20
76.20
76.20
76.20
76.20
76.20
76.20
76.20
76.20
76.20
76.20
76.20
76.20
76.20
76.20
76.20
76.20
76.20
76.20
76.20
76.20
76.20
76.20
76.20
76.20
76.20
76.20
76.20
76.20
76.20
76.20
76.20
76.20
76.20
76.20
76.20
76.20
76.20
76.20
76.20
76.20
76.20
76.20
76.20
76.20
76.20
76.20
76.20
76.20
76.20
76.20
76.20
76.20
76.20
76.20
76.20
76.20
76.20
76.20
76.20
76.20
76.20
76.20
76.20
76.20
76.20
76.20
76.20
76.20
76.20
76.20
76.20
76.20
76.20
76.20
76.20
76.20
76.20
76.20
76.20
76.20
76.20
76.20
76.20
76.20
76.20
76.20
76.20
76.20
76.20
76.20
76.20
76.20
76.20
76.20
76.20
76.20
76.20
76.20
76.20
76.20
76.20
76.20
76.20
76.20
76.20
76.20
76.20
76.20
76.20
76.20
76.20
101.60
76.20
76.20
76.20
76.20
76.20
76.20
76.20
76.20
76.20
76.20
76.20
76.20
76.20
76.20
76.20
76.20
76.20
76.20
76.20
76.20
76.20
76.20
76.20
152.40
76.20
76.20
76.20
76.20
76.20
76.20
76.20
76.20
76.20
76.20
76.20
76.20
76.20
76.20
76.20
76.20
76.20
76.20
76.20
76.20
76.20
76.20
76.20
76.20
76.20
76.20
76.20
76.20
76.20
76.20
76.20
76.20
76.20
76.20
76.20
76.20
76.20
76.20
76.20
76.20
76.20
76.20
76.20
76.20
76.20
76.20
76.20
76.20
76.20
76.20
76.20
76.20
76.20
76.20
76.20
76.20
76.20
76.20
76.20
76.20
76.20
76.20
76.20
76.20
76.20
76.20
76.20
76.20
76.20
76.20
76.20
76.20
76.20
76.20
76.20
76.20
76.20
76.20
76.20
76.20
76.20
76.20
76.20
76.20
76.20
76.20
76.20
76.20
76.20
76.20
76.20
76.20
76.20
76.20
76.20
76.20
76.20
76.20
76.20
76.20
76.20
76.20
76.20
76.20
76.20
76.20
76.20
76.20
76.20
76.20
76.20
76.20
76.20
76.20
76.20
76.20
76.20
76.20
76.20
76.20
76.20
76.20
76.20
76.20
76.20
76.20
76.20
76.20
76.20
76.20
76.20
76.20
76.20
76.20
76.20
76.20
76.20
76.20
76.20
76.20
76.20
76.20
76.20
76.20
76.20
76.20
76.20
76.20
76.20
76.20
76.20
76.20
76.20
76.20
76.20
76.20
76.20
76.20
76.20
76.20
152.40
76.20
76.20
76.20
76.20
76.20
76.20
76.20
76.20
76.20
76.20
76.20
76.20
76.20
76.20
76.20
76.20
76.20
76.20
76.20
76.20
76.20
76.20
76.20
76.20
76.20
76.20
76.20
76.20
76.20
76.20
76.20
76.20
76.20
76.20
76.20
76.20
76.20
76.20
76.20
76.20
76.20
76.20
76.20
76.20
76.20
76.20
76.20
76.20
76.20
76.20
76.20
76.20
76.20
76.20
76.20
76.20
76.20
76.20
76.20
76.20
76.20
76.20
76.20
76.20
76.20
76.20
76.20
76.20
76.20
76.20
76.20
76.20
76.20
76.20
76.20
76.20
76.20
76.20
76.20
76.20
76.20
76.20
76.20
76.20
76.20
76.20
76.20
76.20
76.20
76.20
76.20
76.20
76.20
76.20
76.20
76.20
76.20
76.20
76.20
76.20
76.20
76.20
76.20
76.20
76.20
76.20
76.20
76.20
76.20
76.20
76.20
76.20
76.20
76.20
76.20
99.347767000
0.001000000
18.922310000
4.737000000
82.651784000
14.665726000
4.758918000
2.374937000
2.603349000
4.414400000
49.707952000
14.980538000
40.946741000
72.916567000
38.868962000
4.180299000
29.468170000
70.419260000
31.671386000
82.771744000
118.253436000
2.840885000
8.051591000
2.640067000
28.536297000
36.235331000
29.304240000
4.222538000
17.208288000
3.891025000
4.390693000
2.171656000
35.416319000
43.986941000
3.132070000
4.541324000
3.093701000
37.751504000
19.438468000
3.774745000
50.427356000
6.527129000
38.467472000
2.696811000
9.122246000
6.157821000
2.199263000
2.470362000
3.569039000
19.401676000
5.682883000
27.048819000
21.422681000
1.671526000
6.549252000
30.324272000
16.550011000
33.199915000
14.150806000
17.606019000
27.420801000
2.369777000
4.994125000
1.941282000
36.233649000
5.577009000
6.292678000
3.438168000
4.512515000
4.147187000
39.086307000
4.735542000
35.124192000
4.585672000
1.963805000
45.671940000
17.202812000
15.839403000
14.471499000
3.633813000
9.625136000
6.295510000
37.092715000
138.613097000
50.229287000
40.978760000
194.259585000
108.104695000
96.649238000
93.549620000
188.134923000
90.314175000
2.009080000
8.512113000
1.855398000
4.926469000
6.739791000
5.224236000
7.900367000
3.666655000
121.340858000
3.768200000
1.961213000
3.984495000
9.226783000
0.687666000
5.970276000
6.564823000
9.974625000
13.938206000
46.456629000
11.372734000
5.259506000
31.309459000
59.084166000
20.055160000
4.036285000
40.537314000
4.100525000
31.663803000
6.213796000
4.398302000
36.331233000
4.298386000
5.185887000
3.670494000
37.798737000
72.457260000
91.834772000
5.149864000
31.680590000
4.502241000
9.086076000
86.616700000
6.027387000
82.970309000
43.199752000
8.644108000
7.829714000
5.160911000
10.989599000
30.051133000
38.358062000
31.266538000
39.300490000
8.609298000
2.246258000
9.913906000
3.503102000
3.357067000
2.229266000
35.810627000
3.462578000
4.633166000
75.789983000
27.767088000
111.582093000
11.513489000
6.880682000
5.826670000
3.959684000
4.039772000
3.554349000
4.264000000
9.400906000
6.214697000
8.501812000
4.936274000
7.820518000
21.346704000
43.958520000
2.472554000
11.316232000
16.111717000
107.499811000
9.324017000
43.068336000
120.112502000
56.746183000
7.812279000
4.257984000
3.837877000
46.653238000
4.818433000
6.755067000
167.477097000
7.815836000
3.884949000
46.612630000
32.655094000
7.486295000
1.522793000
98.174466000
111.999844000
4.986592000
52.315647000
82.524831000
51.254745000
45.345612000
4.983627000
181.120614000
4.342373000
5.969421000
69.700070000
6.130722000
4.501480000
4.997419000
6.780142000
4.068418000
42.681943000
2.891149000
47.327597000
4.588028000
5.702599000
5.179492000
5.572001000
116.639555000
119.743612000
139.115851000
5.215038000
9.090606000
120.088883000
5.826471000
108.987054000
13.144444000
119.516319000
95.131347000
3.652868000
74.747299000
113.408378000
2.635283000
8.412028000
27.321728000
39.222471000
34.697597000
6.642966000
4.481529000
7.733918000
128.201955000
127.843105000
120.691845000
52.066693000
3.276339000
7.703470000
38.382764000
8.578621000
11.122527000
3.553111000
9.398249000
140.410469000
7.301841000
5.901229000
15.968227000
14.199801000
7.881517000
9.402744000
4.496962000
9.921744000
3.687041000
4.202725000
5.734421000
4.620804000
2.247761000
6.040306000
49.083633000
12.208925000
134.449042000
8.975428000
6.570122000
113.236019000
7.970960000
17.716784000
6.441477000
4.039520000
5.461490000
13.501562000
7.960025000
12.954990000
9.314087000
12.774457000
5.529785000
42.874306000
53.893968000
4.124130000
5.394676000
9.351279000
7.626497000
5.231723000
53.099982000
12.341470000
6.756249000
3.290061000
7.659456000
3.349104000
52.176036000
5.702017000
1.582214000
51.371944000
7.577712000
98.555440000
3.898025000
4.026040000
5.053054000
5.228165000
81.110622000
4.577345000
4.232154000
120.547678000
121.223299000
16.201584000
11.274548000
7.250567000
5.258734000
5.314006000
5.312029000
193.673245000
8.779351000
8.898011000
4.092004000
43.702493000
102.109507000
4.360103000
6.272006000
174.735010000
4.676035000
46.599334000
178.038050000
4.154059000
109.132889000
110.279403000
4.923209000
3.494254000
4.662468000
7.040350000
42.681934000
4.841866000
92.049513000
42.224974000
49.463973000
4.134937000
46.558698000
11.316307000
42.037421000
97.238014000
4.519197000
42.055393000
13.066124000
5.096916000
42.946489000
6.224371000
6.836944000
3.034052000
64.426873000
5.032898000
72.790368000
130.089962000
9.085570000
8.512364000
18.626430000
94.770117000
28.415586000
6.101851000
35.681698000
39.370424000
24.870239000
22.333468000
53.507558000
5.808895000
5.535074000
3.304689000
84.997101000
121.601838000
4.334792000
16.377215000
117.777962000
7.161902000
128.587050000
5.950298000
4.285026000
6.077115000
108.036094000
39.307171000
44.129152000
11.972094000
8.886157000
43.317498000
9.024281000
39.310408000
37.009421000
8.126304000
127.611600000
7.870515000
44.373478000
15.213865000
125.662915000
55.271069000
36.472376000
4.734629000
45.180950000
99.846556000
43.483153000
49.251986000
8.298319000
4.331171000
62.312551000
6.265678000
46.512452000
6.106668000
46.520647000
5.508359000
47.723055000
9.807981000
7.870229000
40.105112000
6.478431000
45.300307000
6.420485000
106.592729000
11.896066000
62.297040000
45.462653000
51.285103000
57.159497000
124.675382000
4.658122000
122.196622000
121.945154000
4.542203000
29.411367000
3.709389000
17.254923000
5.360274000
46.558412000
39.743655000
87.414078000
44.565768000
4.979828000
100.710816000
51.722187000
7.327600000
32.795435000
6.660548000
6.469244000
31.708930000
6.142255000
4.734490000
22.963878000
0.684053000
54.119364000
99.751320000
47.802108000
29.706227000
132.504722000
67.250534000
43.442710000
42.823165000
111.536506000
4.013261000
9.450292000
13.791175000
11.951674000
38.709179000
4.270129000
22.906186000
38.163318000
17.984860000
3.723305000
6.244992000
258.132929000
1.821301000
4.418045000
121.581531000
21.593374000
34.408269000
30.127259000
35.266199000
2.599524000
11.806643000
6.419437000
12.517088000
45.757128000
2.637191000
5.644802000
48.222934000
6.644837000
302.642795000
4.308506000
11.656974000
1.849229000
129.742790000
6.017192000
66.889927000
3.722929000
6.792023000
115.966028000
5.797099000
3.606546000
7.945666000
9.635279000
6.300477000
5.009248000
48.814831000
3.958177000
2.011430000
3.647833000
7.481804000
1.598640000
7.376654000
46.637592000
38.320097000
4.202678000
52.865634000
4.367665000
58.752735000
43.971186000
53.301368000
85.274973000
4.988898000
3.791720000
7.756758000
7.604904000
52.579496000
91.691166000
54.920694000
9.674723000
8.265315000
13.746543000
7.333490000
4.795314000
9.070752000
93.568261000
43.725385000
59.106394000
7.125220000
45.042843000
5.814757000
92.820868000
97.344431000
50.680158000
55.709856000
51.064853000
8.514679000
5.565501000
3.775819000
18.006256000
10.065443000
107.125887000
5.318364000
4.667955000
6.628582000
38.687942000
58.113115000
111.331916000
38.365336000
44.794194000
70.721743000
7.011134000
86.472359000
44.489335000
6.161253000
44.888347000
5.168036000
29.875825000
4.158022000
4.261143000
5.949601000
8.435218000
46.174098000
15.278533000
74.539647000
12.432879000
5.293909000
36.192826000
127.701554000
4.210702000
33.860330000
33.786487000
4.169050000
3.388318000
1.916481000
33.933787000
15.460896000
4.589683000
6.029874000
5.008583000
3.625397000
1.704178000
3.949749000
47.708363000
8.281144000
80.480729000
39.436086000
23.997985000
37.377990000
8.861623000
41.348289000
130.658908000
1.838772000
4.632721000
2.690628000
78.353244000
3.774883000
145.814438000
4.201500000
6.105594000
1.492146000
1.522175000
2.081581000
1.536740000
1.657558000
1.492015000
1.494858000
1.510138000
1.506287000
1.507456000
1.496604000
1.509471000
1.506615000
1.502996000
1.505739000
1.498654000
1.500135000
1.501299000
1.501269000
1.504173000
1.503978000
1.493486000
1.505259000
1.502964000
1.503263000
1.499315000
21.303068000
50.214034000
4.016942000
16.797201000
11.655329000
9.357574000
4.335551000
5.090867000
4.078534000
5.526797000
27.917492000
3.604239000
7.710334000
5.692790000
10.487542000
322.293693000
7.727520000
6.815536000
16.725798000
322.773928000
50.667857000
62.511436000
22.687077000
6.458175000
66.225784000
17.667334000
41.170000000
45.334447000
14.381509000
15.957713000
142.724732000
30.349489000
20.542982000
20.468890000
10.583591000
46.185631000
61.814238000
10.208841000
4.590614000
5.818894000
6.248291000
4.972663000
15.161556000
2.915101000
5.979431000
9.480612000
4.299139000
8.631025000
94.268317000
14.120199000
77.160432000
3.809570000
14.066318000
7.317099000
9.797997000
22.360207000
10.476617000
27.309904000
31.506940000
29.173582000
6.621422000
9.438253000
7.623826000
10.971911000
17.277770000
10.114765000
12.597892000
15.922673000
7.215292000
67.649225000
34.470267000
13.897054000
24.790405000
5.674471000
6.175284000
32.208227000
16.092240000
4.032573000
81.360044000
212.508687000
8.593041000
92.374522000
5.337350000
38.597421000
8.145975000
80.125393000
4.274787000
7.486555000
51.845681000
87.934278000
36.269461000
6.500124000
4.861560000
20.688463000
4.769340000
8.045765000
57.683483000
4.640663000
9.145774000
12.448741000
7.395607000
53.934996000
8.699358000
69.163893000
6.306346000
5.999817000
1.732455000
35.755718000
6.719071000
25.556514000
2.565020000
17.357125000
3.901710000
16.763613000
4.390633000
93.218025000
32.930153000
4.459128000
54.280078000
3.552042000
4.325889000
39.324484000
6.654234000
4.333662000
15.527000000
4.163495000
44.004767000
6.938860000
10.871040000
3.895908000
10.473585000
2.98040000
0.00000000
0.37840000
0.09470000
1.65300000
0.29330000
0.09520000
0.07120000
0.07810000
0.08830000
0.99420000
0.44940000
1.22840000
1.45830000
1.16610000
0.08360000
0.58940000
1.40840000
0.63340000
1.65540000
2.36510000
0.05680000
0.16100000
0.05280000
0.57070000
0.72470000
0.58610000
0.08450000
0.34420000
0.07780000
0.08780000
0.04340000
0.70830000
0.87970000
0.06260000
0.09080000
0.06190000
0.75500000
0.38880000
0.07550000
1.00850000
0.13050000
0.76930000
0.05390000
0.18240000
0.12320000
0.04400000
0.04940000
0.07140000
0.38800000
0.11370000
0.54100000
0.42850000
0.03340000
0.13100000
0.60650000
0.33100000
0.66400000
0.28300000
0.35210000
0.54840000
0.04740000
0.09990000
0.05820000
0.72470000
0.11150000
0.12590000
0.06880000
0.09030000
0.08290000
0.78170000
0.09470000
0.70250000
0.09170000
0.03930000
0.91340000
0.34410000
0.31680000
0.28940000
0.10900000
0.28880000
0.12590000
1.11280000
4.15840000
1.50690000
0.81960000
5.82780000
3.24310000
2.89950000
2.80650000
5.64400000
1.80630000
0.06030000
0.25540000
0.03710000
0.09850000
0.20220000
0.15670000
0.23700000
0.07330000
2.42680000
0.07540000
0.03920000
0.11950000
0.27680000
0.02060000
0.17910000
0.19690000
0.19950000
0.27880000
0.92910000
0.22750000
0.10520000
0.62620000
1.18170000
0.40110000
0.08070000
0.81070000
0.08200000
0.63330000
0.18640000
0.13190000
1.08990000
0.12900000
0.10370000
0.07340000
0.75600000
1.44910000
1.83670000
0.10300000
0.63360000
0.09000000
0.18170000
1.73230000
0.12050000
1.65940000
0.86400000
0.17290000
0.15660000
0.10320000
0.21980000
0.60100000
0.76720000
0.62530000
0.78600000
0.17220000
0.04490000
0.19830000
0.07010000
0.06710000
0.06690000
0.71620000
0.06930000
0.09270000
2.27370000
0.83300000
2.23160000
0.34540000
0.13760000
0.11650000
0.07920000
0.08080000
0.07110000
0.08530000
0.18800000
0.12430000
0.17000000
0.14810000
0.23460000
0.42690000
0.87920000
0.04950000
0.33950000
0.48340000
2.15000000
0.27970000
0.86140000
2.40230000
1.70240000
0.23440000
0.12770000
0.11510000
1.39960000
0.14460000
0.20270000
3.34950000
0.23450000
0.11650000
1.39840000
0.97970000
0.22460000
0.04570000
1.96350000
3.36000000
0.09970000
1.56950000
2.47570000
1.53760000
1.36040000
0.14950000
3.62240000
0.08680000
0.11940000
2.09100000
0.18390000
0.13500000
0.09990000
0.13560000
0.08140000
1.28050000
0.08670000
1.41980000
0.13760000
0.17110000
0.15540000
0.16720000
2.33280000
2.39490000
2.78230000
0.15650000
0.18180000
2.40180000
0.11650000
2.17970000
0.26290000
2.39030000
1.90260000
0.07310000
1.49490000
2.26820000
0.05270000
0.25240000
0.81970000
1.17670000
1.04090000
0.19930000
0.13440000
0.15470000
2.56400000
2.55690000
2.41380000
1.56200000
0.09830000
0.23110000
0.76770000
0.25740000
0.33370000
0.07110000
0.28190000
2.80820000
0.21910000
0.17700000
0.47900000
0.42600000
0.15760000
0.28210000
0.08990000
0.19840000
0.11060000
0.12610000
0.17200000
0.13860000
0.04500000
0.18120000
1.47250000
0.36630000
4.03350000
0.17950000
0.13140000
2.26470000
0.15940000
0.35430000
0.19320000
0.12120000
0.16380000
0.27000000
0.15920000
0.25910000
0.18630000
0.25550000
0.11060000
0.85750000
1.61680000
0.08250000
0.16180000
0.28050000
0.22880000
0.15700000
1.59300000
0.37020000
0.20270000
0.09870000
0.22980000
0.06700000
1.04350000
0.11400000
0.03160000
1.02740000
0.15160000
1.97110000
0.07800000
0.08050000
0.10110000
0.15680000
2.43330000
0.13730000
0.12700000
2.41100000
2.42450000
0.48600000
0.33820000
0.14500000
0.15780000
0.10630000
0.15940000
5.81020000
0.17560000
0.17800000
0.08180000
1.31110000
3.06330000
0.13080000
0.12540000
3.49470000
0.14030000
1.39800000
3.56080000
0.08310000
3.27400000
2.20560000
0.09850000
0.10480000
0.09320000
0.14080000
1.28050000
0.14530000
2.76150000
1.26670000
1.48390000
0.08270000
1.39680000
0.22630000
1.26110000
1.94480000
0.09040000
1.26170000
0.26130000
0.15290000
1.28840000
0.12450000
0.13670000
0.06070000
1.28850000
0.10070000
1.45580000
2.60180000
0.18170000
0.17020000
0.37250000
1.89540000
0.56830000
0.12200000
0.71360000
0.78740000
0.49740000
0.44670000
1.07020000
0.11620000
0.11070000
0.06610000
1.69990000
2.43200000
0.08670000
0.32750000
2.35560000
0.14320000
2.57170000
0.17850000
0.12860000
0.18230000
2.16070000
1.17920000
0.88260000
0.23940000
0.17770000
0.86630000
0.18050000
0.78620000
0.74020000
0.16250000
2.55220000
0.15740000
0.88750000
0.45640000
2.51330000
1.10540000
0.72940000
0.09470000
0.90360000
1.99690000
0.86970000
1.47760000
0.16600000
0.08660000
1.24630000
0.18800000
1.39540000
0.12210000
1.39560000
0.11020000
1.43170000
0.19620000
0.15740000
1.20320000
0.12960000
1.35900000
0.19260000
3.19780000
0.23790000
1.24590000
0.90930000
1.53860000
1.71480000
3.74030000
0.13970000
2.44390000
3.65840000
0.13630000
0.88230000
0.11130000
0.51760000
0.16080000
1.39680000
1.19230000
2.62240000
1.33700000
0.14940000
3.02130000
1.55170000
0.14660000
0.65590000
0.13320000
0.12940000
0.63420000
0.18430000
0.09470000
0.68890000
0.02050000
1.62360000
1.99500000
1.43410000
0.59410000
2.65010000
2.01750000
1.30330000
1.28470000
3.34610000
0.08030000
0.28350000
0.41370000
0.35860000
1.16130000
0.12810000
0.45810000
0.76330000
0.35970000
0.07450000
0.12490000
5.16270000
0.05460000
0.13250000
2.43160000
0.43190000
0.68820000
0.60250000
0.70530000
0.05200000
0.35420000
0.19260000
0.37550000
0.91510000
0.05270000
0.11290000
0.96450000
0.13290000
9.07930000
0.08620000
0.34970000
0.05550000
3.89230000
0.18050000
1.33780000
0.07450000
0.13580000
2.31930000
0.17390000
0.10820000
0.15890000
0.28910000
0.18900000
0.15030000
1.46440000
0.07920000
0.06030000
0.10940000
0.22450000
0.04800000
0.22130000
0.93280000
0.76640000
0.08410000
1.05730000
0.08740000
1.76260000
1.31910000
1.59900000
2.55820000
0.14970000
0.11380000
0.23270000
0.15210000
1.57740000
2.75070000
1.64760000
0.19350000
0.16530000
0.27490000
0.14670000
0.09590000
0.18140000
1.87140000
1.31180000
1.77320000
0.14250000
1.35130000
0.17440000
2.78460000
2.92030000
1.52040000
1.67130000
1.02130000
0.17030000
0.16700000
0.11330000
0.54020000
0.20130000
2.14250000
0.10640000
0.09340000
0.19890000
0.77380000
1.74340000
2.22660000
0.76730000
0.89590000
2.12170000
0.21030000
2.59420000
1.33470000
0.18480000
1.34660000
0.15500000
0.89630000
0.08320000
0.08520000
0.17850000
0.25310000
1.38520000
0.45840000
2.23620000
0.37300000
0.15880000
1.08580000
3.83100000
0.08420000
0.67720000
0.67570000
0.12510000
0.10170000
0.05750000
1.01800000
0.46380000
0.13770000
0.12060000
0.15030000
0.10880000
0.05110000
0.07900000
1.43130000
0.16560000
2.41440000
0.78870000
0.48000000
0.74760000
0.17720000
0.82700000
2.61320000
0.05520000
0.13900000
0.08070000
2.35060000
0.07550000
2.91630000
0.08400000
0.18320000
0.02980000
0.03040000
0.04160000
0.03070000
0.03310000
0.04480000
0.04480000
0.03020000
0.04520000
0.03010000
0.04490000
0.04530000
0.04520000
0.03010000
0.03010000
0.03000000
0.04500000
0.03000000
0.03000000
0.03010000
0.04510000
0.04480000
0.04520000
0.04510000
0.04510000
0.04500000
0.63910000
1.50640000
0.12050000
0.33590000
0.23310000
0.28070000
0.13010000
0.15270000
0.12240000
0.16580000
0.83750000
0.10810000
0.23130000
0.17080000
0.31460000
9.66880000
0.23180000
0.20450000
0.50180000
9.68320000
1.52000000
1.25020000
0.45370000
0.12920000
1.32450000
0.35330000
0.82340000
0.90670000
0.28760000
0.31920000
2.85450000
0.60700000
0.41090000
0.40940000
0.31750000
1.38560000
1.23630000
0.20420000
0.09180000
0.11640000
0.12500000
0.09950000
0.30320000
0.05830000
0.17940000
0.28440000
0.08600000
0.17260000
1.88540000
0.28240000
1.54320000
0.07620000
0.28130000
0.14630000
0.19600000
0.44720000
0.31430000
0.81930000
0.94520000
0.58350000
0.13240000
0.18880000
0.15250000
0.21940000
0.34560000
0.20230000
0.25200000
0.31850000
0.14430000
1.35300000
0.68940000
0.27790000
0.49580000
0.11350000
0.12350000
0.64420000
0.32180000
0.08070000
1.62720000
4.25020000
0.17190000
1.84750000
0.10670000
0.77190000
0.24440000
2.40380000
0.08550000
0.14970000
1.03690000
1.75870000
0.72540000
0.13000000
0.09720000
0.41380000
0.09540000
0.16090000
1.15370000
0.13920000
0.27440000
0.37350000
0.14790000
1.07870000
0.17400000
1.38330000
0.12610000
0.12000000
0.03460000
1.07270000
0.20160000
0.76670000
0.05130000
0.34710000
0.07800000
0.33530000
0.08780000
1.86440000
0.65860000
0.08920000
1.08560000
0.07100000
0.08650000
0.78650000
0.13310000
0.08670000
0.31050000
0.08330000
0.88010000
0.13880000
0.21740000
0.07790000
0.20950000
34.152000
34.152000
-0.360000
-0.262000
-0.051000
-0.019000
-0.017000
3.600000
6.498000
-0.011000
-0.011000
-1.441000
-1.367000
-0.108000
-0.153000
0.363000
-0.051000
0.094000
-1.114000
0.228000
-2.038000
0.096000
0.084000
0.062000
0.042000
0.546000
-0.315000
1.086000
1.086000
0.143000
0.174000
0.605000
0.172000
0.615000
0.606000
-0.250000
-0.082000
0.010000
-0.100000
1.082000
0.450000
0.091000
0.066000
0.257000
0.526000
0.518000
0.505000
0.517000
0.050000
0.286000
0.279000
-0.264000
0.326000
0.370000
0.360000
-0.018000
0.398000
0.213000
0.605000
-0.233000
0.352000
0.177000
0.163000
0.097000
0.037000
-1.086000
-0.016000
-0.036000
-0.012000
-0.182000
0.125000
0.097000
0.274000
0.166000
-0.183000
0.113000
0.364000
0.579000
0.360000
0.976000
0.087000
-1.570000
1.265000
-3.492000
-3.813000
0.555000
3.543000
3.600000
0.814000
0.783000
0.000000
0.196000
0.087000
1.251000
1.251000
-0.007000
1.251000
0.976000
0.976000
2.897000
1.372000
-1.889000
1.889000
0.816000
1.272000
0.000000
0.000000
0.000000
0.814000
0.000000
0.801000
0.670000
0.673000
0.714000
0.145000
0.000000
0.000000
0.063000
0.063000
0.026000
2.116000
1.095000
1.158000
1.127000
0.000000
0.738000
0.735000
0.194000
0.234000
0.693000
-0.082000
0.477000
0.890000
-0.014000
0.290000
0.075000
0.041000
0.654000
0.651000
0.718000
0.328000
0.422000
0.163000
-0.111000
0.374000
0.033000
0.331000
0.113000
1.147000
0.363000
0.052000
0.461000
0.436000
1.692000
-0.129000
1.621000
-0.604000
1.942000
1.808000
1.808000
0.753000
0.535000
1.086000
0.732000
0.000000
0.423000
3.359000
2.781000
0.876000
1.054000
0.006000
-0.270000
1.492000
1.054000
-0.235000
1.433000
0.183000
0.210000
1.545000
0.528000
1.646000
1.776000
1.897000
1.843000
1.910000
0.082000
2.252000
-2.076000
-2.032000
-2.010000
-2.407000
1.895000
0.006000
0.357000
1.698000
1.372000
2.008000
1.644000
2.036000
0.247000
0.089000
-0.070000
1.462000
1.417000
1.992000
2.124000
-0.554000
1.579000
-1.963000
-2.771000
-2.204000
-2.901000
-3.288000
1.638000
1.357000
1.399000
0.484000
0.315000
0.147000
0.384000
0.111000
0.486000
0.217000
-0.070000
0.249000
0.262000
0.116000
-0.584000
0.662000
0.071000
-1.358000
3.328000
2.108000
2.065000
2.341000
2.860000
2.576000
-0.628000
-0.428000
-0.294000
0.054000
2.134000
1.995000
2.285000
-0.011000
2.291000
2.232000
0.377000
1.630000
-0.234000
2.845000
2.626000
2.113000
2.710000
0.217000
0.132000
1.703000
0.223000
0.245000
0.117000
-2.285000
1.674000
1.272000
1.492000
1.104000
1.674000
0.156000
1.637000
0.435000
-0.004000
2.116000
0.000000
1.970000
1.543000
1.568000
1.579000
1.726000
1.716000
2.194000
2.020000
0.600000
0.303000
2.093000
1.147000
1.396000
1.642000
1.494000
-0.414000
2.781000
2.364000
-0.157000
0.079000
-0.060000
1.894000
1.432000
1.075000
0.816000
1.812000
2.658000
2.409000
-0.366000
-0.508000
-0.096000
-2.784000
3.253000
3.253000
1.630000
1.889000
1.698000
-2.133000
-2.410000
0.377000
0.377000
0.074000
-0.030000
-2.133000
-0.636000
-0.403000
-0.403000
2.235000
0.437000
0.079000
0.247000
-0.068000
1.910000
1.891000
-0.163000
-0.028000
-1.898000
0.254000
0.384000
-0.045000
-0.045000
-0.130000
1.634000
1.543000
1.543000
1.630000
1.352000
0.042000
1.442000
0.584000
1.322000
1.692000
1.543000
1.365000
1.145000
-0.154000
1.913000
2.781000
1.054000
0.000000
1.720000
1.808000
2.658000
0.693000
1.621000
1.621000
1.074000
0.456000
0.713000
1.772000
0.012000
0.230000
0.616000
0.463000
2.345000
-0.144000
-0.198000
-0.094000
0.724000
0.193000
0.070000
0.039000
0.388000
0.453000
0.536000
-0.685000
0.905000
0.905000
0.683000
2.101000
1.930000
0.342000
0.148000
1.522000
0.077000
1.512000
1.673000
0.184000
0.031000
0.076000
1.683000
0.389000
0.225000
1.852000
1.946000
-1.434000
1.132000
0.137000
1.863000
1.260000
0.024000
0.404000
1.637000
1.674000
1.643000
0.069000
1.664000
-0.076000
1.480000
-0.046000
-0.035000
1.410000
-0.294000
1.074000
1.062000
0.942000
1.431000
1.453000
1.882000
1.733000
1.968000
2.035000
0.117000
0.153000
0.028000
1.992000
2.283000
0.245000
2.564000
0.206000
2.602000
2.821000
2.639000
2.835000
0.000000
2.193000
1.606000
0.056000
0.600000
0.600000
-0.120000
0.015000
0.814000
0.331000
1.417000
0.000000
0.884000
0.120000
1.251000
0.087000
-1.408000
0.052000
-1.043000
-0.389000
-0.398000
0.512000
34.152000
-33.915000
0.000000
33.915000
0.000000
1.232000
0.021000
1.232000
1.232000
14.795000
1.232000
0.000000
0.000000
0.000000
1.232000
1.232000
0.000000
0.026000
-1.691000
0.183000
-3.392000
-3.392000
-0.448000
1.165000
1.151000
1.151000
-3.392000
33.915000
0.000000
-5.410000
3.600000
0.000000
3.543000
-0.080000
1.112000
0.388000
-1.232000
1.511000
1.305000
0.942000
0.976000
-1.365000
0.207000
0.062000
0.000000
19.119000
-9.079000
0.000000
19.119000
10.040000
0.049000
-1.195000
-12.821000
-3.498000
-6.119000
-5.837000
-0.204000
-0.281000
2.227000
-1.584000
2.152000
-2.664000
-2.620000
-4.757000
-0.382000
0.473000
1.496000
-1.687000
1.738000
0.005000
-1.075000
1.484000
0.505000
1.947000
3.867000
0.560000
-7.606000
0.997000
-0.876000
-1.737000
-3.233000
-7.949000
-1.491000
-2.642000
0.000000
0.246000
7.170000
-14.795000
-2.681000
-3.604000
-2.887000
-3.815000
-12.821000
1.752000
-2.863000
1.738000
1.456000
-3.770000
-3.815000
-4.944000
-2.626000
-1.594000
-1.676000
-7.623000
7.151000
-3.259000
-1.888000
-2.633000
-1.043000
0.982000
-0.011000
0.161000
0.000000
14.796000
19.119000
-2.024000
-0.036000
-0.008000
-0.012000
-3.599000
-9.079000
19.119000
19.119000
-5.480000
3.600000
1.268000
0.545000
0.759000
1.304000
-0.389000
1.464000
3.385000
0.000000
3.385000
-1.232000
1.112000
-0.164000
0.942000
-0.145000
19.119000
1.304000
-0.389000
-0.004000
1.244000
1.398000
0.138000
-10.040000
0.000000
0.000000
0.000000
0.060000
0.000000
0.000000
0.000000
0.000000
0.011000
0.000000
0.000000
0.013000
0.000000
0.000000
0.005000
0.000000
0.000000
0.020000
0.000000
0.000000
0.000000
0.021000
0.000000
0.000000
0.017000
0.000000
-4.993000
-2.024000
-2.024000
3.385000
3.385000
1.876000
1.876000
-1.747000
-1.747000
-4.993000
-4.993000
-4.894000
-4.894000
14.796000
14.796000
34.152000
-5.462000
-5.427000
-5.443000
0.000000
0.000000
0.139000
0.239000
0.239000
0.297000
0.239000
0.512000
-2.072000
-2.072000
-1.834000
-0.665000
-0.665000
0.048000
0.026000
-0.323000
-0.338000
-2.397000
0.000000
0.000000
0.000000
-14.795000
-14.795000
1.232000
1.232000
1.776000
1.760000
1.895000
1.895000
-1.365000
-1.366000
-0.088000
-0.131000
0.021000
0.000000
0.000000
0.000000
1.554000
1.652000
1.629000
0.754000
0.765000
0.765000
0.765000
0.765000
0.000000
0.000000
0.000000
0.000000
0.035000
0.125000
0.158000
0.212000
0.198000
0.754000
0.754000
0.746000
0.738000
0.423000
0.272000
2.897000
2.897000
2.897000
2.897000
2.897000
1.324000
-0.037000
0.093000
0.093000
0.216000
1.040000
0.912000
0.540000
0.533000
0.000000
0.000000
0.570000
0.570000
34.152000
34.152000
34.152000
-1.070000
-1.070000
0.512000
0.512000
0.000000
0.010000
0.000000
0.000000
0.000000
0.000000
0.005000
0.000000
0.028000
0.006000
0.565000
0.419000
0.506000
0.494000
-0.415000
-0.474000
0.216000
0.198000
0.019000
0.279000
0.279000
0.107000
0.099000
0.290000
0.282000
0.010000
-0.003000
