27
1
34
1
2
3
4
5
6
7
8
9
10
11
12
13
14
15
16
17
18
19
20
21
22
23
24
25
26
27
332.110
291.570
290.220
290.060
346.870
295.890
259.770
261.600
262.360
242.590
354.560
249.720
250.020
203.540
196.240
187.690
322.450
59.450
82.540
88.540
105.550
115.690
281.160
289.690
328.150
270.870
124.220
317.580
292.630
316.730
368.750
502.890
442.300
266.660
292.090
315.020
313.780
454.970
368.970
429.560
435.760
386.700
336.720
410.330
322.650
319.910
346.640
393.560
411.300
465.160
499.270
476.820
436.510
337.660
25.00
25.00
25.00
25.00
25.00
25.00
25.00
25.00
25.00
25.00
25.00
25.00
25.00
25.00
25.00
25.00
25.00
25.00
25.00
25.00
25.00
25.00
25.00
25.00
25.00
25.00
25.00
24.510
34.730
58.810
77.970
17.120
31.010
30.670
25.580
15.470
30.890
34.590
96.220
29.690
38.230
98.640
68.230
34.760
86.730
47.110
72.680
92.700
57.360
4.640
18.260
47.860
0.000
105.320
41.37990
40.41880
42.10430
43.02950
40.99920
43.24300
40.15880
40.81860
41.69010
40.85450
40.50290
40.10140
44.38490
43.03380
41.71180
40.77150
40.06120
40.01270
40.24900
40.61230
41.52900
41.78920
41.37950
40.22260
41.84810
45.10020
40.09510
28
211.02
530.7
50
50
1
2
3
4
5
6
7
8
9
10
11
12
13
14
15
16
17
18
19
20
21
22
23
24
25
26
27
28
29
30
31
32
33
34
3
3
4
25
6
26
26
2
3
8
9
17
9
12
15
12
14
13
13
26
20
27
21
15
22
19
6
23
24
6
25
26
22
27
2
1
3
11
17
6
4
8
9
7
8
11
10
10
16
15
15
14
12
13
19
20
20
21
21
18
23
24
25
25
5
28
14
16
200
250
600
250
200
400
600
150
500
250
300
150
300
300
450
250
700
800
200
800
500
350
600
900
500
450
150
150
150
400
200
900
500
350
478
830
1030
679
830
508
1416
593
553
505
454
1095
392
1124
1025
1125
1003
954
1200
435
543
740
988
1859
405
467
543
721
882
966
635
2013
1000
1000
0
0
0
0
0
0
0
0
0
0
0
0
0
0
0
0
0
0
0
0
0
0
0
0
0
0
0
0
0
0
0
0
0
0
29.33710
24.51000
255.08070
38.62450
30.72550
188.24000
333.05070
-5.39290
142.42360
30.67000
61.64290
-4.03450
65.31070
-34.42070
120.41450
-32.26150
472.77620
699.26150
29.53780
758.48930
133.84000
-53.13550
259.65550
221.46020
130.89530
86.73000
13.41670
8.77670
-9.48330
113.08790
17.12000
-1279.78000
-188.25530
-52.18450
