582
1
655
1
2
3
4
5
6
7
8
9
10
11
12
13
14
15
16
17
18
19
20
21
22
23
24
25
26
27
28
29
30
31
32
33
34
35
36
37
38
39
40
41
42
43
44
45
46
47
48
49
50
51
52
53
54
55
56
57
58
59
60
61
62
63
64
65
66
67
68
69
70
71
72
73
74
75
76
77
78
79
80
81
82
83
84
85
86
87
88
89
90
91
92
93
94
95
96
97
98
99
100
101
102
103
104
105
106
107
108
109
110
111
112
113
114
115
116
117
118
119
120
121
122
123
124
125
126
127
128
129
130
131
132
133
134
135
136
137
138
139
140
141
142
143
144
145
146
147
148
149
150
151
152
153
154
155
156
157
158
159
160
161
162
163
164
165
166
167
168
169
170
171
172
173
174
175
176
177
178
179
180
181
182
183
184
185
186
187
188
189
190
191
192
193
194
195
196
197
198
199
200
201
202
203
204
205
206
207
208
209
210
211
212
213
214
215
216
217
218
219
220
221
222
223
224
225
226
227
228
229
230
231
232
233
234
235
236
237
238
239
240
241
242
243
244
245
246
247
248
249
250
251
252
253
254
255
256
257
258
259
260
261
262
263
264
265
266
267
268
269
270
271
272
273
274
275
276
277
278
279
280
281
282
283
284
285
286
287
288
289
290
291
292
293
294
295
296
297
298
299
300
301
302
303
304
305
306
307
308
309
310
311
312
313
314
315
316
317
318
319
320
321
322
323
324
325
326
327
328
329
330
331
332
333
334
335
336
337
338
339
340
341
342
343
344
345
346
347
348
349
350
351
352
353
354
355
356
357
358
359
360
361
362
363
364
365
366
367
368
369
370
371
372
373
374
375
376
377
378
379
380
381
382
383
384
385
386
387
388
389
390
391
392
393
394
395
396
397
398
399
400
401
402
403
404
405
406
407
408
409
410
411
412
413
414
415
416
417
418
419
420
421
422
423
424
425
426
427
428
429
430
431
432
433
434
435
436
437
438
439
440
441
442
443
444
445
446
447
448
449
450
451
452
453
454
455
456
457
458
459
460
461
462
463
464
465
466
467
468
469
470
471
472
473
474
475
476
477
478
479
480
481
482
483
484
485
486
487
488
489
490
491
492
493
494
495
496
497
498
499
500
501
502
503
504
505
506
507
508
509
510
511
512
513
514
515
516
517
518
519
520
521
522
523
524
525
526
527
528
529
530
531
532
533
534
535
536
537
538
539
540
541
542
543
544
545
546
547
548
549
550
551
552
553
554
555
556
557
558
559
560
561
562
563
564
565
566
567
568
569
570
571
572
573
574
575
576
577
578
579
581
582
583
1103123.0100
1101809.3200
1101878.2700
1102069.0500
1101964.9400
1102035.6700
1102062.7900
1102087.4700
1101744.8800
1102278.5600
1102242.2400
1102282.5000
1102246.9900
1101951.1900
1101572.2900
1101712.8200
1102633.6600
1102445.9300
1102886.7900
1101747.9300
1101710.6800
1101842.3400
1102444.7900
1101728.6200
1102530.3200
1102165.9500
1102291.9300
1102246.1700
1102220.6800
1102822.8400
1102795.4900
1102769.5200
1102773.1100
1102852.5500
1101814.7700
1101809.6200
1101813.2900
1102752.3400
1101889.6700
1101711.7000
1101875.4100
1101787.9000
1102399.6200
1102756.1700
1102601.6300
1102635.3200
1102673.2600
1102729.8400
1102852.2100
1102160.7900
1102286.6100
1102660.2200
1102463.1700
1102293.0900
1102225.1500
1102198.9700
1102161.4400
1102113.5300
1102353.9900
1102388.7800
1102229.7100
1102231.6100
1102175.3000
1102109.6100
1102139.0500
1102574.3900
1102608.9500
1102674.4200
1102596.7900
1102424.1400
1101746.4500
1102132.1330
1101950.0600
1101924.0600
1102744.3500
1102499.6500
1102441.9100
1102459.9400
1102545.6100
1102451.0900
1102372.9400
1102354.1300
1102671.9600
1102063.7500
1102289.9600
1102255.4300
1102275.9900
1102279.1700
1101980.6300
1102426.2000
1102164.5200
1102210.2600
1102115.4100
1102796.6600
1102697.0600
1101953.1600
1101836.6300
1101826.6000
1102081.0100
1102043.0800
1102016.7900
1101817.8800
1101860.2900
1101806.8700
1101746.4900
1101717.8000
1101678.2200
1101517.9200
1101381.1400
1101514.3100
1101911.2400
1101915.9700
1101962.1900
1102045.0700
1102060.7100
1102063.5900
1102077.5500
1101696.8600
1101709.0500
1101717.0700
1102048.5600
1101714.9300
1101729.5900
1101766.6100
1101857.4600
1102001.3000
1101852.9700
1101821.9700
1101947.2200
1101997.5100
1102104.2200
1102086.0600
1102101.9800
1101738.3700
1101751.8900
1102091.9200
1101955.4500
1101992.6800
1101864.6900
1101900.5100
1101811.4000
1101850.1500
1102021.2900
1102036.2600
1102059.0500
1102124.0200
1102061.5300
1101996.2400
1101903.3600
1101853.9100
1101775.7900
1101761.9500
1101757.8800
1101750.5200
1101756.4100
1101571.2600
1101708.4200
1101640.8700
1101759.0200
1101801.6000
1101810.4200
1101813.6800
1101843.7000
1102122.2500
1101820.6800
1101965.1400
1101813.6800
1101945.2500
1101962.6200
1102151.6900
1102364.8800
1102249.4900
1102252.5500
1101978.1600
1101969.0800
1101965.8800
1101813.5500
1101814.5100
1102028.0400
1102057.7800
1102470.9400
1102457.5200
1102655.7000
1102512.3400
1102544.3200
1102569.2700
1102578.4900
1102596.0700
1102650.4400
1102794.9200
1102823.6500
1102881.1700
1102718.1600
1102723.7600
1102746.8300
1102755.6300
1102745.6200
1102748.9800
1102805.0100
1102631.5000
1102564.3000
1102553.2600
1102152.8800
1102198.3800
1102206.1800
1102478.8200
1102112.6500
1102372.3700
1102457.7300
1102444.0600
1102521.9000
1102462.8300
1102560.5800
1102548.5900
1102059.5900
1102283.3000
1102288.5900
1102283.4800
1102292.3200
1102287.2200
1102288.4900
1102380.6100
1102479.5800
1102412.1100
1102328.5700
1102263.9300
1102260.9400
1102185.0300
1102193.7300
1102122.5700
1102127.0500
1102134.9300
1101888.5800
1101884.4500
1101886.2900
1101887.4500
1101912.2200
1101923.4000
1102021.5600
1102043.9500
1102048.5300
1102044.9200
1102071.6400
1102070.0400
1102059.1500
1102052.8700
1102049.1500
1102054.0800
1102055.6000
1102052.5100
1102055.3000
1102016.9200
1102005.6800
1101953.9100
1101928.0600
1102122.8200
1102112.3600
1102103.7600
1102003.0600
1102047.1500
1102052.2400
1102055.4200
1102061.1600
1102069.8800
1102065.4800
1102067.2200
1102019.6500
1102046.4900
1102017.6200
1101987.2200
1101955.8100
1101955.6600
1102104.0600
1102206.2800
1102215.7800
1102145.6900
1102159.9400
1102178.8500
1102158.4000
1102201.8500
1102286.9800
1102302.2300
1102300.7800
1102238.8400
1102321.3300
1102338.1000
1102352.6800
1102139.0000
1102117.5700
1102232.2000
1102239.0700
1102173.5700
1102239.1200
1102243.7000
1102246.2300
1102312.7800
1102325.1100
1102383.2600
1102459.8500
1102207.3200
1102224.9700
1102288.6100
1102278.0700
1102366.6100
1102353.5000
1102438.6400
1102426.6800
1102445.1100
1102488.2400
1102496.9800
1102522.4700
1102526.0100
1102518.0400
1102520.7600
1102497.0100
1102503.7500
1102351.2700
1102367.1800
1102422.6500
1102294.9500
1102357.7700
1102351.1800
1102284.5300
1102277.6200
1102270.8200
1102325.2100
1102535.2100
1102545.7200
1102506.2800
1102548.4500
1102598.1500
1102608.2700
1102589.1900
1102480.0100
1102472.5300
1102456.6200
1102373.3100
1102463.6700
1102431.5600
1102519.0600
1102524.9800
1102528.0000
1102517.3200
1102550.7300
1102533.9000
1102618.9600
1102701.1700
1102712.2000
1102688.3200
1102670.7400
1102730.7100
1102747.6300
1102711.9800
1102677.3500
1102672.2300
1102630.0800
1102810.4800
1102820.0700
1102814.8200
1102771.7700
1102748.3900
1102945.8600
1102951.6800
1102967.2000
1103141.8600
1103266.9100
1103272.6800
1103371.4900
1102232.2900
1102264.8000
1102276.6900
1102279.6300
1102403.8200
1102426.2700
1102433.1800
1102509.4600
1102513.8000
1102523.8700
1102452.9800
1102456.6200
1102373.6100
1102383.4800
1102386.1300
1102381.6600
1102382.4400
1102376.5400
1102419.6200
1102424.5300
1102452.2600
1102456.1200
1101896.7300
1101944.8600
1101723.4300
1101817.0600
1101814.7900
1101789.7500
1101843.7400
1101865.6200
1101871.3300
1101863.8300
1101846.8600
1101896.7600
1101893.5300
1101893.5400
1101893.7500
1101891.9400
1101812.6900
1101852.1600
1101833.9700
1101782.3000
1101831.9200
1101849.6200
1101826.1400
1101815.3300
1101815.8000
1101812.8000
1102077.1500
1101914.1800
1102357.4800
1102131.4900
1102519.2300
1103288.9600
1102435.8400
1102084.8700
1101959.2100
1101826.8000
1101812.0300
1101809.6700
1101795.5200
1101793.2400
1101814.2300
1102468.9100
1102344.0800
1102777.3000
1102769.3100
1102549.6100
1102538.8700
1101811.5100
1102410.6400
1102382.0100
1102571.7400
1101842.1800
1101625.9900
1101619.1500
1101615.5900
1101613.2500
1101634.6200
1101615.1500
1101629.7600
1101800.2000
1101623.7800
1101828.1900
1101814.1000
1101712.6000
1101633.5800
1101726.8800
1101623.1200
1101616.2900
1101623.4400
1101846.0500
1101869.0700
1101644.4500
1101667.5800
1101654.5600
1101676.1100
1101803.6500
1101768.7500
1101754.8000
1101742.5100
1101849.7600
1101835.6600
1101815.9600
1101800.6800
1101774.4300
1101876.0000
1101869.4300
1101895.7100
1101771.5200
1101870.7000
1101807.0000
1101772.2300
1101745.8600
1101904.1600
1101830.1000
1101749.7100
1101746.0800
1102715.1700
1103517.9600
1101789.4400
1101876.3800
1102065.2000
1102025.9300
1101744.0200
1102638.7000
1102861.8700
1101745.4300
1101732.1800
1102253.1100
1102829.7400
1101741.7600
1102391.9900
1102721.8300
1102117.8400
1102666.1300
1102232.4700
1102280.8200
1102067.8200
1101950.0700
1102730.5600
1102248.1800
1102277.4200
1101965.3400
1101936.0200
1101834.9800
1102066.5200
1101711.1700
1102085.0000
1102111.4700
1101850.1700
1102042.4700
1102126.9500
1101757.9300
1101975.1000
1102147.9700
1101885.4000
1102056.3100
1102705.2100
1102472.3300
1102776.5600
1102830.4800
1102855.7400
1102610.3600
1102143.3300
1102106.7950
1102526.2800
1102291.3900
1102132.0900
1102043.9000
1102085.6500
1102061.0700
1101971.8100
1102085.9600
1102171.2400
1102487.6400
1102509.0400
1102513.5200
1102526.4500
1102637.2700
1102651.3200
1102681.5400
1102665.7100
1102717.3300
1102761.1900
1102806.0800
1102775.9700
1103272.0500
1102276.0900
1102347.6300
1102414.5700
1102506.4800
1101983.7700
1101895.6100
1101857.4700
1101725.3000
1101819.7900
1102065.4600
1101832.8200
1102081.8500
1102723.9200
1102602.1700
1102436.7100
1101803.3200
1101789.6700
1102798.9900
1102740.1100
1101708.9500
1101797.5700
1101724.7200
1101882.8900
1102632.9530
1102030.7700
1102562.5000
958301.47000
957778.71000
957811.43000
957225.56000
957024.84000
957030.41000
957043.65000
957058.00000
956631.05000
956672.34000
956674.61000
956735.21000
956750.46000
956430.73000
957872.05000
957854.36000
957998.45000
958037.03000
958032.91000
957267.67000
957280.67000
957333.17000
956603.59000
957413.19000
957393.34000
957538.65000
956787.73000
956737.49000
956874.35000
957946.11000
957961.74000
957983.14000
957988.40000
957925.97000
957150.17000
956993.75000
956938.32000
957717.79000
957803.08000
957845.44000
957812.35000
957679.23000
957966.77000
957889.19000
957971.13000
957921.06000
957880.20000
957669.86000
957583.35000
957798.18000
957715.19000
957646.21000
957806.28000
957826.31000
957877.33000
957848.81000
957797.65000
957727.43000
957890.59000
957862.50000
957881.57000
957739.91000
957673.65000
957577.88000
957618.58000
957476.79000
957547.22000
957832.01000
958033.85000
957589.98000
957398.26000
957335.41100
957113.62000
957074.34000
957504.90000
957074.74000
957080.74000
957157.33000
957348.72000
957161.78000
957167.17000
957177.41000
957541.93000
957407.51000
957239.16000
957499.56000
957227.75000
957232.39000
957443.74000
957230.91000
957536.50000
957288.41000
957302.77000
957476.94000
957599.33000
956808.08000
956529.90000
956533.06000
956385.35000
956264.59000
956407.07000
956349.61000
956463.03000
956480.45000
956436.59000
956512.81000
956399.73000
956229.59000
956281.47000
956221.58000
956317.77000
956316.21000
956300.12000
956270.94000
956318.63000
956327.09000
956374.85000
956455.71000
956450.35000
956447.38000
956332.67000
956504.04000
956508.73000
956495.60000
956464.08000
956412.31000
956452.20000
956361.54000
956419.52000
956402.01000
956450.54000
956398.44000
956443.32000
956577.68000
956573.02000
956454.66000
956443.12000
956550.60000
956476.89000
956582.58000
956493.44000
956599.22000
956421.74000
956463.50000
956529.83000
956505.43000
956537.83000
956560.32000
956592.25000
956609.21000
956636.10000
956640.86000
956630.59000
956644.81000
956642.76000
956203.67000
956546.06000
956757.00000
956655.69000
956757.92000
956844.87000
956900.28000
957170.74000
957320.05000
956843.61000
956959.88000
956926.41000
956975.61000
956978.52000
957047.64000
957163.27000
956790.39000
956839.34000
956890.31000
956890.73000
956890.55000
956930.24000
957142.25000
957026.69000
957041.21000
956597.62000
956600.68000
957549.83000
957108.44000
957274.63000
957368.77000
957394.88000
957436.12000
957538.70000
957477.87000
957529.47000
957637.05000
957645.25000
957657.05000
957705.65000
957724.85000
957720.13000
957718.96000
957702.34000
957192.19000
957379.85000
957384.03000
957210.34000
957271.17000
957282.52000
957191.56000
957284.04000
957172.89000
957147.93000
957089.89000
957194.63000
957180.42000
957370.27000
957346.91000
957388.41000
957238.35000
957245.99000
957229.09000
957223.38000
957240.54000
957239.90000
957175.61000
957308.78000
957242.04000
957305.15000
957355.09000
957356.94000
957409.23000
957404.37000
957313.95000
957320.81000
957333.36000
957176.28000
957070.23000
957117.11000
957159.99000
957067.84000
957067.28000
957072.00000
957082.68000
957073.15000
957080.61000
957091.22000
957094.75000
957110.83000
957109.17000
957122.77000
957124.21000
957136.93000
957137.24000
957145.24000
957144.72000
957121.97000
957114.59000
957114.75000
957454.18000
957461.44000
957467.59000
957309.03000
957370.03000
957377.54000
957382.24000
957390.72000
957403.61000
957410.15000
957412.78000
957419.74000
957400.91000
957416.58000
957381.02000
957403.98000
957365.12000
957450.20000
957596.40000
957609.23000
957552.78000
957649.19000
957671.26000
957794.34000
957881.07000
957831.26000
957821.74000
957820.30000
957746.46000
957802.78000
957786.61000
957888.88000
957338.79000
957346.04000
957473.55000
957485.08000
957530.07000
957499.97000
957497.01000
957478.06000
957430.57000
957421.59000
957379.44000
957322.83000
957616.06000
957602.92000
957558.62000
957554.62000
957506.33000
957490.38000
957452.56000
957435.89000
957461.06000
957521.88000
957533.34000
957376.97000
957384.84000
957380.57000
957387.12000
957413.80000
957409.65000
957647.05000
957669.58000
957703.85000
957567.34000
957640.97000
957647.11000
957698.78000
957704.34000
957694.08000
957768.01000
957404.06000
957496.36000
957526.22000
957599.78000
957673.17000
957687.81000
957564.73000
957652.84000
957660.12000
957675.39000
957516.67000
957647.84000
957584.29000
957719.44000
957729.82000
957735.25000
957759.90000
957735.38000
957745.87000
957701.39000
957785.89000
957815.13000
957829.08000
957840.10000
957860.11000
957896.19000
957925.53000
957957.08000
957961.75000
958002.20000
957933.66000
957943.19000
957951.23000
957986.34000
958005.72000
958113.90000
958121.88000
958109.77000
958290.55000
958450.94000
958457.56000
958358.16000
957739.38000
957713.82000
957722.93000
957720.64000
957724.19000
957706.47000
957710.37000
957756.53000
957757.31000
957754.12000
957791.11000
957796.83000
957840.36000
957865.44000
957863.97000
957866.46000
957868.06000
957871.71000
957998.25000
958005.68000
958032.08000
958036.97000
957807.90000
957483.86000
957843.95000
957825.68000
957813.66000
957687.29000
957652.54000
957641.96000
957789.67000
957744.89000
957661.42000
957791.89000
957644.83000
957629.59000
957481.58000
957474.89000
957143.55000
957366.48000
957372.45000
957352.50000
957336.22000
957358.46000
957261.20000
957192.33000
957170.79000
957150.23000
957240.05000
956310.98000
957175.02000
957248.54000
957383.58000
958442.97000
956292.73000
956881.56000
957061.38000
956944.13000
956936.52000
957010.21000
956745.64000
956746.56000
956909.55000
957194.07000
957780.90000
958058.97000
958070.30000
957386.12000
957389.92000
956907.04000
957167.41000
957171.51000
957378.11000
956119.64000
956199.83000
956158.01000
956202.43000
956252.32000
956244.45000
956213.46000
956155.23000
956005.90000
956088.03000
956081.73000
956043.47000
956037.93000
956109.38000
956119.18000
956103.03000
956103.54000
956111.75000
956130.13000
956192.52000
956272.41000
956365.90000
956307.80000
956393.69000
956215.72000
956228.17000
956272.27000
956237.48000
956238.60000
956305.88000
956250.62000
956318.30000
956327.59000
956229.29000
956293.88000
956284.60000
956328.63000
956201.14000
956225.22000
956237.99000
956246.95000
956312.51000
956307.86000
956642.37000
956633.90000
957326.34000
958771.31000
957792.69000
957803.44000
957227.90000
957050.62000
956631.53000
958004.16000
958049.62000
957364.44000
957448.01000
956848.27000
958022.03000
956990.07000
958078.50000
957673.09000
957838.37000
957642.40000
957818.54000
957942.30000
957665.88000
957126.46000
957478.25000
957503.93000
957218.07000
957453.48000
956754.07000
956523.75000
956316.45000
956456.34000
956384.23000
956440.81000
956599.27000
956461.49000
956514.22000
956630.73000
956878.74000
957058.28000
956972.38000
957043.94000
956246.38000
956603.67000
957442.39000
957752.72000
957932.33000
957112.38000
957185.86000
957295.11400
957218.07000
957246.72000
957317.19000
957082.66000
957479.77000
957416.99000
957339.32000
957746.44000
957875.77000
957305.01000
957532.14000
957722.62000
957759.82000
957720.22000
957734.96000
957961.66000
958041.09000
958011.48000
957973.36000
958043.94000
957982.94000
958446.90000
957730.21000
958012.15000
958002.39000
958004.34000
957788.42000
957489.02000
957745.35000
957396.97000
957262.76000
957245.38000
957163.87000
957248.46000
957642.53000
957433.78000
956252.65000
957010.73000
956737.50000
958168.25000
958014.20000
956039.27000
955998.78000
956113.36000
956187.64000
957343.44000
957717.48000
957380.54000
938.11500
935.04900
935.04900
935.04900
937.94600
936.88500
936.16300
935.41900
939.09000
940.02500
940.02600
940.02500
940.02500
940.68200
933.44600
934.59800
935.79300
934.82000
939.17800
936.19200
936.31400
935.24400
943.80900
935.42900
941.50700
937.39300
940.53700
940.02500
940.02600
938.87200
938.30300
937.72500
937.75800
939.50900
937.33300
938.33100
938.62800
939.46100
935.04900
934.60700
935.04900
935.04900
935.04000
938.31900
935.61300
936.35000
937.10800
939.70200
951.93500
935.09200
935.87300
939.34400
936.16600
935.17000
935.07500
935.08500
935.09300
935.07000
935.11000
935.12500
935.07200
935.16200
935.55400
936.20100
936.04200
940.68500
940.03000
937.56200
935.04500
938.24700
935.44800
938.03300
936.85600
937.53200
946.29700
946.29000
945.50500
945.24500
942.76400
945.17000
944.06300
943.62700
940.13200
936.41600
941.60400
938.68700
941.68200
941.62100
935.04000
943.65300
937.37600
940.04100
936.78700
953.39200
939.95000
939.80700
939.89200
939.80700
941.23800
940.54800
940.96600
940.41300
940.23100
939.83400
939.64100
939.12700
939.32800
939.09000
938.18200
939.10300
941.04200
941.02500
940.85100
940.54100
940.79200
940.89100
941.27500
939.21200
939.31300
939.37900
940.98600
939.14900
939.21100
939.50700
940.21200
940.90000
940.23300
940.39000
940.71900
940.93500
940.69500
941.20100
940.77300
939.08900
939.15700
940.69500
940.63900
940.08100
940.20100
940.02600
939.82700
939.67500
940.91500
940.79000
940.06800
940.09500
940.02500
940.02600
940.02600
939.65200
939.23700
939.16700
939.15300
939.11000
939.13900
939.48300
938.96200
938.46000
939.14500
939.20100
939.06800
938.81700
936.80300
937.69300
939.12800
938.85200
938.69000
938.77500
938.61200
939.61400
943.97400
940.02500
940.02500
939.72800
939.70800
939.69100
938.67000
937.44900
937.04500
936.31700
944.48000
944.13600
940.13200
945.95000
944.31500
943.05500
943.01200
942.71200
940.13200
953.08800
953.22400
948.11600
939.79000
939.75100
939.55000
939.41100
939.38100
939.42100
940.05300
951.96100
942.73000
942.29100
938.29500
940.02500
940.03700
945.03900
935.04900
943.96700
945.34600
945.52900
945.03900
945.03900
942.73400
942.83300
935.77600
941.54300
941.44400
941.74100
941.96500
941.54300
941.57100
944.00600
942.58300
943.05700
940.66100
940.10400
940.10500
939.65400
939.87800
938.13100
938.13100
938.12600
936.35900
937.91300
937.22600
936.60100
937.72100
937.63800
936.47300
936.00700
936.08300
936.02400
935.49900
935.46900
935.38500
935.49600
935.34900
935.26000
935.05300
935.09100
935.04900
935.47500
935.96300
936.78800
936.92400
937.94600
937.66000
937.42400
935.04000
935.04000
935.17300
935.43400
935.90500
936.62100
936.56000
936.70400
935.04000
935.43500
935.04000
935.04000
935.04000
935.04000
937.60900
936.90700
936.80200
936.96600
935.77700
935.61800
935.09300
935.05900
935.16100
935.18100
935.18200
935.16700
935.21300
935.27300
935.11200
938.44600
937.58400
938.86500
938.76000
937.56700
938.54800
938.62800
938.91800
940.01300
940.13200
940.13200
942.00000
936.63600
936.96700
938.11800
938.08900
939.13500
939.31500
940.05700
940.13200
939.96000
939.54600
939.47900
941.85700
941.69400
941.72300
941.59700
940.70100
940.87300
937.19000
936.92900
936.91200
938.04600
937.29000
937.18900
936.09000
935.95400
936.04500
935.43700
941.39100
940.13200
939.62300
939.09700
938.67200
938.60900
939.72500
937.96500
937.82000
937.51500
939.01300
937.89200
938.37300
937.54900
937.48800
937.45000
937.10300
937.61200
937.37600
938.54700
938.29000
938.05800
937.70800
937.44300
937.97800
938.16500
937.49700
936.78500
936.67100
935.70800
938.72600
938.84000
938.70200
937.74700
937.22600
938.69400
938.59600
938.97500
938.65700
939.67800
939.76500
944.00400
935.16300
935.71500
935.68200
935.73900
936.52500
936.91100
936.92100
937.08300
937.10700
937.21400
936.23200
936.20500
935.15800
935.12600
935.12600
935.12700
935.12500
935.12600
935.04000
935.04000
934.89000
934.76300
935.04900
935.15400
934.71400
935.04900
935.04900
935.04900
935.04900
935.04900
935.04900
935.04900
935.04900
935.04900
935.04900
935.04900
936.47800
936.33600
937.44500
935.21200
935.25000
935.58600
935.33800
935.24000
935.64900
936.72400
937.02900
937.34800
935.04900
941.06600
943.71000
935.04900
941.66400
940.00000
946.34100
939.37200
937.49200
938.67200
938.63000
938.24900
939.19600
939.18400
938.77500
945.03900
935.38700
937.24000
936.98300
942.13600
941.71300
938.77200
944.53000
944.10900
943.01100
941.23800
939.79500
939.92700
939.72800
939.51300
939.66000
939.68100
939.99600
941.35400
940.12400
941.26000
941.35700
940.80900
940.07200
940.52100
940.04700
940.02600
940.02600
941.23100
941.18600
939.60600
939.40100
939.55600
939.34000
940.71600
940.46500
940.26600
940.27700
940.93000
940.65500
940.68700
940.40400
940.21400
941.11800
940.88600
941.07400
940.19300
941.17000
940.70800
940.45700
940.27300
941.04300
940.61600
939.10700
939.09500
955.17000
940.80300
935.04900
935.04900
935.04900
936.72500
939.08600
935.78900
938.47700
935.66300
935.19800
940.02500
938.47800
937.98300
934.85900
939.61900
935.04000
939.41800
935.13400
935.04000
935.04300
936.66800
947.67100
938.56600
941.84500
935.04000
939.82900
939.90300
940.75600
939.30500
941.25400
940.76600
939.67500
940.78900
940.02500
939.15400
939.77500
938.71300
938.84700
936.33700
953.98400
944.47900
955.77900
939.97500
939.52800
950.06800
938.17000
935.36200
945.03900
941.46100
938.88300
936.00800
936.92900
936.50600
935.04000
935.04700
935.04300
942.78800
939.57700
937.46800
937.17000
938.49000
938.44300
936.78300
935.69400
936.64900
937.63500
937.85700
937.84000
939.85400
935.57400
935.04000
935.04000
935.04000
935.04900
936.62300
935.04900
935.54300
935.67800
935.04900
936.99000
935.04900
939.85300
942.97900
946.68000
938.21200
939.18400
935.84000
937.03200
940.78500
941.34100
940.53000
941.28500
949.09000
935.04900
942.73000
0.374886668440000
0.119307137880000
0.000000000000000
0.142796935680000
0.159599909960000
0.015065290000000
0.000000000000000
0.000000000000000
0.000000000000000
0.035141412000000
0.000000000000000
0.078855799500000
0.040787818500000
0.101526310600000
0.000000000000000
0.036322932000000
0.016393933360000
0.021455810200000
0.057317586000000
0.108171220500000
0.144620619000000
0.066274557000000
0.272968204480000
0.018603840000000
0.000000000000000
0.011397124200000
0.101262018000000
0.016902970500000
0.000000000000000
0.043948834500000
0.125946295500000
0.000000000000000
0.092829915680000
0.000000000000000
0.000000000000000
0.013757691200000
0.117226460640000
0.000000000000000
0.000000000000000
0.000000000000000
0.020438380600000
0.018660598000000
0.247435032900000
0.065897830280000
0.135597595500000
0.184797956320000
0.132482442720000
0.000000000000000
0.000000000000000
0.060001285320000
0.012546494400000
0.111293006000000
0.225754243480000
0.067692257600000
0.013445660880000
0.117919241240000
0.204095145000000
0.116605087500000
0.053600081700000
0.067098716300000
0.003378344200000
0.025233089200000
0.000000000000000
0.049048749200000
0.038314141800000
0.075771356100000
0.077676727700000
0.220351907520000
0.022530369400000
0.240252705320000
0.087590145000000
0.000000000000000
0.000000000000000
0.026386540400000
0.147333114960000
0.025577318560000
0.000000000000000
0.033102643480000
0.000000000000000
0.000000000000000
0.000000000000000
0.000000000000000
0.147605758300000
0.000000000000000
0.000000000000000
0.000000000000000
0.084971015040000
0.000000000000000
0.095977641000000
0.065811719600000
0.071555413600000
0.086319790840000
0.000000000000000
0.000000000000000
0.225533572000000
0.249236111440000
0.000000000000000
0.000000000000000
0.030869019500000
0.000000000000000
0.083880283160000
0.212912147320000
0.123446402200000
0.058284612100000
0.550774323240000
0.015980334040000
0.077640289400000
0.035747938500000
0.094397502000000
0.094111387500000
0.083481686600000
0.000000000000000
0.113751154240000
0.040186594800000
0.000000000000000
0.000000000000000
0.000000000000000
0.027145705640000
0.010034376320000
0.048656932880000
0.258501863080000
0.011963289920000
0.022130471000000
0.082116424500000
0.000000000000000
0.057841780320000
0.000000000000000
0.000000000000000
0.060480771280000
0.053623426600000
0.000000000000000
0.000000000000000
0.000000000000000
0.010100852300000
0.245814411700000
0.206905827700000
0.006729037700000
0.008421004900000
0.041593586100000
0.000000000000000
0.000000000000000
0.000000000000000
0.025069885760000
0.035083665100000
0.023125644300000
0.000000000000000
0.033975224800000
0.060603757500000
0.068088082280000
0.000000000000000
0.072399419400000
0.000000000000000
0.000000000000000
0.000000000000000
0.000000000000000
0.138406548000000
0.000000000000000
0.038821374000000
0.000000000000000
0.000000000000000
0.128007381520000
0.187979383560000
0.030430417600000
0.039566516840000
0.031790136560000
0.019702735320000
0.053244598400000
0.108868314560000
0.000000000000000
0.024262894500000
0.000000000000000
0.032252446500000
0.000000000000000
0.075478345360000
0.000000000000000
0.239670070760000
0.000000000000000
0.180764510840000
0.041517390680000
0.000000000000000
0.175268085000000
0.000000000000000
0.000000000000000
0.144761506920000
0.202234309920000
0.214938343500000
0.000000000000000
0.077002090000000
0.060195276320000
0.000000000000000
0.000000000000000
0.000000000000000
0.000000000000000
0.106785504000000
0.000000000000000
0.000000000000000
0.000000000000000
0.000000000000000
0.000000000000000
0.034361743120000
0.000000000000000
0.000000000000000
0.147015969100000
0.128320324560000
0.168868498760000
0.018678800280000
0.047342562640000
0.000000000000000
0.090093432680000
0.053326951520000
0.043781710760000
0.000000000000000
0.000000000000000
0.008699846100000
0.047208966000000
0.000000000000000
0.057694286100000
0.000000000000000
0.078432110120000
0.000000000000000
0.000000000000000
0.017921536080000
0.069330468280000
0.091288407100000
0.200666063400000
0.043315354500000
0.178160737700000
0.152099445300000
0.060992401800000
0.000000000000000
0.000000000000000
0.053130810700000
0.074852456320000
0.089412638600000
0.057785049000000
0.076722806320000
0.020801553300000
0.020540394600000
0.023238490000000
0.000000000000000
0.000000000000000
0.000000000000000
0.000000000000000
0.000000000000000
0.000000000000000
0.025998239440000
0.000000000000000
0.000000000000000
0.000000000000000
0.000000000000000
0.000000000000000
0.000000000000000
0.108339584560000
0.057728316120000
0.053565532900000
0.047329553700000
0.042755471000000
0.000000000000000
0.071920651800000
0.063413956640000
0.000000000000000
0.004746334840000
0.000000000000000
0.069911215840000
0.000000000000000
0.000000000000000
0.104545048500000
0.139480205360000
0.125166403500000
0.162600901500000
0.069248676000000
0.043511088320000
0.026457270400000
0.131452546500000
0.062153568400000
0.045625222500000
0.107462680600000
0.071716598800000
0.045704237700000
0.007042180400000
0.064266233900000
0.000000000000000
0.086167372500000
0.134026293500000
0.016720950400000
0.025594902300000
0.033791474200000
0.065775239200000
0.067610732200000
0.157949260700000
0.023727346500000
0.061982752700000
0.013033445700000
0.000000000000000
0.099520467200000
0.141676311700000
0.130602421400000
0.222279327600000
0.166960593800000
0.040223863900000
0.076745260900000
0.150808208100000
0.013937980100000
0.132289857700000
0.063840415100000
0.083732613800000
0.061345066200000
0.032954949500000
0.060671023600000
0.153204881500000
0.000000000000000
0.015854057480000
0.011669560240000
0.000000000000000
0.089294849840000
0.025039273440000
0.000000000000000
0.049807840500000
0.068632033500000
0.060198663800000
0.081376746000000
0.101982433300000
0.168608478500000
0.000000000000000
0.064658600600000
0.062862369900000
0.072616086040000
0.056140935400000
0.061583099600000
0.230309234100000
0.072290708600000
0.055758164000000
0.085453269000000
0.112475784960000
0.102880262680000
0.070822601320000
0.082671659400000
0.082603646400000
0.163214623480000
0.086482940500000
0.011048912600000
0.000000000000000
0.005408653500000
0.068853373600000
0.000000000000000
0.044504416000000
0.025996408680000
0.044203960680000
0.000000000000000
0.028487158400000
0.065965544720000
0.059375397760000
0.229444801080000
0.004480057680000
0.101429001320000
0.076553827320000
0.048014204400000
0.000000000000000
0.005285224500000
0.000000000000000
0.068262426280000
0.024630797880000
0.000000000000000
0.000000000000000
0.000000000000000
0.105784613200000
0.000000000000000
0.000000000000000
0.024304813500000
0.027068000300000
0.005599947100000
0.000000000000000
0.073062628680000
0.018384972000000
0.026713111500000
0.067092532500000
0.000000000000000
0.000000000000000
0.056166916300000
0.000000000000000
0.060569752100000
0.000000000000000
0.000000000000000
0.000000000000000
0.000000000000000
0.008249619400000
0.000000000000000
0.025147395900000
0.008529449500000
0.035091826000000
0.004291557480000
0.069649992000000
0.077251380000000
0.075416123200000
0.014834698600000
0.113676079000000
0.034870507920000
0.022848657360000
0.055271767100000
0.068745450920000
0.049331869120000
0.077925176080000
0.211002630600000
0.123481460120000
0.000000000000000
0.132977578500000
0.000000000000000
0.046467783000000
0.073563997500000
0.203078589000000
0.019304962500000
0.056248516500000
0.163112833500000
0.028035598500000
0.100756329000000
0.036184512600000
0.019336716520000
0.000000000000000
0.000000000000000
0.028813282320000
0.000000000000000
0.072573994840000
0.051275422880000
0.057375133500000
0.106689309080000
0.035743460760000
0.143978564720000
0.040257869300000
0.060156843680000
0.092668734800000
0.000000000000000
0.119556198200000
0.041431721100000
0.042571520680000
0.000000000000000
0.000000000000000
0.000000000000000
0.104324202480000
0.000000000000000
0.000000000000000
0.000000000000000
0.097564857000000
0.009939978000000
0.000000000000000
0.000000000000000
0.000000000000000
0.010746825000000
0.000000000000000
0.000000000000000
0.000000000000000
0.000000000000000
0.000000000000000
0.000000000000000
0.000000000000000
0.000000000000000
0.000000000000000
0.000000000000000
0.000000000000000
0.000000000000000
0.018456691500000
0.021738486000000
0.016596925500000
0.000000000000000
0.000000000000000
0.000000000000000
0.032049426000000
0.013753488000000
0.000000000000000
0.018798595500000
0.000000000000000
0.000000000000000
0.000000000000000
0.004931256400000
0.000000000000000
0.000000000000000
0.000000000000000
0.000000000000000
0.000000000000000
0.000000000000000
0.000000000000000
0.000000000000000
0.000000000000000
0.000000000000000
0.000000000000000
0.000000000000000
0.000000000000000
0.000000000000000
0.460670641560000
0.034736912760000
0.008128561100000
0.000000000000000
0.033701997600000
0.000000000000000
0.004368421280000
0.035805436500000
0.101966850000000
0.047654023500000
0.008786280000000
0.067936477500000
0.577450063760000
0.042326116800000
0.000000000000000
0.051902920500000
0.000000000000000
0.094443332500000
0.070273050680000
0.043400923500000
0.051711716520000
0.275096463720000
0.000000000000000
0.023497162280000
0.000000000000000
0.079246496400000
0.000000000000000
0.000000000000000
0.012323816440000
0.000000000000000
0.034075756000000
0.000000000000000
0.004989217200000
0.013116245440000
0.005636672800000
0.011097657160000
0.006907348500000
0.161004332280000
0.000000000000000
0.109782690000000
0.013252686000000
0.110445849520000
0.000000000000000
0.000000000000000
0.037895644200000
0.016191337800000
0.000000000000000
0.009750712120000
0.000000000000000
0.000000000000000
0.040111833300000
0.044086836200000
0.077676445800000
0.060646939760000
0.014072639900000
0.054209055200000
0.000000000000000
0.006350778500000
0.030380090400000
0.081417303000000
0.039520639400000
0.094475852900000
0.016655637320000
0.085489094960000
0.138643189880000
0.157111278120000
0.092765973760000
0.003226445880000
0.009252927440000
0.021897876000000
0.030046394640000
0.018296064600000
0.000000000000000
0.127486468880000
0.193859457600000
0.000000000000000
0.044494648500000
0.012262212000000
0.237843194280000
0.055126349300000
0.000000000000000
0.015466845900000
0.168280607000000
0.000000000000000
0.000000000000000
0.004972351560000
0.000000000000000
0.000000000000000
0.000000000000000
0.000000000000000
0.000000000000000
0.000000000000000
0.000000000000000
0.000000000000000
0.000000000000000
965.747000
955.740000
955.745000
959.880000
959.547000
959.647000
959.633000
959.630000
958.840000
960.591000
960.591000
960.591000
960.592000
956.618000
955.738000
955.738000
963.458000
960.513000
966.390000
956.888000
956.888000
956.927000
979.827000
956.707000
961.454000
960.563000
960.593000
960.591000
960.612000
966.614000
966.599000
966.593000
966.592000
968.888000
959.137000
958.889000
960.158000
969.897000
955.746000
955.738000
955.745000
955.746000
960.515000
963.681000
963.455000
963.466000
963.523000
971.860000
972.270000
960.533000
960.565000
960.788000
960.685000
960.546000
960.534000
960.532000
960.533000
960.535000
960.546000
960.578000
960.535000
960.547000
960.546000
960.554000
960.552000
960.911000
960.806000
961.646000
963.456000
960.683000
956.707000
960.619000
959.550000
959.551000
973.131000
976.051000
976.052000
976.055000
976.535000
974.180000
970.613000
960.767000
973.618000
960.537000
960.753000
960.605000
960.754000
960.753000
960.485000
960.784000
960.563000
960.771000
960.622000
972.903000
972.833000
960.305000
956.596000
956.596000
956.589000
956.581000
956.600000
956.585000
956.635000
956.596000
956.565000
956.569000
956.572000
958.718000
958.715000
958.718000
956.584000
956.584000
956.584000
956.581000
956.579000
956.579000
956.587000
956.568000
956.567000
956.566000
956.575000
956.569000
956.570000
956.573000
956.630000
956.600000
956.625000
956.589000
956.614000
956.598000
956.589000
956.589000
956.589000
956.568000
956.568000
956.585000
956.628000
956.716000
956.684000
957.081000
956.596000
957.334000
956.603000
956.614000
956.633000
956.608000
956.636000
956.724000
957.117000
957.334000
958.534000
958.755000
958.755000
958.843000
958.844000
958.724000
958.816000
958.850000
958.909000
959.457000
959.892000
960.335000
959.329000
960.620000
959.920000
962.057000
960.395000
961.783000
962.414000
963.456000
970.567000
960.594000
960.603000
960.667000
960.728000
960.749000
960.319000
959.168000
959.652000
959.636000
979.822000
979.825000
975.070000
980.172000
980.355000
980.526000
978.987000
978.789000
976.058000
972.910000
972.704000
971.822000
972.386000
972.271000
970.716000
969.897000
969.615000
969.678000
969.897000
980.354000
980.360000
962.319000
961.635000
960.900000
960.779000
976.060000
960.747000
970.781000
976.054000
976.052000
976.050000
975.809000
977.591000
977.225000
960.536000
960.750000
960.745000
960.753000
960.754000
960.753000
960.753000
960.771000
960.878000
960.740000
960.721000
960.689000
960.687000
960.610000
960.617000
960.622000
960.622000
960.622000
959.490000
959.567000
959.543000
959.502000
959.556000
959.552000
959.548000
959.628000
959.629000
959.628000
959.625000
959.624000
959.615000
959.612000
959.606000
959.604000
959.599000
959.599000
959.595000
959.579000
959.564000
959.550000
959.549000
960.569000
960.563000
960.563000
960.535000
960.536000
960.536000
960.536000
960.535000
960.537000
960.537000
960.537000
960.491000
960.516000
960.489000
960.484000
960.484000
960.483000
960.557000
960.562000
960.563000
960.559000
960.551000
960.546000
960.533000
960.534000
960.545000
960.550000
960.549000
960.547000
960.564000
960.576000
960.547000
960.621000
960.598000
960.605000
960.605000
960.567000
960.605000
960.605000
960.610000
960.672000
960.677000
960.719000
960.750000
960.561000
960.567000
960.604000
960.604000
960.677000
960.672000
960.779000
960.733000
960.777000
960.773000
960.772000
961.154000
961.424000
961.424000
961.424000
961.020000
961.331000
960.719000
960.719000
960.720000
960.604000
960.611000
960.604000
960.566000
960.564000
960.564000
960.573000
961.383000
960.856000
960.787000
960.772000
960.781000
960.784000
960.792000
960.730000
960.727000
960.724000
960.677000
960.717000
960.689000
960.773000
960.784000
960.789000
960.839000
960.796000
960.800000
960.784000
961.643000
961.644000
961.645000
961.805000
962.954000
963.649000
963.525000
963.477000
963.470000
963.457000
966.147000
966.631000
966.609000
966.593000
966.592000
966.213000
966.196000
966.163000
965.745000
965.732000
965.732000
965.732000
960.547000
960.559000
960.565000
960.565000
960.684000
960.720000
960.728000
960.828000
960.834000
960.823000
960.685000
960.685000
960.577000
960.574000
960.576000
960.573000
960.571000
960.567000
960.514000
960.513000
960.513000
960.513000
955.745000
956.159000
955.738000
955.740000
955.740000
955.744000
955.756000
955.771000
955.745000
955.747000
955.755000
955.747000
955.782000
955.791000
956.188000
956.213000
959.107000
956.713000
956.711000
956.892000
956.921000
956.761000
957.702000
958.527000
958.787000
959.107000
959.880000
956.584000
970.177000
961.167000
961.424000
965.732000
979.825000
960.639000
959.549000
960.081000
958.855000
958.924000
958.847000
958.847000
960.356000
976.006000
960.586000
966.591000
966.591000
962.173000
961.775000
958.851000
973.641000
971.501000
980.549000
956.572000
956.572000
956.572000
956.572000
956.572000
956.573000
956.572000
956.572000
956.572000
956.572000
956.572000
956.572000
956.572000
956.572000
956.572000
956.572000
956.572000
956.572000
956.572000
956.574000
956.573000
956.573000
956.573000
956.572000
956.574000
956.574000
956.573000
956.573000
956.575000
956.575000
956.574000
956.574000
956.573000
956.575000
956.575000
956.577000
956.573000
956.574000
956.574000
956.574000
956.573000
956.583000
956.574000
958.843000
958.840000
982.869000
965.510000
955.740000
955.745000
959.892000
959.647000
958.839000
963.458000
966.390000
956.889000
956.707000
960.604000
966.599000
958.849000
960.512000
971.860000
960.532000
960.788000
960.531000
960.544000
960.551000
959.550000
973.126000
960.605000
960.754000
960.485000
960.304000
956.596000
956.579000
956.567000
956.589000
956.589000
956.596000
956.613000
956.611000
956.568000
960.616000
963.514000
959.750000
959.636000
979.813000
979.822000
972.909000
969.897000
968.888000
980.171000
961.635000
960.620000
976.050000
960.753000
960.622000
959.548000
960.562000
960.537000
960.483000
960.535000
960.534000
960.878000
960.787000
960.773000
960.965000
960.784000
961.642000
963.477000
963.456000
963.467000
963.522000
966.591000
966.593000
965.732000
960.565000
960.515000
960.514000
960.513000
955.743000
956.159000
955.747000
956.760000
957.702000
958.756000
959.232000
959.880000
972.385000
978.789000
979.825000
958.924000
958.847000
966.591000
966.591000
956.572000
956.572000
956.572000
956.574000
981.682000
956.159000
962.730000
580
1102716.82000
957328.190000
983.00000
983.00000
1
2
3
4
5
6
7
8
9
10
11
12
13
14
15
16
17
18
19
20
21
22
23
24
25
26
27
28
29
30
31
32
33
34
35
36
37
38
39
40
41
42
43
44
45
46
47
48
49
50
51
52
53
54
55
56
57
58
59
60
61
62
63
64
65
66
67
68
69
70
71
72
73
74
75
76
77
78
79
80
81
82
83
84
85
86
87
88
89
90
91
92
93
94
95
96
97
98
99
100
101
102
103
104
105
106
107
108
109
110
111
112
113
114
115
116
117
118
119
120
121
122
123
124
125
126
127
128
129
130
131
132
133
134
135
136
137
138
139
140
141
142
143
144
145
146
147
148
149
150
151
152
153
154
155
156
157
158
159
160
161
162
163
164
165
166
167
168
169
170
171
172
173
174
175
176
177
178
179
180
181
182
183
184
185
186
187
188
189
190
191
192
193
194
195
196
197
198
199
200
201
202
203
204
205
206
207
208
209
210
211
212
213
214
215
216
217
218
219
220
221
222
223
224
225
226
227
228
229
230
231
232
233
234
235
236
237
238
239
240
241
242
243
244
245
246
247
248
249
250
251
252
253
254
255
256
257
258
259
260
261
262
263
264
265
266
267
268
269
270
271
272
273
274
275
276
277
278
279
280
281
282
283
284
285
286
287
288
289
290
291
292
293
294
295
296
297
298
299
300
301
302
303
304
305
306
307
308
309
310
311
312
313
314
315
316
317
318
319
320
321
322
323
324
325
326
327
328
329
330
331
332
333
334
335
336
337
338
339
340
341
342
343
344
345
346
347
348
349
350
351
352
353
354
355
356
357
358
359
360
361
362
363
364
365
366
367
368
369
370
371
372
373
374
375
376
377
378
379
380
381
382
383
384
385
386
387
388
389
390
391
392
393
394
395
396
397
398
399
400
401
402
403
404
405
406
407
408
409
410
411
412
413
414
415
416
417
418
419
420
421
422
423
424
425
426
427
428
429
430
431
432
433
434
435
436
437
438
439
440
441
442
443
444
445
446
447
448
449
450
451
452
453
454
455
456
457
458
459
460
461
462
463
464
465
466
467
468
469
470
471
472
473
474
475
476
477
478
479
480
481
482
483
484
485
486
487
488
489
490
491
492
493
494
495
496
497
498
499
500
501
502
503
504
505
506
507
508
509
510
511
512
513
514
515
516
517
518
519
520
521
522
523
524
525
526
527
528
529
530
531
532
533
534
535
536
537
538
539
540
541
542
543
544
545
546
547
548
549
550
551
552
553
554
555
556
557
558
559
560
561
562
563
564
565
566
567
568
569
570
571
572
573
574
575
576
577
578
579
580
581
582
583
584
585
586
587
588
589
590
591
592
593
594
595
596
597
598
599
600
601
602
603
604
605
606
607
608
609
610
611
612
613
614
615
616
617
618
619
620
621
622
623
624
625
626
627
628
629
630
631
632
633
634
635
636
637
638
639
640
641
642
643
644
645
646
647
648
649
650
651
652
653
654
656
59
3
392
233
162
176
72
580
486
9
485
477
476
475
470
475
474
473
472
471
470
461
469
469
467
466
468
467
466
461
107
465
464
463
463
462
461
460
459
458
457
456
456
455
442
452
453
450
454
453
452
451
450
449
448
447
446
445
444
443
442
441
581
440
439
438
437
436
25
435
435
434
433
432
206
431
430
427
430
429
428
428
427
426
425
425
424
174
423
188
422
421
193
420
419
418
417
4
233
35
416
415
413
415
414
413
22
412
412
411
410
409
408
408
407
406
405
404
403
402
400
401
400
399
398
397
396
2
395
39
41
394
393
392
391
390
389
387
388
387
43
386
385
384
383
382
381
380
379
53
343
378
377
376
375
374
373
372
371
370
369
62
57
67
366
368
367
366
365
1
364
363
362
361
360
19
33
360
31
359
358
357
353
355
356
354
356
17
355
354
353
352
44
351
350
349
348
347
346
52
332
345
344
68
343
342
340
341
340
339
70
335
338
337
304
336
335
334
330
333
332
331
330
329
310
329
328
66
327
286
326
51
324
325
324
323
322
321
320
319
318
317
316
315
25
314
313
312
311
310
309
308
306
307
298
306
296
227
305
304
302
303
302
301
275
300
223
299
298
297
296
295
294
293
293
291
292
291
290
228
289
288
287
286
285
284
283
282
54
281
280
55
56
279
278
58
63
277
65
276
275
274
26
91
257
273
272
271
270
270
269
267
268
267
266
265
264
264
263
215
262
261
260
259
258
257
256
255
73
254
253
252
251
250
249
248
247
246
245
244
243
242
241
240
239
238
238
237
236
235
234
235
234
233
232
232
231
231
230
229
228
227
226
225
225
224
223
90
222
221
220
85
219
218
217
216
88
205
87
215
214
213
212
211
210
209
80
208
203
207
206
205
204
203
92
202
201
200
184
34
199
198
197
196
38
195
48
194
193
95
83
192
49
191
190
190
75
189
188
187
186
185
184
23
183
181
182
181
180
7
180
6
179
178
37
177
167
176
175
174
173
172
171
170
169
168
167
166
96
165
161
534
163
36
162
161
160
159
154
158
155
157
156
155
154
134
153
152
151
150
149
148
147
146
144
145
144
143
142
98
141
140
139
138
137
136
135
134
133
133
132
131
130
113
129
128
127
99
101
126
14
103
125
104
124
123
106
122
121
119
105
120
119
118
118
117
116
115
115
114
113
112
111
102
107
110
109
108
107
106
105
104
103
102
14
101
100
99
98
97
96
95
83
94
93
92
91
90
89
89
88
87
86
85
84
524
83
82
81
80
78
79
78
77
76
75
74
73
72
71
70
69
68
67
66
65
64
63
62
61
60
59
58
57
56
55
54
53
52
51
50
49
48
47
46
45
44
43
42
42
41
40
39
18
38
37
36
35
34
33
30
32
31
30
29
28
27
26
25
24
23
22
21
20
20
19
18
17
16
15
14
13
12
10
11
10
9
8
7
6
5
4
3
2
484
483
482
481
480
479
478
464
201
534
487
43
39
582
567
176
166
232
487
485
486
154
483
477
470
476
477
473
484
471
476
472
579
467
482
466
461
474
481
480
479
465
463
462
464
478
469
460
442
444
457
459
578
449
459
452
453
450
577
576
455
456
457
454
444
446
462
447
448
445
445
443
186
441
208
440
427
436
202
437
575
574
435
373
79
214
167
573
430
429
438
163
572
36
525
254
239
29
523
571
570
367
314
569
207
203
112
568
417
4
567
415
566
565
414
413
22
412
408
564
410
496
71
409
406
416
405
562
562
404
403
563
397
401
400
404
398
2
395
394
402
3
41
394
562
561
560
390
559
18
388
558
287
386
385
382
384
60
379
373
60
53
343
343
377
376
375
374
371
557
369
62
57
50
52
556
422
366
365
1
488
1
364
363
434
555
362
554
33
32
31
30
358
553
552
551
550
17
355
354
353
352
44
351
350
68
348
347
549
548
332
344
378
345
547
547
345
546
342
341
70
321
340
335
70
337
319
336
335
334
330
346
332
331
545
339
310
329
67
66
381
286
326
51
324
370
324
323
322
322
374
319
318
315
306
327
312
421
25
312
330
310
309
308
306
307
304
305
296
304
302
320
302
301
275
300
277
544
223
299
298
297
296
510
294
303
295
291
293
291
290
72
228
59
433
286
283
282
285
287
54
543
61
55
50
369
542
58
63
277
64
325
275
274
26
91
257
541
89
271
272
270
269
263
268
540
266
84
273
264
263
215
262
261
260
539
258
257
73
254
253
252
251
249
249
248
247
246
245
244
243
8
244
242
242
538
74
425
238
235
234
525
255
237
236
205
288
232
537
231
228
256
229
227
298
226
225
311
223
90
220
536
218
82
219
225
217
216
87
88
289
213
201
432
535
77
210
439
419
420
534
432
204
203
533
205
583
441
185
532
531
530
197
34
199
196
38
195
48
194
193
95
195
192
49
529
94
190
188
187
441
185
184
23
423
189
528
181
527
526
180
6
179
525
35
178
37
177
175
174
424
498
173
81
524
170
169
168
169
523
96
165
491
491
428
431
162
161
160
429
438
159
493
157
152
155
522
152
151
150
149
148
147
521
521
520
147
145
144
150
519
98
149
140
148
138
131
136
135
518
131
133
146
126
130
111
127
125
517
99
101
126
14
103
125
104
124
134
106
116
516
121
105
120
122
119
99
117
515
116
115
114
113
112
111
118
156
110
110
102
123
124
141
139
128
137
143
114
132
97
514
513
191
75
191
230
227
292
224
269
512
218
511
510
221
265
171
183
222
208
212
206
214
209
76
211
509
255
508
164
24
338
356
349
333
328
507
65
278
284
281
383
506
279
56
505
280
283
380
504
372
503
194
502
353
355
356
357
387
396
397
399
393
391
501
198
426
500
416
358
361
359
360
499
19
498
13
172
276
316
497
182
411
496
21
410
495
389
494
40
16
129
172
28
12
28
11
493
7
241
492
425
491
490
489
471
111
468
473
472
475
474
468
583
164
581
76.20
76.20
76.20
76.20
76.20
76.20
76.20
152.40
76.20
76.20
76.20
76.20
76.20
76.20
76.20
76.20
76.20
76.20
76.20
76.20
76.20
76.20
76.20
76.20
76.20
76.20
76.20
76.20
76.20
76.20
76.20
76.20
76.20
76.20
76.20
76.20
76.20
76.20
76.20
76.20
76.20
76.20
76.20
76.20
76.20
76.20
76.20
76.20
76.20
76.20
76.20
76.20
76.20
76.20
76.20
76.20
76.20
76.20
76.20
76.20
76.20
76.20
203.20
101.60
101.60
76.20
76.20
76.20
76.20
76.20
76.20
76.20
76.20
203.20
76.20
76.20
76.20
76.20
76.20
76.20
76.20
76.20
76.20
76.20
76.20
76.20
76.20
76.20
76.20
76.20
76.20
76.20
76.20
76.20
76.20
76.20
76.20
76.20
76.20
76.20
76.20
76.20
76.20
76.20
76.20
76.20
76.20
76.20
76.20
76.20
76.20
76.20
76.20
76.20
76.20
76.20
76.20
76.20
76.20
76.20
76.20
76.20
76.20
76.20
76.20
76.20
76.20
76.20
76.20
76.20
76.20
76.20
76.20
76.20
76.20
76.20
76.20
76.20
76.20
76.20
76.20
76.20
76.20
76.20
76.20
76.20
76.20
76.20
76.20
76.20
76.20
76.20
76.20
76.20
76.20
76.20
76.20
76.20
76.20
76.20
76.20
76.20
76.20
76.20
76.20
76.20
76.20
76.20
76.20
76.20
76.20
76.20
76.20
76.20
76.20
76.20
76.20
76.20
76.20
76.20
76.20
76.20
76.20
76.20
76.20
76.20
76.20
76.20
76.20
76.20
76.20
76.20
76.20
76.20
76.20
76.20
76.20
76.20
76.20
76.20
76.20
76.20
76.20
101.60
76.20
76.20
76.20
76.20
76.20
76.20
76.20
76.20
76.20
76.20
76.20
76.20
76.20
76.20
76.20
76.20
76.20
76.20
76.20
76.20
76.20
76.20
76.20
76.20
76.20
76.20
76.20
76.20
76.20
76.20
76.20
76.20
76.20
76.20
76.20
76.20
76.20
76.20
76.20
76.20
76.20
76.20
76.20
76.20
76.20
76.20
76.20
76.20
76.20
76.20
76.20
76.20
76.20
76.20
76.20
76.20
76.20
76.20
76.20
76.20
76.20
76.20
76.20
76.20
76.20
76.20
76.20
76.20
76.20
76.20
76.20
76.20
76.20
76.20
76.20
76.20
76.20
76.20
76.20
76.20
76.20
76.20
76.20
76.20
76.20
76.20
76.20
76.20
76.20
76.20
76.20
76.20
76.20
76.20
76.20
76.20
76.20
76.20
76.20
76.20
76.20
76.20
76.20
76.20
76.20
76.20
76.20
76.20
76.20
76.20
76.20
76.20
76.20
76.20
76.20
76.20
76.20
76.20
76.20
76.20
76.20
76.20
76.20
76.20
76.20
76.20
76.20
76.20
76.20
76.20
76.20
76.20
76.20
76.20
76.20
76.20
76.20
76.20
76.20
76.20
76.20
76.20
76.20
76.20
76.20
76.20
76.20
76.20
76.20
76.20
76.20
76.20
76.20
76.20
76.20
76.20
76.20
76.20
76.20
76.20
76.20
76.20
76.20
76.20
76.20
76.20
76.20
76.20
76.20
76.20
76.20
76.20
76.20
76.20
76.20
76.20
152.40
76.20
152.40
76.20
76.20
76.20
152.40
76.20
76.20
76.20
76.20
76.20
76.20
76.20
76.20
76.20
152.40
76.20
76.20
76.20
76.20
101.60
152.40
76.20
76.20
76.20
76.20
76.20
101.60
101.60
101.60
76.20
76.20
76.20
76.20
76.20
76.20
101.60
152.40
76.20
76.20
76.20
76.20
76.20
76.20
76.20
76.20
76.20
76.20
76.20
76.20
76.20
76.20
76.20
76.20
76.20
76.20
76.20
76.20
76.20
76.20
76.20
152.40
152.40
152.40
76.20
101.60
76.20
76.20
76.20
76.20
76.20
76.20
76.20
76.20
76.20
101.60
101.60
76.20
76.20
101.60
76.20
76.20
76.20
76.20
76.20
76.20
76.20
76.20
101.60
76.20
76.20
76.20
76.20
76.20
76.20
76.20
76.20
76.20
76.20
76.20
76.20
76.20
76.20
76.20
76.20
76.20
76.20
76.20
76.20
76.20
76.20
76.20
76.20
76.20
76.20
76.20
76.20
76.20
76.20
76.20
76.20
76.20
76.20
76.20
76.20
76.20
76.20
76.20
76.20
76.20
76.20
76.20
76.20
76.20
76.20
76.20
76.20
76.20
76.20
76.20
76.20
76.20
76.20
76.20
76.20
76.20
76.20
76.20
76.20
76.20
76.20
76.20
76.20
76.20
76.20
76.20
76.20
76.20
76.20
76.20
76.20
76.20
76.20
76.20
76.20
76.20
76.20
76.20
76.20
76.20
76.20
76.20
76.20
76.20
101.60
76.20
76.20
101.60
101.60
76.20
76.20
76.20
76.20
76.20
76.20
76.20
76.20
76.20
76.20
76.20
76.20
76.20
76.20
76.20
76.20
76.20
76.20
76.20
76.20
76.20
76.20
76.20
76.20
76.20
76.20
76.20
76.20
76.20
76.20
76.20
76.20
76.20
76.20
76.20
76.20
76.20
76.20
76.20
76.20
76.20
76.20
76.20
76.20
76.20
76.20
76.20
76.20
76.20
76.20
76.20
76.20
76.20
76.20
76.20
76.20
76.20
76.20
76.20
76.20
76.20
76.20
76.20
76.20
76.20
76.20
76.20
76.20
76.20
76.20
76.20
76.20
76.20
76.20
76.20
76.20
76.20
76.20
76.20
76.20
76.20
76.20
76.20
76.20
76.20
76.20
76.20
76.20
76.20
76.20
76.20
76.20
76.20
76.20
152.40
89.250000
14.390000
255.230000
57.450000
152.560000
69.480000
3.470000
2.480000
9.210000
3.090000
2.570000
29.160000
27.880000
27.850000
58.680000
58.720000
27.850000
31.220000
58.670000
35.830000
35.870000
14.660000
27.840000
10.050000
37.060000
69.420000
58.700000
10.420000
10.070000
8.770000
6.400000
29.060000
36.810000
59.540000
110.420000
104.100000
66.500000
11.190000
46.470000
6.850000
8.720000
6.210000
103.590000
10.520000
40.400000
40.780000
40.060000
7.590000
3.890000
192.170000
108.010000
15.020000
93.280000
11.070000
38.910000
29.640000
22.770000
11.040000
44.560000
10.820000
230.580000
9.670000
71.380000
9.730000
28.930000
29.480000
11.440000
4.200000
9.210000
63.240000
105.550000
19.500000
82.370000
172.880000
170.300000
16.880000
9.730000
193.880000
2.450000
163.120000
177.070000
6.370000
57.280000
65.050000
53.480000
63.250000
136.000000
11.980000
40.080000
6.530000
21.870000
3.860000
6.370000
40.190000
212.580000
5.530000
9.640000
16.600000
192.080000
22.670000
21.560000
269.550000
6.530000
21.540000
69.710000
73.810000
26.320000
8.410000
130.170000
52.220000
38.760000
91.250000
19.140000
115.490000
6.680000
6.930000
7.680000
140.580000
15.240000
147.090000
6.370000
9.410000
85.180000
45.410000
30.530000
24.310000
93.490000
35.380000
12.230000
13.240000
3.010000
59.850000
95.390000
50.030000
89.190000
60.000000
6.230000
6.530000
37.960000
8.910000
69.010000
29.400000
6.930000
1.790000
3.030000
2.080000
26.840000
6.780000
83.040000
93.250000
71.320000
8.740000
4.370000
4.410000
89.160000
7.940000
28.600000
3.730000
9.920000
41.350000
0.860000
90.880000
0.840000
111.490000
6.530000
118.510000
8.780000
203.480000
21.780000
613.840000
247.040000
19.690000
9.880000
60.600000
5.400000
100.240000
64.600000
2.450000
33.660000
22.000000
4.020000
13.520000
68.620000
67.140000
52.740000
6.210000
5.180000
53.240000
6.930000
46.840000
46.170000
11.050000
38.660000
63.220000
8.890000
27.650000
31.250000
71.290000
26.260000
66.550000
74.660000
13.010000
19.830000
164.770000
9.140000
12.150000
6.390000
6.220000
11.950000
9.350000
83.700000
75.400000
15.150000
89.210000
12.320000
44.320000
22.050000
10.440000
86.590000
53.740000
17.280000
17.800000
88.640000
6.530000
82.920000
11.710000
49.470000
78.470000
82.700000
64.420000
22.640000
65.420000
14.100000
12.340000
15.950000
8.870000
84.330000
9.010000
97.600000
4.470000
65.200000
27.580000
7.920000
70.070000
11.780000
5.720000
3.240000
9.530000
8.630000
84.080000
14.410000
74.560000
10.690000
20.520000
71.240000
89.900000
72.390000
90.110000
20.640000
93.960000
10.790000
11.270000
77.560000
11.150000
10.880000
57.810000
8.890000
24.230000
95.240000
71.810000
15.260000
81.760000
8.250000
5.460000
67.110000
10.030000
79.460000
14.890000
13.440000
79.770000
21.500000
84.150000
2.150000
8.270000
23.290000
96.370000
2.050000
26.910000
88.670000
7.860000
31.070000
6.230000
38.720000
4.520000
86.580000
33.500000
81.930000
28.880000
37.050000
43.950000
101.130000
15.960000
70.450000
2.580000
91.400000
13.970000
37.650000
46.870000
38.900000
35.340000
46.970000
3.760000
17.860000
32.780000
7.450000
3.150000
7.270000
57.790000
15.560000
2.800000
7.450000
5.670000
9.070000
75.270000
21.820000
10.580000
12.730000
22.030000
3.970000
52.300000
37.190000
38.380000
8.340000
3.100000
12.820000
5.140000
14.090000
6.500000
19.440000
3.870000
36.800000
28.820000
8.280000
2.290000
24.750000
7.090000
38.080000
11.190000
42.900000
46.950000
97.880000
41.840000
27.870000
16.330000
87.560000
6.780000
14.820000
6.210000
8.200000
9.960000
76.780000
82.260000
3.520000
92.250000
81.740000
104.700000
89.130000
94.920000
71.670000
1.420000
7.450000
11.980000
77.030000
10.530000
71.400000
9.290000
7.250000
88.730000
5.620000
71.800000
26.260000
10.280000
14.940000
23.850000
9.410000
59.620000
40.840000
15.050000
43.820000
12.530000
10.230000
13.770000
75.970000
26.290000
7.210000
11.800000
7.650000
121.020000
98.090000
7.110000
56.450000
3.560000
232.000000
54.260000
7.790000
13.330000
39.620000
14.190000
13.060000
50.540000
62.650000
150.850000
61.010000
60.990000
39.940000
1.970000
57.340000
116.120000
44.830000
18.080000
97.390000
169.290000
510.550000
311.150000
12.310000
6.210000
13.770000
427.240000
3.100000
5.580000
24.600000
8.490000
155.830000
7.930000
203.980000
8.090000
3.820000
3.200000
9.090000
107.070000
8.940000
49.060000
8.960000
11.260000
201.870000
17.620000
140.470000
18.800000
73.980000
137.880000
10.340000
79.040000
234.360000
16.460000
9.290000
55.510000
87.960000
110.810000
110.450000
231.660000
13.180000
92.580000
368.960000
5.850000
6.240000
56.540000
11.040000
14.640000
82.620000
52.270000
98.210000
69.060000
69.550000
9.270000
6.530000
8.380000
70.130000
44.360000
10.680000
70.280000
42.440000
10.070000
111.600000
10.340000
113.740000
12.970000
360.160000
14.300000
9.820000
7.560000
47.620000
58.350000
10.980000
107.850000
107.920000
95.810000
12.700000
4.140000
67.790000
16.350000
53.390000
96.470000
3.010000
53.180000
43.010000
39.280000
68.060000
9.220000
16.040000
6.360000
319.480000
31.330000
8.550000
51.600000
13.320000
11.060000
49.760000
6.210000
8.940000
50.200000
87.870000
48.930000
4.980000
98.640000
59.000000
59.700000
146.020000
8.790000
148.380000
12.470000
62.340000
13.760000
14.540000
12.620000
13.110000
15.340000
6.650000
14.030000
10.520000
6.370000
56.670000
144.590000
81.310000
59.060000
13.270000
85.230000
11.100000
17.960000
45.890000
18.130000
5.430000
9.780000
8.470000
1.650000
3.150000
240.980000
18.070000
26.540000
5.740000
22.030000
39.090000
3.480000
9.660000
58.050000
121.930000
30.000000
40.610000
12.850000
18.270000
23.260000
70.080000
45.930000
14.210000
26.410000
34.710000
85.510000
50.240000
4.280000
9.760000
76.230000
3.030000
89.600000
80.560000
63.450000
45.150000
23.600000
9.760000
11.500000
7.030000
8.850000
58.820000
148.110000
8.640000
59.620000
54.930000
42.130000
70.190000
37.290000
8.270000
61.890000
23.040000
11.830000
8.550000
68.040000
3.560000
14.710000
67.970000
1.970000
36.750000
30.190000
9.510000
3.920000
69.340000
107.820000
41.620000
13.000000
42.530000
24.700000
31.170000
35.000000
13.060000
10.860000
90.690000
39.450000
91.530000
30.000000
8.030000
7.620000
9.000000
141.640000
11.890000
40.000000
36.400000
63.000000
63.000000
36.400000
0.980000
28.540000
32.760000
22.430000
36.990000
4.510000
8.200000
24.300000
5.900000
8.830000
26.850000
85.210000
26.930000
28.640000
3.090000
106.350000
0.001000
29.340000
90.360000
26.7750000
4.3170000
76.5690000
17.2350000
45.7680000
20.8440000
1.0410000
0.7440000
2.7630000
0.9270000
0.7710000
8.7480000
8.3640000
8.3550000
17.6040000
17.6160000
8.3550000
9.3660000
17.6010000
10.7490000
10.7610000
4.3980000
8.3520000
3.0150000
11.1180000
20.8260000
17.6100000
3.1260000
3.0210000
2.6310000
1.9200000
8.7180000
11.0430000
17.8620000
33.1260000
31.2300000
19.9500000
3.3570000
13.9410000
2.0550000
2.6160000
1.8630000
31.0770000
3.1560000
12.1200000
12.2340000
12.0180000
2.2770000
1.1670000
57.6510000
32.4030000
4.5060000
27.9840000
3.3210000
11.6730000
8.8920000
6.8310000
3.3120000
13.3680000
3.2460000
69.1740000
2.9010000
21.4140000
2.9190000
8.6790000
8.8440000
3.4320000
1.2600000
2.7630000
18.9720000
31.6650000
5.8500000
24.7110000
51.8640000
51.0900000
5.0640000
2.9190000
58.1640000
0.7350000
48.9360000
53.1210000
1.9110000
17.1840000
19.5150000
16.0440000
18.9750000
40.8000000
3.5940000
12.0240000
1.9590000
6.5610000
1.1580000
1.9110000
12.0570000
63.7740000
1.6590000
2.8920000
4.9800000
57.6240000
6.8010000
6.4680000
80.8650000
1.9590000
6.4620000
20.9130000
22.1430000
7.8960000
2.5230000
39.0510000
15.6660000
11.6280000
27.3750000
5.7420000
34.6470000
2.0040000
2.0790000
2.3040000
42.1740000
4.5720000
44.1270000
1.9110000
2.8230000
25.5540000
13.6230000
9.1590000
7.2930000
28.0470000
10.6140000
3.6690000
3.9720000
0.9030000
17.9550000
28.6170000
15.0090000
26.7570000
18.0000000
1.8690000
1.9590000
11.3880000
2.6730000
20.7030000
8.8200000
2.0790000
0.5370000
0.9090000
0.6240000
8.0520000
2.0340000
24.9120000
27.9750000
21.3960000
2.6220000
1.3110000
1.3230000
26.7480000
2.3820000
8.5800000
1.1190000
2.9760000
12.4050000
0.2580000
27.2640000
0.2520000
33.4470000
1.9590000
35.5530000
2.6340000
61.0440000
6.5340000
184.1520000
74.1120000
5.9070000
2.9640000
18.1800000
1.6200000
30.0720000
19.3800000
0.7350000
10.0980000
6.6000000
1.2060000
4.0560000
20.5860000
20.1420000
15.8220000
1.8630000
1.5540000
15.9720000
2.0790000
14.0520000
13.8510000
3.3150000
11.5980000
18.9660000
2.6670000
8.2950000
9.3750000
21.3870000
7.8780000
19.9650000
22.3980000
3.9030000
5.9490000
49.4310000
2.7420000
3.6450000
1.9170000
1.8660000
3.5850000
2.8050000
25.1100000
22.6200000
4.5450000
26.7630000
3.6960000
13.2960000
6.6150000
3.1320000
25.9770000
16.1220000
5.1840000
5.3400000
26.5920000
1.9590000
24.8760000
3.5130000
14.8410000
23.5410000
24.8100000
19.3260000
6.7920000
19.6260000
4.2300000
3.7020000
4.7850000
2.6610000
25.2990000
2.7030000
29.2800000
1.3410000
19.5600000
8.2740000
47.5200000
21.0210000
3.5340000
1.7160000
0.9720000
2.8590000
51.7800000
25.2240000
4.3230000
22.3680000
3.2070000
123.1200000
21.3720000
26.9700000
21.7170000
27.0330000
123.8400000
28.1880000
3.2370000
67.6200000
23.2680000
3.3450000
3.2640000
17.3430000
2.6670000
145.3800000
28.5720000
21.5430000
4.5780000
24.5280000
2.4750000
1.6380000
20.1330000
3.0090000
23.8380000
4.4670000
80.6400000
23.9310000
6.4500000
25.2450000
0.6450000
2.4810000
6.9870000
28.9110000
0.6150000
8.0730000
26.6010000
2.3580000
9.3210000
1.8690000
11.6160000
1.3560000
25.9740000
10.0500000
24.5790000
8.6640000
11.1150000
13.1850000
30.3390000
95.7600000
21.1350000
0.7740000
27.4200000
4.1910000
11.2950000
14.0610000
11.6700000
10.6020000
14.0910000
1.1280000
5.3580000
9.8340000
2.2350000
0.9450000
2.1810000
17.3370000
4.6680000
0.8400000
2.2350000
1.7010000
2.7210000
22.5810000
6.5460000
3.1740000
3.8190000
6.6090000
1.1910000
15.6900000
11.1570000
11.5140000
2.5020000
0.9300000
3.8460000
1.5420000
4.2270000
1.9500000
5.8320000
1.1610000
11.0400000
8.6460000
2.4840000
0.6870000
7.4250000
2.1270000
11.4240000
3.3570000
12.8700000
14.0850000
29.3640000
12.5520000
8.3610000
4.8990000
26.2680000
2.0340000
4.4460000
1.8630000
2.4600000
2.9880000
23.0340000
24.6780000
1.0560000
27.6750000
24.5220000
31.4100000
26.7390000
28.4760000
21.5010000
0.4260000
2.2350000
3.5940000
23.1090000
3.1590000
21.4200000
2.7870000
2.1750000
26.6190000
1.6860000
21.5400000
7.8780000
3.0840000
4.4820000
7.1550000
2.8230000
17.8860000
12.2520000
4.5150000
13.1460000
3.7590000
3.0690000
4.1310000
22.7910000
7.8870000
2.1630000
3.5400000
2.2950000
36.3060000
29.4270000
2.1330000
16.9350000
1.0680000
69.6000000
16.2780000
2.3370000
3.9990000
11.8860000
4.2570000
3.9180000
15.1620000
18.7950000
45.2550000
18.3030000
18.2970000
11.9820000
0.5910000
17.2020000
34.8360000
13.4490000
5.4240000
29.2170000
50.7870000
153.1650000
93.3450000
3.6930000
1.8630000
4.1310000
128.1720000
0.9300000
1.6740000
7.3800000
2.5470000
46.7490000
2.3790000
61.1940000
2.4270000
1.1460000
0.9600000
2.7270000
32.1210000
2.6820000
14.7180000
2.6880000
3.3780000
60.5610000
5.2860000
42.1410000
5.6400000
22.1940000
41.3640000
3.1020000
23.7120000
70.3080000
4.9380000
2.7870000
16.6530000
26.3880000
33.2430000
33.1350000
69.4980000
3.9540000
27.7740000
110.6880000
1.7550000
1.8720000
16.9620000
3.3120000
4.3920000
24.7860000
15.6810000
29.4630000
20.7180000
20.8650000
2.7810000
1.9590000
2.5140000
21.0390000
13.3080000
3.2040000
21.0840000
12.7320000
3.0210000
33.4800000
3.1020000
34.1220000
3.8910000
108.0480000
4.2900000
2.9460000
2.2680000
14.2860000
17.5050000
3.2940000
32.3550000
32.3760000
28.7430000
3.8100000
1.2420000
20.3370000
4.9050000
16.0170000
28.9410000
0.9030000
15.9540000
12.9030000
11.7840000
20.4180000
2.7660000
4.8120000
1.9080000
95.8440000
9.3990000
2.5650000
15.4800000
3.9960000
3.3180000
14.9280000
1.8630000
2.6820000
15.0600000
26.3610000
14.6790000
1.4940000
29.5920000
17.7000000
17.9100000
43.8060000
2.6370000
44.5140000
3.7410000
18.7020000
4.1280000
4.3620000
3.7860000
3.9330000
4.6020000
1.9950000
4.2090000
3.1560000
1.9110000
17.0010000
43.3770000
24.3930000
17.7180000
3.9810000
25.5690000
3.3300000
107.7600000
13.7670000
5.4390000
1.6290000
2.9340000
2.5410000
0.4950000
0.9450000
72.2940000
5.4210000
7.9620000
1.7220000
6.6090000
11.7270000
1.0440000
2.8980000
17.4150000
36.5790000
9.0000000
12.1830000
3.8550000
5.4810000
6.9780000
21.0240000
13.7790000
4.2630000
7.9230000
10.4130000
25.6530000
15.0720000
1.2840000
2.9280000
22.8690000
0.9090000
26.8800000
24.1680000
19.0350000
13.5450000
7.0800000
2.9280000
3.4500000
2.1090000
2.6550000
17.6460000
44.4330000
2.5920000
17.8860000
16.4790000
12.6390000
21.0570000
11.1870000
2.4810000
18.5670000
6.9120000
3.5490000
2.5650000
20.4120000
1.0680000
4.4130000
20.3910000
0.5910000
11.0250000
9.0570000
2.8530000
1.1760000
20.8020000
32.3460000
12.4860000
3.9000000
12.7590000
7.4100000
9.3510000
10.5000000
3.9180000
3.2580000
27.2070000
11.8350000
27.4590000
9.0000000
2.4090000
2.2860000
2.7000000
42.4920000
3.5670000
12.0000000
10.9200000
18.9000000
18.9000000
10.9200000
0.2940000
8.5620000
9.8280000
6.7290000
11.0970000
1.3530000
2.4600000
7.2900000
1.7700000
2.6490000
8.0550000
25.5630000
8.0790000
8.5920000
0.9270000
31.9050000
0.0000000
0.0000000
0.0000000
0.431000
-0.141000
0.000000
1.730000
-1.323000
-3.696000
-0.690000
29.431000
-0.364000
-0.364000
-0.364000
-0.316000
-0.173000
0.012000
-0.057000
-0.142000
-0.073000
-0.100000
-0.016000
-0.116000
0.069000
0.000000
-0.059000
0.004000
-0.052000
0.001000
-0.026000
-0.021000
-0.085000
-0.130000
-0.062000
-0.062000
0.014000
-0.016000
-0.046000
-0.036000
0.108000
0.090000
-0.003000
0.000000
-0.001000
0.000000
-0.003000
-0.002000
-0.004000
-0.001000
0.001000
0.000000
0.000000
-0.002000
-0.003000
0.000000
0.000000
-0.003000
-0.022000
-0.033000
-0.022000
-0.022000
-0.007000
-0.014000
-0.004000
1.261000
29.431000
14.437000
14.438000
-0.269000
-5.106000
-5.106000
-5.106000
0.000000
0.000000
0.001000
-0.852000
-12.670000
-2.165000
-1.214000
0.005000
0.163000
0.065000
-0.126000
-1.208000
0.000000
-0.576000
1.849000
-0.120000
0.064000
0.316000
1.684000
0.000000
0.169000
-0.073000
-0.012000
0.016000
2.711000
5.506000
0.000000
0.000000
0.020000
-1.133000
-1.674000
3.261000
0.238000
0.012000
2.922000
2.894000
2.718000
2.073000
1.972000
0.045000
0.559000
0.194000
0.155000
0.228000
1.697000
0.000000
1.563000
1.563000
-1.299000
-0.562000
-0.351000
0.000000
-0.263000
-0.214000
-0.144000
-0.613000
-0.590000
0.159000
0.004000
-0.011000
-0.273000
-0.132000
-0.201000
-0.115000
-0.070000
0.128000
0.000000
0.036000
0.018000
0.109000
0.134000
0.030000
0.624000
0.632000
0.632000
0.633000
0.633000
-0.133000
0.111000
0.055000
0.834000
1.171000
-1.064000
-0.891000
-0.890000
-0.823000
-0.796000
-0.871000
0.028000
0.022000
0.398000
0.330000
0.277000
0.031000
0.284000
0.010000
0.000000
-0.073000
-0.189000
-0.189000
0.461000
1.025000
1.026000
1.026000
0.044000
0.004000
1.051000
0.093000
0.299000
0.304000
0.499000
1.694000
-5.181000
0.158000
0.139000
0.086000
0.017000
-0.322000
-0.343000
-0.769000
-0.791000
-1.311000
-1.371000
3.695000
3.629000
3.600000
0.165000
0.121000
0.095000
0.040000
0.172000
-0.272000
-1.064000
-0.341000
3.214000
-3.132000
-0.723000
0.031000
-0.722000
-0.711000
0.613000
0.714000
-0.594000
-0.610000
-0.185000
-0.102000
0.214000
0.285000
0.404000
0.517000
0.457000
0.084000
-0.304000
-0.232000
0.006000
0.776000
0.861000
0.930000
0.905000
1.966000
-0.072000
-0.297000
-0.234000
-0.193000
-0.102000
0.426000
0.335000
0.504000
0.633000
-0.026000
0.094000
-0.050000
0.000000
1.593000
1.504000
2.039000
-0.012000
-0.012000
-1.448000
-1.420000
0.058000
0.126000
0.187000
0.220000
-0.374000
-0.313000
0.826000
-0.057000
0.298000
-0.121000
0.675000
0.034000
0.026000
0.516000
0.439000
0.340000
0.300000
0.000000
-0.581000
-0.414000
-0.579000
-0.448000
-0.662000
0.000000
0.000000
0.041000
-0.562000
-0.515000
0.054000
0.031000
0.189000
-0.778000
0.249000
0.556000
-0.810000
-0.560000
-0.106000
-0.543000
-0.543000
-0.034000
-0.316000
0.055000
-0.247000
-0.172000
0.082000
-0.044000
0.014000
0.259000
0.288000
0.096000
0.227000
-0.037000
-0.074000
0.057000
0.342000
-0.039000
-0.460000
0.061000
-0.108000
-0.039000
0.105000
0.229000
0.560000
-0.805000
-0.665000
0.078000
0.078000
0.079000
-0.433000
-0.284000
0.522000
-0.142000
-0.136000
-0.136000
-0.072000
0.044000
0.045000
0.509000
-0.143000
-0.196000
-0.373000
-0.482000
-0.482000
-0.482000
0.000000
-0.483000
-0.483000
-0.483000
-0.509000
-0.509000
-0.255000
-0.256000
0.254000
0.254000
0.000000
0.040000
0.208000
0.211000
0.440000
-0.749000
-0.535000
-1.085000
-0.271000
0.460000
-0.672000
-1.060000
0.315000
-0.001000
0.000000
-0.001000
0.648000
0.556000
0.709000
0.422000
0.075000
0.465000
0.305000
-1.420000
-0.769000
-0.307000
0.000000
0.000000
0.000000
-0.289000
-0.210000
0.436000
0.494000
0.494000
0.394000
0.285000
-0.711000
-14.844000
-14.844000
-14.438000
0.010000
0.080000
0.134000
14.438000
5.506000
2.741000
2.664000
1.889000
-2.473000
-2.601000
0.016000
-0.850000
-5.106000
-19.952000
-0.035000
0.038000
0.000000
0.000000
6.876000
6.876000
0.000000
0.001000
6.877000
4.631000
4.632000
4.775000
4.791000
5.743000
2.247000
2.247000
2.212000
0.111000
1.485000
1.596000
-7.971000
-8.217000
-8.217000
1.046000
0.808000
0.625000
0.052000
-7.910000
0.014000
0.300000
0.110000
0.000000
-0.511000
-0.511000
-0.560000
-0.602000
1.623000
1.804000
3.806000
3.806000
2.133000
2.133000
0.374000
-0.307000
-0.307000
-8.931000
-8.924000
-8.899000
-5.182000
-5.073000
-3.716000
-1.672000
-1.343000
-1.311000
2.535000
-1.239000
-1.168000
-1.213000
-2.348000
-3.531000
-3.531000
-0.130000
-0.039000
-3.531000
-0.364000
-0.364000
3.297000
-0.234000
0.006000
0.000000
3.296000
3.224000
3.224000
1.627000
0.884000
0.439000
-0.426000
0.005000
-0.411000
-0.388000
-0.347000
0.000000
0.000000
0.000000
-1.528000
-1.528000
-0.682000
-0.674000
-0.376000
-0.169000
0.077000
0.034000
-0.049000
-0.015000
-0.426000
-0.309000
-0.255000
0.382000
-0.453000
-0.453000
0.000000
0.296000
0.058000
0.424000
0.302000
-1.061000
-0.607000
-0.549000
-0.209000
0.093000
-0.078000
-0.393000
0.012000
-0.135000
0.159000
0.208000
-0.066000
0.230000
-0.279000
-0.279000
0.000000
0.114000
0.115000
0.155000
0.014000
0.014000
0.032000
0.192000
-0.225000
-0.095000
-0.036000
-0.208000
-0.187000
-0.257000
0.001000
-1.486000
-0.453000
-0.667000
-0.322000
0.000000
-0.015000
0.000000
0.000000
0.080000
0.727000
2.018000
1.485000
0.000000
0.764000
-0.453000
0.396000
-0.205000
0.000000
-0.209000
0.024000
0.000000
0.000000
0.079000
-8.931000
-7.910000
-0.289000
-8.931000
-14.438000
-0.257000
-12.670000
0.224000
0.080000
0.054000
0.275000
0.182000
0.052000
-0.088000
0.067000
-0.527000
-0.023000
0.166000
0.543000
0.986000
0.044000
0.178000
0.028000
0.028000
-0.251000
0.633000
0.071000
0.128000
0.041000
0.095000
0.062000
-0.350000
0.111000
0.000000
0.028000
0.052000
-0.035000
0.000000
-0.133000
-0.185000
-0.136000
-5.132000
0.153000
0.273000
-0.292000
-0.089000
-0.037000
0.132000
0.043000
6.876000
1.885000
0.578000
3.298000
6.875000
0.113000
0.504000
0.303000
0.068000
1.145000
0.316000
-0.132000
-0.102000
0.273000
1.618000
0.048000
0.300000
0.578000
-0.092000
0.053000
-0.161000
0.036000
0.044000
0.005000
-0.037000
0.000000
0.443000
-0.173000
-0.079000
0.000000
-0.035000
-0.035000
0.364000
-0.256000
0.255000
0.034000
-0.160000
-1.296000
0.008000
0.035000
-0.100000
-0.316000
0.004000
-0.022000
-0.085000
-0.130000
-0.046000
-0.030000
5.107000
0.128000
29.431000
