363
1
423
1
2
3
4
5
6
7
8
9
10
11
12
13
14
15
16
17
18
19
20
21
22
23
24
25
26
27
28
29
30
31
32
33
34
35
36
37
38
39
40
41
42
43
44
45
46
47
48
49
50
51
52
53
54
55
56
57
58
59
60
61
62
63
64
65
66
67
68
69
70
71
72
73
74
75
76
77
78
79
80
81
82
83
84
85
86
87
88
89
90
91
92
93
94
95
96
97
98
99
100
101
102
103
104
105
106
107
108
109
110
111
112
113
114
115
116
117
118
119
120
121
122
123
124
125
126
127
128
129
130
131
132
133
134
135
136
137
138
139
140
141
142
143
144
145
146
147
148
149
150
151
152
153
154
155
156
157
158
159
160
161
162
163
164
165
166
167
168
169
170
171
172
173
174
175
176
177
178
179
180
181
182
183
184
185
186
187
188
189
190
191
192
193
194
195
196
197
198
199
200
201
202
203
204
205
206
207
208
209
210
211
212
213
214
215
216
217
218
219
220
221
222
223
224
225
226
227
228
229
230
231
232
233
234
235
236
237
238
239
240
241
242
243
244
245
246
247
248
249
250
251
252
253
254
255
256
257
258
259
260
261
262
263
264
265
266
267
268
269
270
271
272
273
274
275
276
277
278
279
280
282
283
284
285
286
287
288
289
290
291
292
293
294
295
296
297
298
299
300
301
302
303
304
305
306
307
308
309
310
311
312
313
314
315
316
317
318
319
320
321
322
323
324
325
326
327
328
329
330
331
332
333
334
335
336
337
338
339
340
341
342
343
344
345
346
347
348
349
350
351
352
353
354
355
356
357
358
359
360
361
362
363
364
1111007.83600
1110823.39300
1110923.56800
1110814.79800
1110820.07000
1110834.47400
1110831.86200
1110821.70200
1111211.79800
1111119.06600
1111218.53600
1111252.64700
1112299.24300
1112826.83600
1112470.47200
1112297.56000
1112399.32300
1112456.22800
1112820.05800
1112804.34100
1112806.81500
1112846.17300
1112638.11000
1112561.17500
1112503.99600
1112531.13100
1112899.58700
1112815.84300
1113101.73000
1112597.43000
1112726.15500
1112766.87500
1112757.18200
1112691.60300
1112813.84500
1112814.42800
1112826.32500
1112859.06800
1112774.43100
1112826.09700
1114328.93000
1115275.10100
1114631.67200
1114254.70000
1113828.31300
1114413.90000
1114372.34200
1114850.40500
1115068.75400
1114682.62600
1114676.85600
1115076.66500
1114768.27000
1114446.40100
1115427.53500
1115712.17800
1113984.54100
1113405.14500
1113299.12300
1113970.47900
1113912.99800
1114266.29200
1112809.47200
1112744.01400
1110374.90600
1110363.98000
1110292.52300
1109976.57900
1109906.09300
1110188.36800
1109590.64200
1111825.36200
1111669.54300
1110820.83100
1110453.98000
1110369.27700
1110383.39800
1109823.21400
1110297.76500
1110116.41300
1110196.40300
1110305.83900
1110198.57600
1110141.21700
1110296.66700
1110373.08600
1110124.30400
1109887.99400
1110024.62700
1109909.03700
1110028.01700
1109978.18800
1110224.43700
1110220.46200
1110211.58100
1110138.52200
1110201.21900
1110214.13800
1110208.52700
1110302.45600
1110302.18900
1110302.12400
1110387.84700
1110792.42400
1110738.34100
1110730.40900
1110885.63700
1110980.58800
1111124.29000
1111109.18500
1111119.66400
1111045.26100
1111034.44300
1111150.76700
1111069.41800
1110934.37400
1110462.07300
1110548.91300
1110740.14700
1110651.70300
1110744.62200
1110843.28200
1111043.66700
1110639.60400
1110451.39400
1110444.55300
1110550.28600
1110561.00500
1110741.99900
1111013.85900
1111023.80300
1111105.24500
1110935.32700
1110926.01700
1110924.37400
1110915.96800
1110906.89000
1111024.99000
1111025.47400
1110692.08600
1110754.80000
1110668.53200
1110394.98300
1110574.70700
1110488.14600
1110569.23400
1110547.75700
1110547.78900
1110392.38900
1110476.02400
1110380.02100
1110558.92900
1110547.75300
1110480.93100
1110451.43700
1110469.54900
1110459.70200
1110468.32800
1110473.70200
1110479.38800
1110648.84200
1110649.35700
1110648.88800
1110648.93700
1110687.99700
1110734.99400
1110691.59400
1110647.48100
1110668.23600
1110485.37600
1110860.26500
1110968.14700
1110946.37000
1110863.08800
1110749.37900
1110853.65100
1110747.70900
1110852.33900
1111056.25400
1110939.51900
1110937.72000
1111046.22900
1110950.92900
1111036.16800
1110957.46500
1111066.93200
1110945.65100
1110874.57400
1110890.84600
1110765.58400
1110767.58300
1110759.29700
1110760.71900
1110774.06000
1110880.31900
1110881.74700
1110767.28200
1110763.80200
1110740.36900
1110742.75600
1110942.57600
1110882.10100
1110877.64600
1110952.38700
1110954.45500
1111533.81200
1111401.31700
1111391.37100
1111246.05800
1111132.19300
1111498.89400
1111516.12200
1111401.54200
1111403.61100
1111217.50600
1111315.52800
1111411.77700
1111300.72100
1111209.21900
1111203.92100
1111214.44400
1111414.07600
1111316.32500
1111243.48100
1111222.16100
1111234.51800
1111228.46500
1111330.10800
1111406.54000
1111338.85300
1111337.74700
1111401.76400
1111524.59100
1111517.39300
1111509.10700
1111515.54300
1111528.07800
1111527.41500
1111401.82900
1111366.83800
1111168.60800
1111257.65200
1111145.45500
1111117.14500
1111140.75200
1111140.46800
1111342.18400
1111033.50300
1111453.69200
1111419.13800
1111432.45600
1111624.06500
1111621.84700
1110905.61600
1110646.07600
1110595.76800
1110692.39400
1110621.86400
1110606.37000
1110885.53600
1110795.67100
1110877.77100
1110716.60600
1110685.44700
1110681.34100
1110704.94800
1110766.96400
1110797.87000
1110887.49300
1110887.85100
1110873.96600
1110886.23700
1110885.87100
1112310.90000
1112145.93700
1112014.83900
1112120.76300
1112195.17900
1112883.42100
1112114.35400
1110488.69300
1111023.05000
1111067.72500
1111090.77200
1111064.66100
1110881.46000
1110875.36000
1110978.36300
1110941.75700
1110927.12200
1111045.77800
1111034.07200
1110470.07700
1110391.79800
1111455.20200
1112036.95300
1112708.01900
1111186.44200
1110974.03900
1110881.32200
1110822.08800
1111214.37600
1111121.35100
1111209.39300
1112076.15500
1112796.31500
1112469.23200
1113187.03400
1112750.68300
1112839.33400
1112972.94300
1113802.93500
1114720.71000
1114534.65800
1115678.23800
1112895.73800
1112896.35100
1110288.39700
1110187.89900
1109369.55900
1110823.26900
1109560.23000
1110108.39400
1109939.75900
1110388.75200
1111017.53900
1110739.47900
1111007.69500
1110943.85300
1111028.60800
1110397.81700
1110571.99800
1110451.35100
1110469.17800
1110541.31700
1110656.25100
1110734.85700
1110862.74900
1111034.71000
1110884.33500
1110881.86000
1110821.35100
1110832.48200
1110779.58500
1110771.43900
1110891.64500
1110885.02600
1111239.09400
1111486.84500
1111300.11300
1111297.56600
1111121.00400
1111199.40800
1111236.21900
1111513.24500
1111061.51000
1110681.90200
1112184.33100
1111106.52100
1110866.63800
1113462.52800
1110470.07700
1112806.99100
1000805.485000
1000796.026000
1000672.924000
1000821.548000
1000805.688000
1000952.164000
1001407.987000
1001408.442000
1001623.961000
1001634.333000
1001623.380000
1001620.438000
1000207.468000
1000240.479000
1000029.999000
1000187.041000
1000064.865000
1000039.454000
999545.866000
999593.209000
999671.654000
1000189.469000
999830.753000
999916.966000
1000007.748000
999969.085000
1000125.038000
1000467.654000
1000388.092000
1002222.459000
1002559.042000
1002408.395000
1002397.040000
1002318.200000
1002312.253000
1002315.384000
1002352.983000
1002446.429000
1002415.762000
1002537.627000
999739.434000
997823.964000
998351.021000
997787.280000
997203.924000
999382.634000
999499.360000
998690.279000
998226.372000
998422.714000
998426.614000
998230.143000
998788.341000
999138.921000
997686.306000
996718.214000
1000146.219000
1000377.594000
1000360.877000
1000157.543000
1000185.935000
999861.093000
1000463.110000
999692.036000
1001439.333000
1001439.706000
1001361.192000
1001555.254000
1001527.243000
1001380.945000
1001351.364000
1000935.096000
1001752.924000
1002697.404000
1001436.634000
1001353.818000
1001523.886000
1001479.492000
1001447.740000
1001479.486000
1001440.261000
1001528.527000
1001378.850000
1001390.622000
1001425.031000
1001413.775000
1001540.901000
1001511.472000
1001495.071000
1001514.048000
1001550.685000
1001577.741000
1001533.101000
1001605.124000
1001605.684000
1001610.286000
1001463.417000
1001534.189000
1001462.580000
1001647.139000
1001605.779000
1001595.681000
1001589.410000
1001949.857000
1002021.968000
1001930.387000
1002014.403000
1001958.323000
1001388.007000
1001284.681000
1001282.834000
1001593.216000
1001501.609000
1001671.949000
1001781.383000
1001503.677000
1001519.730000
1001513.014000
1001417.004000
1001428.482000
1001508.375000
1001506.260000
1001578.350000
1001429.012000
1001411.928000
1001347.783000
1001432.941000
1001432.456000
1001401.059000
1001300.730000
1001385.710000
1001263.843000
1001403.368000
1001404.132000
1001388.842000
1001320.291000
1001321.777000
1001395.267000
1001405.528000
1001599.569000
1001698.628000
1001722.511000
1001664.114000
1001688.546000
1001770.301000
1001512.795000
1001597.037000
1001684.278000
1001618.059000
1001659.668000
1001603.135000
1001512.849000
1001585.425000
1001599.024000
1001600.101000
1001599.439000
1001599.799000
1001588.042000
1001638.189000
1001690.782000
1001607.906000
1001510.611000
1001598.121000
1001587.571000
1001508.612000
1001508.197000
1001588.622000
1001699.607000
1001699.500000
1001776.415000
1001692.466000
1001825.760000
1001687.010000
1001598.067000
1001601.793000
1001598.430000
1001568.804000
1001586.482000
1001680.567000
1001602.060000
1001583.327000
1001603.670000
1001601.418000
1001593.363000
1001687.435000
1001775.225000
1001789.076000
1001868.898000
1001768.577000
1001817.757000
1001817.701000
1001774.589000
1001801.695000
1001810.082000
1001755.368000
1001769.497000
1001799.011000
1001940.871000
1001899.451000
1001891.820000
1001763.349000
1001965.634000
1001907.076000
1001762.357000
1001788.212000
1001654.078000
1001579.429000
1001634.479000
1001580.583000
1001495.280000
1001244.686000
1001356.255000
1001567.586000
1001481.274000
1001380.157000
1001371.995000
1001247.471000
1001255.191000
1001315.743000
1001267.981000
1001266.127000
1001216.473000
1001377.983000
1001490.120000
1001385.121000
1001490.611000
1001379.234000
1001485.368000
1001364.854000
1001572.165000
1001561.437000
1001555.940000
1001475.582000
1001234.818000
1001239.621000
1001346.245000
1001558.335000
1001547.275000
1001644.874000
1001719.745000
1001752.428000
1001654.767000
1001630.416000
1001606.198000
1001589.731000
1001578.715000
1001723.261000
1002021.400000
1001675.761000
1001666.426000
1001666.958000
1001687.490000
1001685.357000
1002164.419000
1002074.628000
1002237.010000
1002173.272000
1002150.876000
1002202.018000
1002198.923000
1002016.844000
1002045.134000
1002097.024000
1002072.895000
1002085.826000
1002011.484000
1002030.954000
1002046.782000
1002095.060000
1002044.926000
1002014.720000
1002168.443000
1002275.474000
1000195.309000
1002065.671000
1001901.540000
1002035.875000
1002120.681000
1002390.655000
1000711.520000
1001775.271000
1002033.807000
1001792.702000
1002120.165000
1002130.185000
1001957.136000
1001878.662000
1001820.534000
1001629.069000
1001630.227000
1001598.796000
1001497.853000
1001604.363000
1001607.566000
1001669.946000
1001927.970000
1002315.610000
1000797.177000
1000622.673000
1001023.397000
1001415.840000
1001653.850000
1001667.810000
1001596.065000
998832.898000
999669.999000
1000028.131000
1000356.544000
1002400.597000
1002277.294000
1002462.697000
997174.525000
998400.855000
998952.674000
996678.758000
999465.900000
999641.363000
1001322.477000
1001378.492000
1001317.004000
1002831.293000
1001394.906000
1001423.110000
1001592.813000
1001602.697000
1002038.987000
1001365.841000
1001255.517000
1001503.281000
1001385.284000
1001714.426000
1001737.478000
1001597.134000
1001659.965000
1001683.252000
1001607.885000
1001515.604000
1001590.666000
1001604.439000
1001795.096000
1001769.485000
1001774.821000
1001859.743000
1001911.412000
1001900.611000
1001775.942000
1001906.427000
1001529.344000
1001476.608000
1001193.650000
1001302.932000
1001290.120000
1001208.604000
1001484.387000
1001346.378000
1002116.625000
1002263.105000
1002122.991000
1002142.164000
1001640.143000
1001594.921000
1001604.366000
999672.119000
955.0000
960.0000
955.0000
960.0000
960.0000
960.0000
950.0000
950.0000
944.3310
945.0000
944.2400
943.7810
925.0000
918.5300
920.6920
925.0000
921.0420
920.6580
920.0000
920.0000
919.0030
917.9950
919.6590
919.9450
920.6420
920.1000
917.0920
920.0070
914.9560
930.4680
940.1060
940.1060
940.1060
940.1060
935.1730
935.1310
934.9220
937.0580
940.1060
937.5940
907.3730
909.9780
905.0000
905.0200
905.0020
907.6960
907.8760
905.0480
910.0000
905.0000
905.0000
910.0000
905.7510
908.0550
910.0000
905.3190
906.4540
913.0130
914.1260
907.0320
906.7240
907.1220
920.0070
919.4240
955.0000
955.0000
955.0000
959.1630
959.6220
955.0000
965.0000
935.0000
943.9580
959.2080
955.0000
955.0000
955.0000
961.5590
955.0000
956.3940
955.0000
955.4410
955.0000
955.0000
955.0000
955.0000
957.6320
959.5040
957.7020
959.3360
958.6970
959.2540
956.4020
957.3360
957.4140
958.0520
955.1490
956.5350
955.0530
956.8400
956.6380
956.5670
955.7680
955.0000
955.1740
955.0000
955.0000
951.9980
945.2130
945.1380
945.0000
945.8920
946.6480
945.0000
948.0930
948.8670
955.0000
952.3240
950.0000
950.1210
950.0490
950.0160
946.0300
950.1420
955.0000
953.6690
950.6680
950.3680
949.4940
946.5080
947.6650
945.0000
949.4940
949.6800
949.1670
946.8860
947.0060
947.5880
947.5250
951.6820
951.0730
953.9730
956.1370
955.0000
955.8460
951.9630
953.8730
955.0000
955.9160
955.4320
955.9270
952.1450
953.6620
955.0080
955.2760
955.1110
955.2010
955.0000
955.3340
955.5490
952.9090
951.6710
952.8050
952.6920
950.8310
950.0520
951.5790
953.9580
953.3530
955.8980
950.0000
950.8520
947.9640
950.0000
950.1950
950.0000
950.0370
950.0010
945.0220
949.0810
949.1340
945.7980
948.6640
946.0380
947.6220
948.0260
950.2030
952.5340
950.2010
952.5710
952.5330
951.3720
952.1690
952.1810
950.0000
950.2410
951.9660
955.0000
955.0000
955.0000
949.3970
954.9570
953.4020
949.1800
950.1070
941.0720
942.1680
943.3840
943.3910
945.0000
940.3050
939.9710
941.9500
940.6750
943.8700
942.6460
942.3570
942.7400
943.8330
943.5750
943.3990
941.0530
942.6150
942.4070
943.7960
942.4960
943.6580
942.0590
941.6930
943.0970
942.9740
941.7340
939.5040
940.0000
940.0000
940.0310
939.6550
939.6380
943.3390
944.8130
945.0000
944.1260
945.0000
945.0000
944.9210
944.8350
944.8100
952.6200
943.2180
943.3420
943.2480
939.8310
939.7830
955.0000
956.4230
958.3500
956.3840
957.3390
957.9390
955.2810
955.0000
955.0000
955.7790
955.8360
955.8900
955.3320
955.0390
955.0000
955.0000
955.0000
955.0000
955.0890
955.7480
925.0000
935.2400
940.0000
935.1410
935.4060
935.3470
935.0000
955.8640
953.2940
948.7970
955.0000
955.0000
954.7090
952.7560
950.6340
948.6800
949.0450
945.8420
946.6470
955.1390
955.8510
943.0610
936.2860
940.1060
951.1100
950.0000
955.1410
950.0000
944.6530
945.0000
944.0310
911.1370
919.5530
920.6590
914.8800
940.1060
931.6220
939.4320
905.0000
905.0000
908.1740
908.0090
918.6020
915.1220
955.0000
955.0000
984.5920
959.2720
968.2090
955.2660
962.3460
955.8470
953.5740
947.8990
945.4810
948.5990
947.5510
956.3480
955.0000
955.2570
955.4910
955.0000
952.7140
950.0510
950.0000
945.9770
950.8230
950.2410
950.4900
952.6270
955.0000
955.0000
950.3680
953.3720
942.8700
940.0000
940.0000
943.0600
945.0480
941.1310
942.5380
940.0740
955.0000
956.9520
935.4900
955.0000
950.0000
919.3450
955.1390
919.0030
0.14500
0.43700
0.03800
0.09900
0.00000
0.05700
0.08500
0.07600
0.00800
0.05200
0.00000
0.00500
0.05400
0.00000
0.01900
0.08900
0.10200
0.06700
0.08100
0.02900
0.03300
0.00000
0.24300
0.15800
0.00400
0.00000
0.07100
0.00000
0.00000
0.17800
0.01100
0.00500
0.00000
0.05600
0.00000
0.00500
0.01300
0.18900
0.06100
0.00000
0.00000
0.00000
0.00000
0.00000
0.00000
0.00000
0.00000
0.00000
0.00000
0.00000
0.00000
0.00000
0.00000
0.00000
0.00000
0.00000
0.00000
0.00000
0.00000
0.00000
0.00000
0.00000
0.00000
0.07100
0.02700
0.04500
0.10900
0.04600
0.02800
0.02600
0.00000
0.08900
0.02800
0.66300
0.09000
0.07300
0.09600
0.00600
0.14900
0.13600
0.06100
0.13100
0.09500
0.06600
0.07000
0.07200
0.09000
0.00000
0.13500
0.03600
0.09000
0.00000
0.07800
0.06800
0.00800
0.02300
0.02800
0.05000
0.05600
0.02200
0.08000
0.01800
0.12800
0.09000
0.00000
0.01600
0.02900
0.02000
0.12300
0.04900
0.03600
0.02900
0.04900
0.03100
0.01200
0.08500
0.07400
0.07900
0.10900
0.06500
0.10300
0.13900
0.01800
0.03900
0.04100
0.33800
0.11000
0.05700
0.01000
0.12300
0.02700
0.01400
0.05000
0.08300
0.04100
0.05600
0.01900
0.12800
0.03900
0.05100
0.14600
0.02800
0.03000
0.02900
0.00000
0.06900
0.12200
0.04700
0.01900
0.00600
0.05200
0.00000
0.06000
0.03700
0.00000
0.00000
0.00000
0.03600
0.03700
0.01700
0.06100
0.09300
0.07700
0.04800
0.13900
0.02600
0.07300
0.07200
0.03100
0.00000
0.23700
0.04900
0.06800
0.02100
0.06200
0.04600
0.05400
0.03800
0.08900
0.02100
0.00700
0.05200
0.04400
0.00000
0.02500
0.02600
0.01700
0.20200
0.03200
0.00000
0.00000
0.05700
0.02000
0.01900
0.03300
0.00000
0.00000
0.00800
0.00000
0.00000
0.02600
0.03600
0.05900
0.05400
0.03000
0.00800
0.00700
0.00900
0.02400
0.05900
0.07600
0.17200
0.05800
0.08800
0.05500
0.10400
0.04500
0.12500
0.13600
0.05200
0.03600
0.03000
0.05300
0.07000
0.00900
0.02400
0.02700
0.08900
0.03100
0.02400
0.02200
0.05800
0.00800
0.02700
0.00600
0.01700
0.08900
0.00000
0.01300
0.03500
0.05700
0.00400
0.02900
0.01200
0.02700
0.01200
0.05700
0.05200
0.02400
0.00800
0.00000
0.00200
0.03700
0.00000
0.00000
0.00000
0.01300
0.00000
0.00000
0.05600
0.03800
0.08200
0.07000
0.00000
0.00000
0.00000
0.00600
0.17000
0.16500
0.03500
0.02500
0.10100
0.13700
0.03700
0.00000
0.00400
0.00000
0.04300
0.08600
0.23200
0.00000
0.04500
0.03900
0.00600
0.31300
0.01900
0.00000
0.01900
0.02400
0.03100
0.01500
0.04900
0.02300
0.03000
0.05400
0.01200
0.02200
0.12700
0.04000
0.09700
0.01400
0.00000
0.00000
0.00000
0.00000
0.01000
0.00900
0.00000
0.00200
0.02000
0.09500
0.00000
0.00000
0.00000
0.00000
0.00700
0.06200
0.08600
0.00000
0.00000
0.24400
0.00000
0.04300
0.00000
0.00000
0.05200
0.07800
0.05200
0.08900
0.00000
0.07100
0.06400
0.00000
0.00400
0.01700
0.00000
0.00000
0.00000
0.00000
0.04500
0.00000
0.10800
0.03300
0.01600
0.00900
0.01100
0.00500
0.02500
0.04600
0.06200
0.10800
0.00000
0.01200
0.04500
0.00000
0.02100
0.00000
0.00000
0.01800
0.03100
0.00000
0.00000
0.25300
988.885000
988.911000
988.909000
988.903000
988.908000
988.900000
987.886000
987.930000
987.307000
987.362000
987.307000
987.307000
984.497000
983.896000
984.198000
984.497000
984.280000
984.214000
983.898000
983.899000
983.900000
983.896000
983.987000
984.064000
984.161000
984.119000
983.896000
983.896000
983.896000
986.445000
986.382000
986.384000
986.386000
986.402000
986.400000
986.400000
986.399000
986.373000
986.382000
986.373000
983.896000
983.896000
983.896000
983.896000
983.896000
983.896000
983.896000
983.896000
983.896000
983.896000
983.896000
983.896000
983.896000
983.896000
983.896000
983.896000
983.896000
983.896000
983.896000
983.896000
983.896000
983.896000
983.896000
983.920000
989.615000
989.616000
989.604000
989.620000
989.620000
989.609000
989.620000
986.096000
987.054000
986.711000
989.563000
989.589000
989.723000
989.620000
989.623000
989.622000
989.618000
989.682000
989.607000
989.608000
989.617000
989.606000
989.626000
989.620000
989.620000
989.620000
989.621000
989.620000
989.654000
989.685000
989.685000
989.685000
989.623000
989.651000
989.623000
989.733000
989.733000
989.726000
989.865000
988.357000
988.357000
988.357000
987.194000
987.211000
987.359000
987.358000
987.350000
987.436000
987.439000
987.362000
987.353000
987.595000
989.738000
989.398000
988.306000
988.777000
988.305000
987.877000
987.436000
988.839000
989.556000
989.538000
989.315000
989.256000
987.499000
987.434000
987.441000
987.358000
987.565000
987.579000
987.564000
987.501000
987.501000
987.442000
987.442000
988.569000
988.303000
988.532000
990.025000
989.053000
991.543000
989.269000
989.633000
989.186000
990.026000
991.009000
989.919000
989.334000
989.599000
990.283000
990.728000
990.728000
990.728000
990.585000
990.906000
991.159000
988.770000
988.778000
988.777000
988.777000
988.570000
988.349000
988.569000
988.713000
988.563000
991.568000
987.770000
987.415000
987.555000
987.819000
988.304000
987.847000
988.304000
987.851000
987.419000
987.593000
987.594000
987.438000
987.576000
987.436000
987.541000
987.364000
987.445000
987.413000
987.469000
988.365000
988.365000
988.346000
988.376000
988.366000
987.444000
987.444000
988.367000
988.357000
988.359000
988.360000
987.469000
987.235000
987.339000
987.469000
987.445000
987.193000
987.223000
987.256000
987.307000
987.361000
987.100000
987.160000
987.223000
987.223000
987.289000
987.238000
987.181000
987.235000
987.287000
987.287000
987.281000
987.181000
987.238000
987.286000
987.237000
987.291000
987.283000
987.247000
987.202000
987.253000
987.252000
987.223000
987.179000
987.069000
987.091000
987.154000
987.193000
987.191000
987.222000
987.263000
987.318000
987.308000
987.362000
987.362000
987.362000
987.362000
987.269000
987.201000
987.225000
987.248000
987.240000
987.104000
987.106000
987.114000
988.356000
988.356000
988.356000
988.356000
988.356000
987.098000
987.184000
987.181000
988.356000
988.356000
988.356000
988.357000
988.357000
987.182000
987.163000
987.181000
987.192000
987.114000
987.026000
984.475000
986.708000
986.830000
986.731000
986.662000
986.398000
985.343000
991.562000
987.192000
987.345000
987.140000
987.128000
987.250000
987.394000
987.410000
987.579000
987.579000
987.439000
987.444000
990.743000
990.026000
987.221000
986.809000
986.401000
988.882000
988.909000
988.899000
987.930000
987.307000
987.362000
987.307000
984.497000
983.903000
984.198000
983.896000
986.386000
986.399000
986.372000
983.896000
983.896000
983.896000
983.896000
983.898000
983.899000
989.604000
989.609000
989.620000
986.701000
989.620000
989.622000
989.620000
989.898000
987.192000
987.499000
987.434000
987.579000
987.441000
990.025000
989.052000
990.728000
990.025000
989.186000
988.770000
988.349000
987.819000
987.438000
987.444000
987.469000
988.346000
988.365000
988.359000
988.359000
987.469000
987.339000
987.307000
987.223000
987.235000
987.286000
987.350000
987.287000
987.237000
987.154000
987.114000
988.356000
986.669000
987.140000
987.579000
987.104000
990.743000
983.900000
281
1110487.4900
1001778.5270
991.7000
991.7000
1
2
3
4
5
6
7
8
9
10
11
12
13
14
15
16
17
18
19
20
21
22
23
24
25
26
27
28
29
30
31
32
33
34
35
36
37
38
39
40
41
42
43
44
45
46
47
48
49
50
51
52
53
54
55
56
57
58
59
60
61
62
63
64
65
66
67
68
69
70
71
72
73
74
75
76
77
78
79
80
81
82
83
84
85
86
87
88
89
90
91
92
93
94
95
96
97
98
99
100
101
102
103
104
105
106
107
108
109
110
111
112
113
114
115
116
117
118
119
120
121
122
123
124
125
126
127
128
129
130
131
132
133
134
135
136
137
138
139
140
141
142
143
144
145
146
147
148
149
150
151
152
153
154
155
156
157
158
159
160
161
162
163
164
165
166
167
168
169
170
171
172
173
174
175
176
177
178
179
180
181
182
183
184
185
186
187
188
189
190
191
192
193
194
195
196
197
198
199
200
201
202
203
204
205
206
207
208
209
210
211
212
213
214
215
216
217
218
219
220
221
222
223
224
225
226
227
228
229
230
231
232
233
234
235
236
237
238
239
240
241
242
243
244
245
246
247
248
249
250
251
252
253
254
255
256
257
258
259
260
261
262
263
264
265
266
267
268
269
270
271
272
273
274
275
276
277
278
279
280
281
282
283
284
285
286
287
288
289
290
291
292
293
294
295
296
297
298
299
300
301
302
303
304
305
306
307
308
309
310
311
312
313
314
315
316
317
318
319
320
321
322
323
324
325
326
327
328
329
330
331
332
333
334
335
336
337
338
339
340
341
342
343
344
345
346
347
348
349
350
351
352
353
354
355
356
357
358
359
360
361
362
363
364
365
366
367
368
369
370
371
372
373
374
375
376
377
378
379
380
381
382
383
384
385
386
387
388
389
390
391
392
393
394
395
396
397
398
399
400
401
402
403
404
405
406
407
408
409
410
411
412
413
414
415
416
417
418
419
420
421
422
423
4
1
2
3
4
2
5
6
7
8
9
10
11
9
12
13
14
15
16
17
18
19
20
21
22
23
24
25
15
26
27
28
29
30
31
32
33
34
33
35
36
37
38
39
40
41
42
43
44
45
46
47
48
49
50
50
51
52
49
53
54
53
55
56
57
58
59
60
61
62
63
23
64
19
21
364
59
39
65
66
67
68
69
70
71
8
72
73
74
75
76
77
78
71
79
80
81
82
65
83
84
70
76
67
79
85
86
87
80
88
89
90
89
68
91
92
93
94
95
96
87
87
97
98
97
98
99
94
100
101
101
102
103
82
77
104
105
106
107
108
109
110
111
112
113
114
115
116
117
118
119
120
121
122
123
124
75
125
126
127
128
129
120
119
130
131
132
110
130
133
134
122
7
134
135
136
137
116
113
131
138
139
138
140
121
141
142
143
144
145
146
147
144
148
149
150
151
117
118
152
153
154
155
156
157
158
156
147
159
155
143
148
160
161
140
162
162
163
161
163
164
165
166
166
167
168
169
169
141
171
172
173
173
174
175
176
175
177
178
176
174
171
179
180
181
182
182
112
180
183
184
179
185
186
187
188
188
189
190
191
192
193
192
194
194
195
196
197
198
199
200
106
200
199
201
202
189
203
203
204
205
204
205
206
207
208
209
209
210
211
212
213
214
215
216
217
218
219
218
219
220
111
220
221
222
217
223
216
224
225
226
109
215
227
210
226
228
229
223
229
213
230
231
228
214
232
230
233
234
235
212
236
236
237
238
239
240
208
115
241
208
242
243
244
12
245
10
246
245
242
247
248
249
250
251
252
253
254
255
256
257
258
258
259
260
261
262
263
264
265
266
267
266
268
260
269
269
270
271
270
270
272
272
273
274
16
275
276
278
34
279
280
170
281
137
170
282
248
283
284
283
285
286
287
288
289
290
291
290
292
293
293
294
294
295
151
252
296
297
298
275
363
21
6
299
3
300
1
5
4
301
8
302
303
304
9
305
11
280
63
18
306
274
17
20
21
307
14
24
26
15
308
25
22
29
309
278
39
33
34
30
310
311
35
36
312
32
38
47
55
44
45
313
54
46
51
314
43
314
50
42
52
315
315
48
56
316
62
61
58
57
60
41
28
64
307
317
318
27
309
38
66
79
319
69
90
320
321
119
234
276
322
65
126
117
71
323
99
324
70
79
77
67
70
83
86
76
85
67
65
91
89
78
90
88
91
92
68
325
82
98
94
95
80
98
80
93
81
97
97
101
101
151
102
82
326
77
103
267
198
266
202
327
138
109
110
245
210
179
186
181
75
127
121
162
122
178
113
128
125
126
2
75
127
328
124
120
136
130
110
130
329
134
116
116
122
7
134
135
136
330
293
331
133
138
131
175
177
169
193
332
333
160
162
163
148
147
143
159
295
118
152
146
118
147
157
154
156
117
158
153
363
334
335
336
150
168
167
164
165
140
337
161
163
166
121
338
165
144
142
168
192
188
289
204
171
180
141
171
176
175
176
174
339
141
182
290
180
292
340
123
183
292
112
185
173
179
341
172
288
342
200
190
343
197
197
191
344
196
341
194
104
345
346
198
199
106
189
108
347
287
348
201
187
205
172
237
239
230
230
349
246
217
229
237
350
219
218
229
351
352
221
220
111
353
354
220
217
218
225
227
228
355
215
210
109
215
226
224
223
214
216
216
207
213
228
214
232
213
231
212
235
211
236
235
356
238
233
296
250
250
241
247
242
12
114
10
209
243
243
245
209
114
240
284
296
251
249
73
252
357
265
358
258
259
255
256
273
271
268
257
265
263
264
105
105
261
286
327
272
262
107
107
269
254
260
74
13
13
359
297
359
298
37
72
281
282
328
145
145
283
285
115
327
360
285
202
203
186
291
361
173
112
139
330
295
156
149
326
362
253
277
36
277
294
364
76.200
76.200
76.200
76.200
76.200
76.200
76.200
76.200
76.200
76.200
76.200
76.200
76.200
76.200
76.200
76.200
76.200
76.200
76.200
76.200
76.200
76.200
76.200
76.200
76.200
76.200
76.200
76.200
76.200
76.200
76.200
76.200
76.200
76.200
76.200
76.200
76.200
76.200
76.200
76.200
76.200
76.200
76.200
76.200
76.200
76.200
76.200
76.200
76.200
76.200
76.200
76.200
76.200
76.200
76.200
76.200
76.200
76.200
76.200
76.200
76.200
76.200
76.200
76.200
76.200
76.200
76.200
76.200
76.200
76.200
76.200
76.200
76.200
76.200
76.200
76.200
76.200
76.200
76.200
76.200
76.200
76.200
76.200
76.200
76.200
76.200
76.200
76.200
76.200
76.200
76.200
76.200
76.200
76.200
76.200
76.200
76.200
76.200
76.200
76.200
76.200
76.200
76.200
76.200
76.200
76.200
76.200
76.200
76.200
76.200
76.200
76.200
76.200
76.200
76.200
76.200
76.200
76.200
76.200
76.200
76.200
76.200
76.200
76.200
76.200
76.200
76.200
76.200
76.200
76.200
76.200
76.200
76.200
76.200
76.200
76.200
76.200
76.200
76.200
76.200
76.200
76.200
76.200
76.200
76.200
76.200
76.200
76.200
76.200
76.200
76.200
76.200
76.200
76.200
76.200
76.200
76.200
76.200
76.200
76.200
76.200
76.200
76.200
76.200
76.200
76.200
76.200
76.200
76.200
76.200
76.200
76.200
76.200
76.200
76.200
76.200
76.200
76.200
76.200
76.200
76.200
76.200
76.200
76.200
76.200
76.200
76.200
76.200
76.200
152.400
76.200
76.200
76.200
76.200
76.200
152.400
76.200
76.200
76.200
76.200
76.200
101.600
76.200
76.200
76.200
76.200
76.200
76.200
152.400
76.200
76.200
76.200
152.400
76.200
76.200
76.200
76.200
76.200
76.200
76.200
76.200
76.200
76.200
76.200
76.200
76.200
76.200
76.200
76.200
76.200
76.200
76.200
76.200
76.200
76.200
76.200
76.200
76.200
76.200
76.200
76.200
76.200
76.200
76.200
76.200
76.200
76.200
76.200
76.200
76.200
76.200
76.200
76.200
76.200
76.200
76.200
76.200
76.200
76.200
76.200
76.200
76.200
76.200
76.200
76.200
76.200
76.200
76.200
76.200
76.200
76.200
76.200
76.200
76.200
76.200
76.200
76.200
76.200
76.200
76.200
76.200
76.200
76.200
76.200
76.200
76.200
76.200
76.200
76.200
76.200
76.200
76.200
76.200
76.200
76.200
76.200
76.200
76.200
76.200
76.200
76.200
76.200
76.200
76.200
76.200
76.200
76.200
76.200
76.200
76.200
76.200
76.200
76.200
76.200
76.200
76.200
76.200
76.200
76.200
76.200
76.200
76.200
76.200
76.200
76.200
76.200
76.200
76.200
76.200
76.200
76.200
76.200
76.200
76.200
76.200
76.200
76.200
76.200
76.200
76.200
76.200
76.200
76.200
76.200
76.200
76.200
76.200
76.200
76.200
76.200
76.200
76.200
76.200
76.200
76.200
76.200
76.200
76.200
76.200
76.200
76.200
76.200
76.200
76.200
76.200
76.200
76.200
76.200
76.200
76.200
76.200
76.200
76.200
76.200
76.200
76.200
76.200
76.200
76.200
76.200
76.200
76.200
76.200
76.200
76.200
76.200
76.200
76.200
76.200
76.200
76.200
76.200
152.400
76.200
76.200
152.400
76.200
76.200
76.200
76.200
76.200
76.200
76.200
76.200
76.200
76.200
76.200
76.200
76.200
76.200
76.200
76.200
76.200
152.400
76.200
76.200
76.200
76.200
76.200
76.200
76.200
76.200
76.200
132.090000
178.841000
158.790000
71.397000
193.770000
10.217000
16.713000
85.396000
10.170000
7.408000
30.002000
33.555000
6.764000
28.001000
34.241000
536.985000
223.312000
17.096000
1372.194000
157.639000
62.322000
49.884000
78.490000
10.644000
54.555000
115.550000
60.159000
40.236000
2.242000
47.238000
83.697000
296.795000
90.951000
414.957000
151.194000
14.930000
102.549000
134.639000
7.409000
43.410000
3.185000
39.437000
115.056000
10.553000
96.977000
243.968000
205.392000
678.168000
722.572000
38.837000
245.871000
123.903000
315.656000
389.364000
87.956000
43.911000
6.964000
452.060000
8.764000
285.632000
206.100000
127.917000
1009.082000
52.115000
400.850000
542.851000
107.338000
18.064000
64.111000
136.837000
7.825000
174.523000
56.754000
110.109000
94.601000
462.291000
112.175000
90.073000
10.932000
66.701000
38.934000
75.849000
13.522000
2.497000
224.593000
82.003000
429.771000
375.941000
133.911000
79.120000
75.529000
78.785000
265.553000
53.208000
90.464000
56.955000
59.858000
81.191000
84.978000
95.592000
48.134000
10.421000
60.078000
77.107000
22.736000
63.973000
25.623000
96.789000
93.109000
72.273000
117.149000
21.201000
55.726000
22.545000
51.643000
41.395000
81.536000
71.221000
8.899000
73.207000
61.932000
90.091000
86.324000
10.357000
23.652000
71.955000
7.356000
81.733000
41.361000
77.880000
10.098000
67.266000
13.318000
77.699000
65.679000
85.000000
85.000000
85.001000
48.897000
88.739000
99.593000
104.424000
10.641000
95.560000
97.969000
94.905000
6.641000
79.721000
83.489000
80.102000
91.481000
82.177000
98.683000
80.732000
77.296000
78.675000
24.841000
64.522000
669.325000
96.474000
10.734000
35.344000
12.111000
89.186000
99.827000
85.568000
21.208000
96.677000
45.643000
9.343000
99.898000
91.136000
98.934000
94.234000
15.387000
69.102000
9.200000
9.491000
3.774000
4.825000
90.048000
10.273000
9.631000
57.355000
60.508000
86.598000
121.539000
50.392000
49.007000
80.000000
80.153000
101.142000
27.254000
87.248000
46.129000
21.604000
12.583000
87.140000
10.019000
10.307000
72.433000
66.865000
8.271000
11.390000
9.854000
68.598000
11.463000
11.614000
34.017000
2.968000
74.314000
6.553000
31.296000
91.717000
10.959000
76.968000
38.701000
43.237000
7.412000
9.786000
10.551000
47.005000
9.630000
7.408000
80.094000
73.617000
23.021000
20.764000
76.095000
177.029000
11.477000
75.597000
86.302000
76.541000
96.991000
94.268000
104.326000
33.032000
12.020000
9.444000
7.409000
105.650000
77.552000
27.105000
18.819000
4.895000
11.546000
14.952000
11.436000
94.927000
9.095000
99.062000
11.108000
95.306000
61.614000
103.052000
9.798000
9.032000
77.539000
2.000000
62.061000
7.094000
25.701000
10.006000
76.678000
14.203000
25.736000
12.983000
29.999000
41.000000
30.000000
35.000000
7.996000
32.500000
52.000000
98.802000
7.410000
50.222000
7.409000
9.863000
8.847000
25.954000
39.973000
95.925000
65.457000
81.494000
93.177000
51.713000
83.845000
87.186000
109.932000
126.894000
83.367000
64.945000
117.739000
117.502000
61.605000
89.274000
86.970000
48.056000
85.568000
7.408000
59.598000
10.687000
31.110000
111.325000
94.442000
87.369000
86.758000
100.264000
111.765000
107.564000
93.556000
11.000000
102.462000
8.977000
108.267000
116.461000
6.041000
91.297000
11.847000
62.866000
76.457000
73.630000
74.696000
11.650000
10.786000
119.628000
9.577000
11.404000
10.027000
106.818000
2.302000
11.080000
71.749000
58.969000
74.702000
42.328000
103.376000
176.010000
135.251000
34.694000
41.871000
28.201000
40.398000
40.956000
26.678000
11.020000
105.714000
108.261000
24.903000
231.276000
6.010000
13.329000
22.988000
79.793000
3.078000
163.056000
37.004000
90.011000
74.007000
53.441000
80.005000
36.565000
76.553000
78.324000
79.918000
80.002000
13.567000
37.000000
64.435000
30.001000
35.000000
30.019000
191.861000
141.627000
73.394000
10.082000
11.675000
30.603000
50.135000
19.793000
30.489000
426.928000
16.844000
20.496000
68.991000
34.661000
11.092000
16.619000
68.406000
365.380000
35.926000
36.004000
173.115000
6.712000
5.000000
16.237000
109.758000
11.467000
7.568000
27.055000
27.968000
8.526000
28.513000
99.520000
14.685000
61.299000
58.129000
5.604000
92.729000
90.403000
78.348000
4.952000
10.510000
8.742000
1840.906000
167.388000
136.634000
106.525000
39.007000
0.003000
0.497000
0.00
0.00
0.00
0.00
0.00
0.00
0.00
0.00
0.00
0.00
0.00
0.00
0.00
0.00
0.00
0.00
0.00
0.00
0.00
0.00
0.00
0.00
0.00
0.00
0.00
0.00
0.00
0.00
0.00
0.00
0.00
0.00
0.00
0.00
0.00
0.00
0.00
0.00
0.00
0.00
0.00
0.00
0.00
0.00
0.00
0.00
0.00
0.00
0.00
0.00
0.00
0.00
0.00
0.00
0.00
0.00
0.00
0.00
0.00
0.00
0.00
0.00
0.00
0.00
0.00
0.00
0.00
0.00
0.00
0.00
0.00
0.00
0.00
0.00
0.00
0.00
0.00
0.00
0.00
0.00
0.00
0.00
0.00
0.00
0.00
0.00
0.00
0.00
0.00
0.00
0.00
0.00
0.00
0.00
0.00
0.00
0.00
0.00
0.00
0.00
0.00
0.00
0.00
0.00
0.00
0.00
0.00
0.00
0.00
0.00
0.00
0.00
0.00
0.00
0.00
0.00
0.00
0.00
0.00
0.00
0.00
0.00
0.00
0.00
0.00
0.00
0.00
0.00
0.00
0.00
0.00
0.00
0.00
0.00
0.00
0.00
0.00
0.00
0.00
0.00
0.00
0.00
0.00
0.00
0.00
0.00
0.00
0.00
0.00
0.00
0.00
0.00
0.00
0.00
0.00
0.00
0.00
0.00
0.00
0.00
0.00
0.00
0.00
0.00
0.00
0.00
0.00
0.00
0.00
0.00
0.00
0.00
0.00
0.00
0.00
0.00
0.00
0.00
0.00
0.00
0.00
0.00
0.00
0.00
0.00
0.00
0.00
0.00
0.00
0.00
0.00
0.00
0.00
0.00
0.00
0.00
0.00
0.00
0.00
0.00
0.00
0.00
0.00
0.00
0.00
0.00
0.00
0.00
0.00
0.00
0.00
0.00
0.00
0.00
0.00
0.00
0.00
0.00
0.00
0.00
0.00
0.00
0.00
0.00
0.00
0.00
0.00
0.00
0.00
0.00
0.00
0.00
0.00
0.00
0.00
0.00
0.00
0.00
0.00
0.00
0.00
0.00
0.00
0.00
0.00
0.00
0.00
0.00
0.00
0.00
0.00
0.00
0.00
0.00
0.00
0.00
0.00
0.00
0.00
0.00
0.00
0.00
0.00
0.00
0.00
0.00
0.00
0.00
0.00
0.00
0.00
0.00
0.00
0.00
0.00
0.00
0.00
0.00
0.00
0.00
0.00
0.00
0.00
0.00
0.00
0.00
0.00
0.00
0.00
0.00
0.00
0.00
0.00
0.00
0.00
0.00
0.00
0.00
0.00
0.00
0.00
0.00
0.00
0.00
0.00
0.00
0.00
0.00
0.00
0.00
0.00
0.00
0.00
0.00
0.00
0.00
0.00
0.00
0.00
0.00
0.00
0.00
0.00
0.00
0.00
0.00
0.00
0.00
0.00
0.00
0.00
0.00
0.00
0.00
0.00
0.00
0.00
0.00
0.00
0.00
0.00
0.00
0.00
0.00
0.00
0.00
0.00
0.00
0.00
0.00
0.00
0.00
0.00
0.00
0.00
0.00
0.00
0.00
0.00
0.00
0.00
0.00
0.00
0.00
0.00
0.00
0.00
0.00
0.00
0.00
0.00
0.00
0.00
0.00
0.00
0.00
0.00
0.00
0.00
0.00
0.00
0.00
0.00
0.00
0.00
0.00
0.00
0.00
0.00
0.00
0.00
0.00
0.00
0.00
0.00
0.00
0.00
0.00
0.00
0.00
0.00
0.00
0.00
0.00
0.00
0.00
0.00
0.00
0.00
0.00
0.00
0.00
0.00
0.00
0.00
0.00
0.00
0.00
0.00
0.00
0.00
0.00
0.00
0.15000
0.13000
0.08000
0.04000
0.27000
0.52000
0.52000
0.10000
-2.47000
0.01000
0.00000
0.00000
0.01000
0.00000
0.01000
-1.40000
0.00000
-1.05000
0.00000
-1.22000
-1.12000
-0.09000
-0.12000
-0.54000
0.00000
-0.86000
-1.02000
-1.02000
0.01000
-1.02000
0.00000
0.00000
0.00000
-0.74000
-0.01000
-0.36000
-0.36000
-0.57000
0.00000
0.02000
0.02000
-0.10000
0.10000
-0.36000
0.00000
0.00000
0.00000
0.00000
0.00000
0.00000
0.00000
0.00000
0.00000
0.00000
0.00000
0.00000
0.00000
0.00000
0.00000
0.00000
0.00000
0.00000
0.00000
0.00000
0.00000
0.00000
0.00000
0.00000
0.00000
0.00000
0.00000
0.62000
0.55000
0.01000
0.06000
0.07000
0.00000
0.28000
-0.23000
-0.28000
0.09000
0.03000
0.01000
0.00000
0.00000
-2.56000
-1.72000
0.80000
0.24000
-0.85000
0.86000
-0.41000
0.00000
0.00000
-0.02000
0.04000
0.37000
0.90000
-1.24000
0.19000
-0.07000
0.28000
-0.52000
0.42000
0.49000
0.42000
-0.59000
0.21000
0.13000
0.01000
0.04000
0.01000
-0.04000
0.00000
0.08000
0.00000
-0.58000
0.70000
-0.03000
-0.02000
0.22000
-0.52000
0.09000
-0.50000
0.43000
0.63000
-0.08000
-0.80000
-0.02000
-1.77000
0.87000
0.85000
-1.80000
-0.75000
-1.67000
0.00000
-0.01000
0.08000
-0.98000
0.45000
-0.97000
-0.06000
-0.94000
0.93000
0.95000
-0.81000
-1.45000
0.14000
1.65000
1.10000
0.10000
-0.10000
2.48000
0.57000
-0.19000
-2.78000
0.55000
0.51000
1.04000
-1.85000
-2.84000
-0.01000
-2.74000
-2.78000
-0.86000
0.25000
-0.01000
-0.94000
0.05000
-1.34000
-0.38000
2.05000
0.27000
-2.12000
-1.06000
-1.02000
-0.11000
1.45000
-1.19000
0.00000
-1.29000
0.09000
0.28000
2.58000
0.09000
-2.02000
1.25000
0.07000
0.06000
16.87000
3.02000
3.62000
-2.66000
-2.73000
0.11000
16.85000
-3.63000
2.34000
3.09000
3.09000
1.93000
8.46000
0.00000
8.50000
0.00000
4.47000
4.51000
1.99000
16.81000
0.00000
0.00000
0.02000
16.85000
0.82000
0.01000
0.03000
2.80000
2.64000
0.00000
0.88000
-0.02000
2.60000
2.57000
0.00000
-0.06000
-2.57000
1.27000
-3.32000
-0.78000
1.61000
0.71000
1.16000
-1.82000
2.00000
0.05000
0.96000
2.50000
0.04000
0.53000
2.02000
0.00000
-2.71000
-0.47000
0.74000
0.14000
-0.52000
0.00000
-0.17000
1.37000
1.33000
0.00000
-1.21000
-1.24000
-0.79000
0.08000
-0.16000
1.57000
0.00000
0.23000
0.23000
0.11000
1.23000
-0.95000
0.23000
0.03000
-0.03000
-0.03000
0.28000
0.09000
0.02000
0.01000
0.11000
0.22000
0.20000
0.04000
0.47000
0.01000
1.50000
0.00000
0.07000
0.10000
1.04000
0.91000
-0.01000
0.12000
0.19000
0.79000
0.02000
-0.11000
-1.03000
-0.62000
0.48000
0.05000
0.19000
0.15000
-0.39000
0.06000
0.11000
-0.75000
-0.06000
-0.90000
0.00000
0.01000
-0.78000
-0.03000
-0.71000
0.05000
-0.74000
0.68000
0.05000
0.10000
-0.13000
-0.91000
-0.77000
0.87000
0.75000
0.26000
-0.41000
0.15000
-0.63000
0.13000
0.70000
0.23000
0.56000
0.02000
-0.04000
0.25000
0.37000
-1.75000
-0.96000
0.81000
0.80000
0.00000
0.38000
0.38000
0.11000
0.43000
0.42000
0.58000
0.52000
-0.62000
0.11000
-0.05000
-0.01000
0.09000
0.04000
-0.06000
-0.12000
0.74000
-0.73000
0.46000
-0.82000
0.81000
0.84000
0.84000
0.83000
0.83000
0.02000
-0.01000
0.00000
-0.01000
0.00000
-0.01000
0.00000
1.04000
-0.28000
-0.08000
0.00000
0.08000
0.07000
0.08000
-0.01000
-0.01000
-0.25000
-0.36000
-0.43000
0.86000
0.01000
-0.31000
-0.64000
0.60000
0.02000
0.74000
0.91000
-1.26000
-0.09000
0.79000
0.80000
-0.79000
0.15000
-0.09000
-1.63000
-14.55000
2.32000
0.09000
14.55000
2.32000
0.77000
0.70000
-0.86000
0.03000
0.02000
-0.68000
1.48000
1.57000
0.69000
0.06000
0.03000
0.65000
0.79000
0.13000
-1.36000
3.78000
13.00000
0.12000
1.80000
0.00000
0.87000
0.79000
0.12000
-0.79000
16.81000
0.32000
