31
1
34
1
2
3
4
5
6
7
8
9
10
11
12
13
14
15
16
17
18
19
20
21
22
23
24
25
26
27
28
29
30
31
500.0
500.0
650.0
800.0
900.0
900.0
900.0
900.0
800.0
800.0
800.0
700.0
700.0
600.0
500.0
500.0
500.0
500.0
300.0
300.0
300.0
200.0
200.0
200.0
300.0
400.0
100.0
0.0
0.0
0.0
100.0
100.0
200.0
200.0
200.0
200.0
270.0
320.0
400.0
400.0
450.0
500.0
500.0
400.0
400.0
400.0
350.0
300.0
250.0
200.0
100.0
0.0
200.0
300.0
400.0
400.0
400.0
200.0
200.0
300.0
400.0
400.0
0.0
0.0
0.0
0.0
0.0
0.0
0.0
0.0
0.0
0.0
0.0
0.0
0.0
0.0
0.0
0.0
0.0
0.0
0.0
0.0
0.0
0.0
0.0
0.0
0.0
0.0
0.0
0.0
0.0
0.0
0.0
247.22222222222200
236.11111111111100
36.11111111111110
201.38888888888900
279.16666666666700
375.00000000000000
152.77777777777800
145.83333333333300
145.83333333333300
138.88888888888900
155.55555555555600
261.11111111111100
170.83333333333300
77.77777777777780
86.11111111111110
240.27777777777800
373.61111111111100
16.66666666666670
354.16666666666700
258.33333333333300
134.72222222222200
290.27777777777800
227.77777777777800
47.22222222222220
250.00000000000000
102.77777777777800
80.55555555555560
100.00000000000000
100.00000000000000
29.16666666666670
223.61111111111100
97.95500
72.60700
69.60800
65.89900
62.03500
61.14900
57.06500
53.89200
47.21700
43.92900
38.00900
30.67700
35.66700
35.51000
36.28700
48.25700
62.15500
66.31000
67.54500
47.94100
44.25100
59.03500
31.53700
31.26500
32.91300
34.21500
51.42300
44.53400
35.91600
34.68800
30.05300
32
500
0
100
100
1
2
3
4
5
6
7
8
9
10
11
12
13
14
15
16
17
18
19
20
21
22
23
24
25
26
27
28
29
30
31
32
33
34
32
1
2
3
4
5
6
7
8
9
10
11
9
13
14
15
16
17
2
2
19
20
19
22
23
24
25
15
22
27
28
29
30
24
1
2
3
4
5
6
7
8
9
10
11
12
13
14
15
16
17
18
18
19
20
21
22
23
24
25
26
26
27
28
29
30
31
31
1016.00
1016.00
1016.00
1016.00
1016.00
1016.00
762.00
762.00
609.60
609.60
508.00
508.00
304.80
304.80
304.80
609.60
609.60
762.00
609.60
1016.00
406.40
304.80
762.00
304.80
304.80
406.40
508.00
609.60
508.00
508.00
406.40
304.80
304.80
406.40
100.0
1350.0
900.0
1150.0
1450.0
450.0
850.0
850.0
800.0
950.0
1200.0
3500.0
800.0
500.0
550.0
2730.0
1750.0
800.0
400.0
2200.0
1500.0
500.0
2650.0
1230.0
1300.0
850.0
300.0
750.0
1500.0
2000.0
1600.0
150.0
860.0
950.0
0
0
0
0
0
0
0
0
0
0
0
0
0
0
0
0
0
0
0
0
0
0
0
0
0
0
0
0
0
0
0
0
0
0
5538.88900
5291.66600
2086.00400
2049.89300
1848.50400
1569.33700
1194.33700
1041.55900
895.72600
555.55500
416.66700
261.11100
194.33700
23.50400
-54.27400
-631.80500
-872.08300
-1245.69400
1262.36100
1707.19100
393.05600
134.72200
959.96900
246.54700
18.76900
-138.64200
-388.64200
491.42000
423.14400
342.58900
242.58900
142.58900
113.42200
110.18900
