329
1
360
1
2
3
4
5
6
7
8
9
10
11
12
13
14
15
16
17
18
19
20
21
22
23
24
25
26
27
28
29
30
31
32
33
34
35
36
37
38
39
40
41
42
43
44
45
46
47
48
49
50
51
52
53
54
55
56
57
58
59
60
61
62
63
64
65
66
67
68
69
70
71
72
73
74
75
76
77
78
79
80
81
82
83
84
85
86
87
88
89
90
91
92
93
94
95
96
97
98
99
100
101
102
103
104
105
106
107
108
109
110
111
112
113
114
115
116
117
118
119
120
121
122
123
124
125
126
127
128
129
130
131
132
133
134
135
136
137
138
139
140
141
142
143
144
145
146
147
148
149
150
151
152
153
154
155
156
157
158
159
160
161
162
163
164
165
166
167
168
169
170
171
172
173
174
175
176
177
178
179
180
181
182
183
184
185
186
187
188
189
190
191
192
193
194
195
196
197
198
199
200
201
202
203
204
205
206
207
208
209
210
211
212
213
214
215
216
217
218
219
220
221
222
223
224
225
226
227
228
229
230
231
232
233
234
235
236
237
238
239
240
241
242
243
244
245
246
247
248
249
250
251
252
253
254
255
256
257
258
259
260
261
262
263
264
265
266
267
268
269
270
271
272
273
274
275
276
277
278
279
280
281
282
283
284
285
286
287
288
289
290
291
292
293
294
295
296
297
298
299
300
301
302
303
304
305
306
307
308
310
311
312
313
314
315
316
317
318
319
320
321
322
323
324
325
326
327
328
329
330
1101647.6400
1100573.9640
1102053.6050
1102142.2040
1102156.9780
1100399.7800
1100554.2080
1100337.3580
1100359.7950
1099754.2760
1099894.6870
1100276.5940
1100309.2300
1100299.2310
1100288.4410
1100312.3880
1100324.1590
1100277.2350
1100351.5390
1100191.6960
1100214.3910
1100325.1330
1100281.7000
1100366.6930
1100340.3070
1100310.6310
1099769.8340
1102047.3510
1101262.5870
1100635.7560
1100768.2590
1100838.6150
1100851.4980
1100882.0840
1100886.8030
1100898.9720
1101337.4600
1101617.5670
1101666.6460
1101640.3240
1101438.8500
1101523.0450
1101312.1140
1101259.3810
1101386.2990
1101375.8880
1101181.6710
1101047.2630
1100554.6460
1100567.6750
1100629.1240
1100650.5760
1100781.5000
1101124.5570
1101210.5520
1100769.4240
1100827.4710
1100705.1290
1100785.5070
1101065.4770
1100992.1890
1100837.4740
1100816.5690
1100797.0730
1100797.4640
1101090.8500
1100937.8500
1101135.4790
1101139.1880
1101146.1820
1101142.6840
1101191.1420
1101430.6200
1101496.5270
1101541.9460
1101585.3940
1101577.9370
1101481.8190
1101342.4070
1101407.0940
1101521.8740
1101584.0640
1101708.3830
1101828.4330
1101802.1620
1101767.6900
1100666.2390
1100482.3280
1100767.4490
1100789.9000
1100801.9540
1100750.8160
1100690.5200
1100713.5920
1100779.9280
1100770.5380
1100884.2360
1100890.1730
1100929.0990
1101005.0180
1100947.2010
1100787.7960
1100972.0580
1101037.2500
1101096.5380
1101083.2280
1101021.0850
1100987.5800
1101039.0040
1101047.3550
1101101.6790
1101127.2980
1101054.8960
1101118.0580
1101176.2450
1101146.4800
1101161.4250
1101234.7970
1101189.3560
1101214.4630
1101219.9460
1101233.2890
1101335.2040
1101165.3200
1101374.0010
1101199.7990
1101346.3370
1101373.3970
1101466.6270
1101427.8430
1101479.0540
1101441.7000
1101523.8790
1101539.2780
1101479.1820
1101448.7020
1101465.0170
1101536.3110
1101633.0160
1101646.3090
1101471.8880
1101523.6830
1101530.2660
1100819.2370
1101141.1460
1101633.7080
1101636.0140
1101637.9760
1101645.6020
1101780.8740
1101786.9720
1101794.7410
1101907.5350
1102035.0340
1101856.8600
1101627.1580
1101524.6800
1101640.1810
1101327.5870
1101252.4710
1101362.9680
1101435.4890
1100978.0540
1101138.5380
1101136.5710
1101628.7350
1100859.8460
1101104.8100
1100657.6420
1101652.3550
1101707.1610
1101726.1290
1101912.9100
1101772.5980
1101528.4150
1100479.1180
1100516.4730
1101008.0910
1100716.9890
1100632.7300
1100571.8270
1100543.7850
1100563.9460
1101466.9460
1101309.8560
1101793.2710
1101060.2290
1100465.0450
1100896.7520
1100890.3300
1101620.7570
1101587.2330
1101683.9410
1100956.5300
1101702.5660
1101652.3770
1101704.7530
1101695.4000
1101666.0600
1101647.6370
1101718.3330
1101662.8690
1101349.1310
1101692.5570
1101784.2810
1101767.0700
1101423.5940
1101424.6340
1101431.9360
1101480.2800
1101432.8220
1101479.4110
1101406.5410
1101388.4110
1101407.2270
1101367.0940
1101420.7950
1101609.5570
1101488.0370
1101652.0730
1100841.0710
1100888.5000
1100458.6970
1100831.8620
1100551.0990
1100774.1470
1101688.3830
1101902.2000
1100780.4750
1101744.3400
1101759.4150
1101775.6780
1101914.9990
1102329.8260
1102421.5440
1102399.0110
1102243.9740
1102333.2870
1102348.2330
1101365.6910
1100564.5960
1102228.9980
1100356.6960
1100494.9760
1099897.2690
1100154.6760
1100355.4740
1100336.7000
1100280.5020
1100223.6360
1100177.2660
1100364.3700
1099190.8950
1102046.0810
1101258.4630
1100644.8360
1100851.6410
1100915.4690
1101367.6830
1101624.9160
1101664.6540
1100492.9300
1100801.7320
1101154.2260
1100794.0910
1100570.1540
1100875.6120
1101122.8600
1101004.7040
1101212.7090
1101091.0420
1101499.5870
1101793.3740
1101839.4550
1100760.3400
1100775.6340
1100917.3990
1100888.8750
1100962.2000
1101006.8880
1101139.3470
1101140.1440
1101150.8720
1101242.0910
1101195.2670
1101324.4860
1101643.1990
1101925.5150
1100781.1690
1100857.1990
1101099.1070
1101209.8980
1101380.6150
1101640.1190
1100982.0880
1100651.4640
1100535.7440
1100484.9530
1101274.1480
1101175.9850
1100469.8200
1101598.5350
1101558.7010
1101469.8020
1101629.7090
1101669.6000
1101727.4640
1101666.1130
1101751.7910
1101786.9380
1101799.9300
1101466.5320
1101523.2180
1101598.1520
1101612.8970
1101727.9240
1101782.2200
1102060.0170
1100834.9960
1100728.1790
1100739.7670
1102323.1300
1102592.4520
1102446.0780
1102249.2200
1102274.6580
1102392.9830
1102346.3940
1100817.0740
954051.6520
952145.5740
954062.4180
954059.6940
954340.2810
951927.1920
952129.3750
951812.6070
951868.6160
950564.8690
950306.7640
951766.4300
951815.1320
951803.4790
951790.9040
951811.4920
952025.3480
952044.4840
952194.8370
951673.8250
952058.4050
951824.7740
951791.3430
951886.2450
951853.5910
951813.5180
950638.8340
954053.6840
953139.0760
952228.9810
952421.2500
952530.8580
952522.5480
952593.3740
952599.7480
952590.9680
952744.8120
953656.8710
953762.6350
954052.2210
953520.0500
953747.3760
953102.9790
953013.8760
953054.8280
953035.1050
952723.9480
952492.2890
951984.9890
952004.7580
952097.5460
952128.3330
951994.1210
952794.7080
952933.2850
952199.1860
952163.9000
952231.3700
952457.6870
952694.4800
952432.5140
952321.0090
952104.0760
952131.7830
952450.7400
952406.5210
952675.5120
952647.1550
952642.8700
952865.8410
952860.0380
952949.4960
953238.9060
953377.5600
953472.1130
953570.7250
953326.4600
953211.9190
953272.3340
953434.3730
953289.8710
953567.7940
953755.4590
953680.3650
953786.6590
953712.2240
952253.6950
952023.4730
952431.6480
952455.1740
952046.0710
952074.7860
952107.1900
952131.8150
952192.6520
952198.5230
952399.6640
952234.4110
952473.2370
952423.7360
952359.2780
952187.2270
952541.5680
952499.1560
952575.1270
952582.4580
952621.3410
952748.5340
952478.7760
952470.9250
952420.0040
952653.2430
952823.3570
952781.2440
952744.9210
952979.1960
952855.9780
952809.2590
952736.0260
952776.5740
952785.9990
952807.1340
952967.1760
952863.3920
953062.4340
953049.9310
953283.0550
953352.8160
953313.6590
953232.8010
953388.4400
953525.8870
953475.9380
953467.2550
953208.2340
953162.5520
953214.7360
953280.8810
953407.4690
953403.8680
953602.8740
953726.7670
953744.9540
952107.9780
952656.6110
953711.1840
953719.3140
953728.1860
953758.9270
953790.5120
953793.9030
953799.0650
953870.1450
954036.4830
954034.8200
954033.4210
953751.9270
954108.4880
954111.6920
954043.4840
953911.7830
953706.4990
953727.5180
952645.3110
952642.2410
954022.4500
952414.3530
952789.9010
952258.7650
954050.8320
954251.1780
954412.2950
953864.9330
953786.5860
953444.6560
952026.9630
952076.7250
953799.8140
952351.3630
952231.6570
952285.1140
952325.6710
952276.8720
953504.9690
954116.8150
953765.7020
952820.5740
952000.5300
952241.5010
952232.7970
953553.9320
953569.9840
953631.6180
952339.3790
953685.5700
953540.1890
953540.6080
953522.3870
953459.3000
953643.1160
953587.7540
953535.7340
952757.1660
953441.0270
953559.9600
953523.1040
954060.9210
954063.9580
954097.8600
954090.0290
954102.6920
954084.9090
954103.5170
954067.8130
953990.5610
953999.6890
954106.1320
954059.0930
954122.7140
954105.4090
952318.5650
952237.2780
952001.2820
952127.1630
952125.0360
952204.9330
953444.2620
954033.5130
952460.9350
953500.6600
953525.2540
953563.5860
953871.7130
954298.2010
954334.4980
954306.0880
954351.2030
954324.8770
954316.9220
952774.6060
952133.4260
954087.0710
952257.6220
951557.2470
950533.1040
950270.3210
952223.2770
952201.1360
952049.3540
952071.6120
952064.8190
951864.8480
950773.4830
954369.1760
953142.2440
952222.4410
952368.9130
952481.6110
952728.0330
953654.7330
953784.6630
952015.4900
951987.7350
952843.1500
952469.8020
952128.1640
952209.7210
952372.6080
952632.2290
952597.2380
952894.5930
953376.6580
953583.2820
953773.4550
952068.5100
952195.3150
952480.8960
952407.1490
952349.9380
952630.7130
952461.4790
952869.7480
952862.8060
952820.2500
952944.0310
953094.4660
953400.3970
953880.6560
952177.7550
952409.9980
952780.1230
952791.7760
953032.2430
953709.9780
952168.2300
952442.1370
952316.9180
952179.0350
952892.1690
954116.0890
951996.7670
953502.9190
953504.3690
953510.4160
953474.5250
953703.2690
953619.0360
953547.3710
953497.3540
953569.0180
953762.4560
954088.2610
953972.7050
954024.4990
954038.3100
954515.8470
954395.3840
954058.7060
952131.9250
952476.5280
951582.1960
954260.5390
954276.1400
954302.9420
954360.6930
954318.2530
954354.9560
954309.7460
952279.8190
949.3530
949.8220
952.5280
955.2440
951.1150
950.8750
949.6180
955.4500
952.2570
950.2240
952.0750
955.9410
954.9480
955.0550
955.3340
955.0820
948.1690
947.1510
945.0280
954.1710
946.0030
952.9840
955.2880
951.5860
952.5970
955.0070
951.1670
952.1800
950.8950
950.0200
951.1350
948.9470
949.3810
948.3110
948.3000
948.7020
967.4760
948.3270
949.0850
949.3060
946.6970
947.5070
952.5870
952.1670
954.8840
954.7610
959.0110
953.9800
950.7580
950.7640
951.3790
951.9360
955.4630
956.1960
954.8590
954.4400
956.2140
951.7060
950.1760
954.5100
954.2580
954.7280
957.3320
956.1780
950.5510
957.5700
948.4140
956.5300
956.5800
955.1740
955.1740
954.1370
952.9390
949.0540
948.5050
948.0090
952.3540
954.3240
950.8110
946.5180
952.4680
948.0300
949.5460
951.9330
950.0170
950.0170
950.2640
950.0200
950.8230
950.3120
956.7900
955.0110
953.4830
953.6770
954.9140
954.4900
953.3230
956.8380
952.0190
954.7460
955.5380
955.0110
951.4550
953.6990
955.1470
954.6880
950.8910
948.6310
954.2540
954.5380
957.3890
956.3350
951.2830
955.9680
958.8420
952.0750
955.8650
961.3680
959.3530
960.6340
960.8340
961.3010
955.1740
955.9120
954.5040
950.2610
950.6130
949.0900
950.2430
953.0960
948.5630
946.7250
948.1740
948.5450
954.3870
954.9870
953.9120
953.1360
952.9640
953.9130
946.5680
947.4160
947.5640
957.4250
957.0020
948.6130
948.6550
948.6940
948.8390
950.0170
950.0170
950.0170
950.5160
951.7380
950.0170
949.2300
947.5410
949.2780
947.0850
946.7750
946.9170
946.5190
944.6680
956.6130
956.4540
949.2450
952.4560
955.2790
950.0200
949.3840
949.7300
949.9160
951.2920
950.0170
948.7630
949.9050
949.2410
944.9080
951.3330
950.0200
949.3520
948.1880
949.0670
947.1520
946.9610
950.0170
951.7560
950.0200
957.4040
956.8180
948.6870
948.0430
949.0350
956.6410
949.3480
949.2760
949.9510
950.0170
950.0170
948.6430
949.5150
949.4700
967.4700
952.2240
951.7490
951.5980
947.8280
947.8240
947.7570
948.0730
947.7460
948.0850
947.5860
947.5940
947.5130
947.2600
947.6630
949.1050
948.0420
949.3560
954.8490
956.7810
950.0200
957.6880
949.5800
954.4850
951.3780
950.0170
950.0200
950.3070
950.4830
951.1000
950.9170
952.7800
951.4390
952.3810
950.9820
951.8920
952.1550
975.5950
949.8640
956.1590
945.0280
960.5750
951.1140
952.4560
945.0280
945.0280
947.0790
945.8600
945.5880
952.4140
943.0710
950.8810
950.7460
950.0200
954.2290
951.4840
968.7900
948.4070
949.1040
950.0200
956.3560
956.1350
950.0200
950.0200
955.3420
959.6860
950.0200
959.0970
953.1440
949.1230
952.3080
951.2600
955.0110
954.7190
951.5470
952.9980
956.2960
950.0420
957.1080
955.1740
955.1740
961.2600
954.4050
952.9720
953.9720
951.1600
955.0110
952.6490
955.1740
960.2740
954.9100
948.6840
960.0350
948.8360
948.1510
947.0450
957.6690
946.1590
950.0200
949.0610
948.5240
947.2640
949.8350
949.0070
949.5060
949.3610
951.3620
952.0780
950.0170
947.9960
948.4370
949.0480
949.1360
949.3720
950.0170
952.8540
957.7220
949.4740
961.2560
953.4290
954.7210
952.3940
950.7820
951.9070
950.8820
952.3950
954.6870
0.0000000000000
0.0150872150000
0.0341537490000
0.0097061470000
0.1097523270000
0.0065104170000
0.0365547830000
0.0265432100000
0.0000000000000
0.0000000000000
0.0000000000000
0.0000000000000
0.0000000000000
0.0045331790000
0.0167502570000
0.0129945290000
0.0229070220000
0.0000000000000
0.0000000000000
0.0689782660000
0.0120402520000
0.0100308640000
0.0070087450000
0.0087287810000
0.0054056190000
0.0000000000000
0.0000000000000
0.0000000000000
0.1109269790000
0.0246701680000
0.0238612980000
0.0212103670000
0.0362975810000
0.0190114880000
0.0135673870000
0.0767425400000
0.0150711400000
0.0969767130000
0.0136156120000
0.0154381530000
0.0474493200000
0.0000000000000
0.0225372950000
0.2884041530000
0.2239586280000
0.0566647380000
0.0348259800000
0.0465052740000
0.0391209540000
0.0470901140000
0.0752417120000
0.1049601910000
0.0494294800000
0.0168949330000
0.0986090640000
0.0602056440000
0.0950769270000
0.1379398320000
0.0000000000000
0.1731887760000
0.0530156890000
0.0351489420000
0.0130129000000
0.0405384850000
0.0505050500000
0.0917523030000
0.0678413180000
0.0000000000000
0.0351679410000
0.0000000000000
0.0129872220000
0.0368602110000
0.0085358800000
0.0864182930000
0.0685515460000
0.0513526470000
0.1426636150000
0.0373103130000
0.0680359750000
0.0914088810000
0.0574597240000
0.1080422280000
0.0138172820000
0.0432332590000
0.0172880430000
0.0602816370000
0.0126028810000
0.0467463980000
0.0150784470000
0.0025237910000
0.0701356720000
0.0684784760000
0.0596532460000
0.0857168320000
0.0000000000000
0.0000000000000
0.0641835010000
0.0000000000000
0.1360129080000
0.0433224020000
0.0125707300000
0.0189890810000
0.1646002850000
0.0462319950000
0.0392890120000
0.0863159950000
0.0986635550000
0.0684200210000
0.0335648150000
0.0150316830000
0.0334172160000
0.0778034990000
0.0257391630000
0.0470620570000
0.0252627560000
0.0473207200000
0.0305236980000
0.0251853010000
0.0037615740000
0.0047100050000
0.0000000000000
0.0000000000000
0.1430245760000
0.1261778670000
0.0683411080000
0.0817895390000
0.0191408550000
0.0657617840000
0.1231688990000
0.2586977970000
0.0431192700000
0.0482413830000
0.0252145290000
0.0642209120000
0.0156893010000
0.0942001030000
0.0363199900000
0.0779423290000
0.1151357310000
0.0230896930000
0.1195417720000
0.0704571760000
0.1098324100000
0.0260752790000
0.0554591050000
0.0412647890000
0.0050315070000
0.0320055300000
0.0787241630000
0.0142790750000
0.0042789000000
0.0951909130000
0.0271391580000
0.0192740490000
0.0483056860000
0.1077251110000
0.1355876450000
0.0550733030000
0.0850157500000
0.0965332890000
0.0639417920000
0.0286458340000
0.0637041710000
0.0036490480000
0.0264391600000
0.0848214490000
0.0510063030000
0.0221997170000
0.0869783630000
0.0745173570000
0.0148373200000
0.0000000000000
0.0193865740000
0.0476305300000
0.0427071650000
0.0316197270000
0.0264435440000
0.1177822780000
0.0334844400000
0.0086732490000
0.0000000000000
0.0000000000000
0.0100337870000
0.0421279730000
0.0513438790000
0.0231379190000
0.0201859460000
0.0000000000000
0.0366833850000
0.0000000000000
0.0232899020000
0.0368090640000
0.0139853390000
0.0532348960000
0.0083371330000
0.0345186050000
0.0148855460000
0.0117509000000
0.0116255140000
0.0000000000000
0.0110596710000
0.0015110600000
0.0027327670000
0.0303176440000
0.0279838310000
0.0318921270000
0.0326412270000
0.0070905820000
0.0151105970000
0.0311959290000
0.0314911270000
0.0000000000000
0.0000000000000
0.0000000000000
0.0055298350000
0.0000000000000
0.0000000000000
0.0581275710000
0.0506503120000
0.0819070330000
0.0345934260000
0.0412494450000
0.0306230710000
0.0000000000000
0.0000000000000
0.0920594850000
0.0000000000000
0.0125868050000
0.0207851080000
0.0010127310000
0.0173128860000
0.0050475820000
0.0000000000000
0.0052404830000
0.1308290260000
0.0224349980000
0.0243216310000
0.0349954980000
0.0120402520000
0.0000000000000
0.0225855190000
0.0167566870000
0.0073945470000
0.1426506590000
0.0000000000000
0.0000000000000
0.0000000000000
0.0000000000000
0.0000000000000
0.0000000000000
0.0715970470000
0.0000000000000
0.0000000000000
0.1047775190000
0.0000000000000
0.0103202160000
0.0894038760000
0.0692438190000
0.0448716030000
0.0206725830000
0.0120563260000
0.0161262510000
0.0156893010000
0.0012860080000
0.0000000000000
0.0267796600000
0.0489773310000
0.0816556760000
0.0853105700000
0.0104648920000
0.0324293290000
0.0648630410000
0.0000000000000
0.0626929020000
0.0138567380000
0.0000000000000
0.0084277380000
0.0350758750000
0.0510632940000
0.0062157060000
0.0320385560000
0.0000000000000
0.0000000000000
0.0271508490000
0.0239197540000
0.0181327160000
0.0447691610000
0.0069540890000
0.0352439320000
0.0000000000000
0.0307355970000
0.0078125000000
0.0351620950000
0.0133584100000
0.0750502700000
0.0122813780000
0.0052872470000
0.0037615740000
0.0465045430000
0.0657018680000
0.0000000000000
0.0525480520000
0.0356545790000
0.0230838480000
0.0077803490000
0.0022665900000
0.0052404840000
0.0277456270000
0.0120241770000
0.0000000000000
0.0218621400000
0.0107016340000
0.0000000000000
0.0351723250000
0.0229070210000
0.0841063980000
0.0237779990000
0.0038258740000
0.0203993060000
0.0000000000000
0.0389835860000
0.0158775250000
0.0208735200000
0.0116676020000
0.0000000000000
0.0000000000000
0.0380214180000
0.0072498710000
0.0107206320000
976.14200
975.03600
976.09300
976.09600
975.99800
975.02700
975.05600
975.02000
975.02200
975.00500
975.00500
975.02000
975.02000
975.01900
975.01800
975.02000
975.01400
975.01300
975.01400
975.00500
975.01200
975.02000
975.01800
975.02400
975.02200
975.02000
975.00500
976.09700
977.71800
975.04000
975.16300
975.32700
975.32700
975.47600
975.47800
975.47900
983.61600
976.43000
976.26200
976.14200
976.74800
976.25600
977.71800
978.06700
977.69800
977.77100
976.31900
975.51100
975.00400
975.00400
975.00700
975.01200
975.00900
978.52900
978.21900
975.02700
975.01400
975.02700
975.19200
975.78800
975.44400
975.12000
975.01200
975.01200
975.19300
975.47500
975.56300
975.85700
975.84600
978.49200
978.48200
978.18700
977.27800
976.90200
976.74900
976.60400
976.93200
977.27000
977.28100
976.90300
977.06600
976.60600
976.15000
976.14700
976.15900
976.15000
975.03800
975.03300
975.18300
975.19300
975.00900
975.01100
975.01200
975.01600
975.02500
975.02700
975.19600
975.12000
975.47100
975.44400
975.31400
975.02400
975.51000
975.51000
975.66200
975.66200
975.66000
975.66500
975.48900
975.48900
975.47800
975.84900
975.66500
976.06300
976.34300
978.18800
978.53000
979.42700
976.39500
977.70800
979.02300
979.38900
978.13400
978.51100
977.69800
978.03900
977.26900
977.06900
977.06800
977.28000
976.90200
976.73900
976.75000
976.75000
977.28000
977.37100
977.28000
977.06600
976.75100
976.74700
976.58700
976.27500
976.26700
975.01200
975.91200
976.34500
976.33300
976.32100
976.27900
976.16400
976.15900
976.15900
976.14300
976.10700
976.11600
975.88400
976.24900
975.80200
975.64300
975.62800
975.62600
975.62500
975.61500
975.84800
975.84500
976.14300
975.19500
976.06300
975.04100
976.14200
976.14100
976.14100
976.14300
976.17500
976.75200
975.03300
975.04400
975.61600
975.14900
975.04000
975.03900
975.03900
975.03900
976.74800
975.64300
976.15700
976.06200
975.03200
975.32600
975.32600
976.63100
976.60500
976.64000
975.32600
976.64000
976.64700
976.68200
976.70000
976.71100
976.63700
976.68200
976.65600
984.37700
976.71900
976.68400
976.68600
975.69300
975.69300
975.69300
975.69400
975.69300
975.69400
975.69300
975.69300
975.69300
975.69300
975.69300
975.69200
975.69700
975.80500
975.12000
975.12000
975.03200
975.01200
975.05600
975.03100
976.71800
976.11400
975.19200
976.70000
976.68600
976.68400
976.14200
975.97400
975.96900
975.97000
975.98500
975.97400
975.97300
987.42400
975.03600
976.09600
975.05600
975.01200
975.00500
975.00500
975.01400
975.01400
975.01300
975.01200
975.01200
975.02200
975.00500
975.99600
977.71800
975.04000
975.16200
975.32600
983.61600
976.43000
976.26200
975.00400
975.00900
978.53000
975.19200
975.00600
975.01400
975.47500
975.56200
975.84600
978.36200
976.93100
976.14700
976.15900
975.01100
975.02600
975.47100
975.47000
975.32600
975.66000
975.47800
978.49200
978.50400
979.40900
978.21900
977.69700
976.75200
976.14000
975.02400
975.19500
976.06200
979.02300
977.77100
976.34500
975.47200
975.03900
975.03900
975.03900
978.21800
975.64200
975.03200
976.63000
976.60500
976.74800
976.64700
976.63700
976.68200
976.65600
976.70000
976.68400
976.15700
975.69400
975.69300
975.69200
975.88400
975.80100
976.14100
976.09300
975.01200
975.19200
975.00200
975.97400
975.96800
975.97000
975.98500
975.97400
975.96800
975.97300
975.12000
331
1101377.43600
952786.88800
987.5000
987.5000
1
2
3
4
5
6
7
8
9
10
11
12
13
14
15
16
17
18
19
20
21
22
23
24
25
26
27
28
29
30
31
32
33
34
35
36
37
38
39
40
41
42
43
44
45
46
47
48
49
50
51
52
53
54
55
56
57
58
59
60
61
62
63
64
65
66
67
68
69
70
71
72
73
74
75
76
77
78
79
80
81
82
83
84
85
86
87
88
89
90
91
92
93
94
95
96
97
98
99
100
101
102
103
104
105
106
107
108
109
110
111
112
113
114
115
116
117
118
119
120
121
122
123
124
125
126
127
128
129
130
131
132
133
134
135
136
137
138
139
140
141
142
143
144
145
146
147
148
149
150
151
152
153
154
155
156
157
158
159
160
161
162
163
164
165
166
167
168
169
170
171
172
173
174
175
176
177
178
179
180
181
182
183
184
185
186
187
188
189
190
191
192
193
194
195
196
197
198
199
200
201
202
203
204
205
206
207
208
209
210
211
212
213
214
215
216
217
218
219
220
221
222
223
224
225
226
227
228
229
230
231
232
233
234
235
236
237
238
239
240
241
242
243
244
245
246
247
248
249
250
251
252
253
254
255
256
257
258
259
260
261
262
263
264
265
266
267
268
269
270
271
272
273
274
275
276
277
278
279
280
281
282
283
284
285
286
287
288
289
290
291
292
293
294
295
296
297
298
299
300
301
302
303
304
305
306
307
308
309
310
311
312
313
314
315
316
317
318
319
320
321
322
323
324
325
326
327
328
329
330
331
332
333
334
335
336
337
338
339
340
1001
1002
1003
1004
1005
1006
1007
1008
1009
1010
1011
1012
1014
1015
1016
1017
1018
1019
1020
1022
1
2
3
4
5
6
7
8
9
11
11
12
13
14
15
16
17
17
18
19
19
18
16
21
21
15
22
23
24
25
26
9
20
27
28
5
29
30
31
32
33
32
34
35
36
37
38
39
40
41
42
43
44
45
46
47
48
49
51
52
53
54
55
57
58
59
51
60
61
62
63
64
65
66
67
68
69
70
71
72
73
74
75
76
77
78
79
80
81
82
83
84
85
86
85
87
88
30
7
89
90
65
93
92
58
95
96
96
97
98
99
99
61
100
97
101
102
64
99
103
104
105
106
103
107
107
35
108
60
97
109
110
110
111
66
112
113
114
114
47
115
70
70
116
117
117
117
118
119
120
122
118
37
123
124
55
116
123
125
126
79
127
128
129
128
130
74
131
132
133
134
134
45
135
136
137
137
81
138
77
139
134
140
82
141
142
143
143
144
145
146
38
147
148
149
39
150
151
86
84
152
153
154
154
155
40
156
157
158
159
160
161
162
163
164
164
69
165
166
102
167
168
121
46
221
2
52
91
169
31
90
68
168
66
130
170
171
172
173
39
174
175
176
177
178
179
203
180
181
182
182
181
183
180
203
159
184
185
186
187
188
189
188
140
190
191
192
193
59
194
184
192
195
191
196
197
199
198
191
196
197
200
193
201
201
201
202
205
206
186
207
208
209
210
210
211
212
213
214
215
211
216
207
217
218
219
156
220
172
28
3
221
202
219
222
223
88
224
225
226
227
76
228
229
231
232
49
233
234
235
236
237
237
238
234
236
235
238
239
239
10
10
20
8
50
50
56
94
92
91
57
121
198
230
204
206
55
125
240
146
170
241
5
242
237
223
243
244
188
245
246
16
25
13
14
26
19
18
21
247
248
249
22
250
251
23
9
17
6
24
13
252
27
253
4
254
255
256
257
33
258
34
35
36
103
259
260
261
166
80
157
29
126
46
123
145
109
262
52
93
263
264
44
102
87
265
266
107
99
226
144
144
167
268
269
112
270
71
271
116
129
175
82
38
272
138
130
131
129
141
86
273
151
186
274
169
241
169
179
59
59
90
92
64
56
276
56
276
62
222
277
278
100
279
101
279
95
57
103
104
48
48
105
107
280
106
67
67
108
167
100
109
111
281
111
60
108
115
60
119
119
282
283
271
283
124
264
117
120
121
118
284
118
284
55
285
126
44
286
29
29
79
127
128
80
73
129
74
41
184
75
133
136
78
135
135
130
138
77
287
287
139
287
76
132
141
142
42
224
68
147
146
148
149
143
149
151
152
84
173
153
233
28
288
228
1
220
156
220
219
159
160
161
178
165
69
165
105
143
289
290
291
292
293
330
30
58
53
31
90
32
164
114
295
44
155
40
171
153
174
150
134
177
225
160
89
240
181
183
296
297
297
298
30
37
185
41
300
85
168
88
194
301
204
189
302
303
200
229
279
304
191
193
196
202
231
227
199
200
305
198
306
196
197
232
307
308
311
205
312
215
207
208
218
212
210
313
209
208
314
209
215
315
211
315
210
316
317
318
3
319
62
197
158
221
176
176
320
7
96
204
192
154
321
206
205
322
288
323
324
325
326
238
234
327
235
328
239
236
329
245
27
15
22
49
51
94
93
275
275
267
122
230
310
310
310
299
45
331
294
76.20
76.20
76.20
76.20
76.20
76.20
76.20
76.20
76.20
76.20
76.20
76.20
76.20
76.20
76.20
76.20
76.20
76.20
76.20
76.20
76.20
76.20
76.20
76.20
76.20
76.20
76.20
76.20
76.20
76.20
76.20
76.20
76.20
76.20
76.20
76.20
76.20
76.20
76.20
76.20
76.20
76.20
76.20
76.20
76.20
76.20
76.20
76.20
76.20
76.20
76.20
76.20
76.20
76.20
76.20
76.20
76.20
76.20
76.20
76.20
76.20
76.20
76.20
76.20
76.20
76.20
76.20
76.20
76.20
76.20
76.20
76.20
76.20
76.20
76.20
76.20
76.20
76.20
76.20
76.20
76.20
76.20
76.20
76.20
76.20
76.20
76.20
76.20
76.20
76.20
76.20
76.20
76.20
76.20
76.20
76.20
76.20
76.20
76.20
76.20
76.20
76.20
76.20
76.20
76.20
76.20
76.20
76.20
76.20
76.20
76.20
76.20
76.20
76.20
76.20
76.20
76.20
76.20
76.20
76.20
76.20
76.20
76.20
76.20
76.20
76.20
76.20
76.20
76.20
76.20
76.20
76.20
76.20
76.20
76.20
76.20
76.20
76.20
76.20
76.20
76.20
76.20
76.20
76.20
76.20
76.20
76.20
76.20
76.20
76.20
76.20
76.20
101.60
76.20
76.20
76.20
76.20
76.20
76.20
76.20
76.20
76.20
76.20
76.20
76.20
76.20
76.20
76.20
76.20
76.20
76.20
76.20
76.20
76.20
76.20
76.20
76.20
76.20
76.20
76.20
76.20
76.20
76.20
76.20
76.20
76.20
76.20
76.20
76.20
76.20
76.20
76.20
76.20
76.20
76.20
76.20
76.20
76.20
76.20
76.20
76.20
76.20
76.20
76.20
76.20
76.20
76.20
76.20
76.20
76.20
76.20
76.20
76.20
76.20
76.20
76.20
76.20
76.20
76.20
76.20
76.20
76.20
76.20
76.20
76.20
76.20
76.20
76.20
76.20
76.20
76.20
76.20
76.20
76.20
76.20
76.20
76.20
76.20
76.20
76.20
76.20
76.20
76.20
76.20
76.20
76.20
76.20
76.20
76.20
76.20
76.20
76.20
76.20
76.20
76.20
76.20
76.20
76.20
76.20
76.20
76.20
76.20
76.20
76.20
76.20
76.20
76.20
76.20
76.20
76.20
76.20
76.20
76.20
76.20
76.20
76.20
76.20
76.20
76.20
76.20
76.20
76.20
76.20
76.20
76.20
76.20
76.20
76.20
76.20
76.20
76.20
76.20
76.20
76.20
76.20
76.20
76.20
76.20
76.20
76.20
76.20
76.20
76.20
76.20
76.20
76.20
76.20
76.20
76.20
76.20
76.20
76.20
76.20
76.20
76.20
76.20
76.20
76.20
76.20
76.20
76.20
76.20
76.20
76.20
76.20
76.20
76.20
76.20
76.20
76.20
76.20
76.20
76.20
76.20
76.20
76.20
76.20
76.20
76.20
76.20
76.20
76.20
76.20
76.20
76.20
76.20
76.20
76.20
76.20
76.20
76.20
76.20
76.20
76.20
76.20
76.20
76.20
76.20
76.20
76.20
2.0000
1.0000
320.0000
218.0000
100.0000
80.0000
200.0000
398.0000
199.0000
300.0000
200.0000
80.0000
49.0000
15.3600
16.5700
1.0000
110.0000
50.4800
64.3700
28.7100
16.1200
5.8600
2.0000
16.1200
37.6700
6.0000
48.0000
345.0000
52.0000
51.0000
1.0000
1.0000
1500.0000
100.0000
100.0000
146.0000
5.2000
11.1900
94.0000
4.0000
100.0000
84.0000
1.0000
4.0000
96.0000
35.0000
1.0000
40.0000
2.0000
92.0000
5.0000
60.0000
70.0000
22.3000
101.5000
78.5900
15.8000
70.0000
68.0000
44.0000
40.0000
90.0000
51.0000
65.0000
46.0000
14.0000
68.0000
84.0000
88.0000
140.0000
2.0000
55.0000
72.0000
42.0000
92.0000
10.2000
90.0000
5.0000
60.0000
68.0000
90.0000
85.0000
111.0000
100.0000
84.0000
95.0000
84.0000
90.0000
77.0000
105.0000
82.0000
87.0000
1.0000
81.0000
54.0000
9.9800
205.0000
11.1900
396.0000
31.6900
5.0000
1.0000
72.0000
75.0000
75.0000
5.0500
1.0300
6.0200
94.0000
97.0000
13.9800
79.0000
2.0000
78.0000
97.0000
10.0000
9.5600
37.0000
80.0000
91.5000
12.1400
95.0000
1.0000
94.0000
14.0000
90.0000
90.0000
85.0000
90.0000
28.0000
60.0000
1.0000
90.0000
80.0000
42.0000
90.0000
90.0000
87.5000
95.0000
14.3200
15.8400
7.0000
6.0000
90.0000
12.5700
5.0000
5.0000
90.0000
90.0000
90.0000
2.6100
2.6100
222.0000
180.0000
85.0000
5.0000
85.0000
90.0000
70.0000
104.0000
160.0000
5.0000
84.0000
94.0000
80.0000
1.0000
90.0000
4.0000
5.0000
100.0000
1.0000
12.0000
130.0000
4.5300
40.0000
14.0000
55.0000
14.0000
61.0000
103.0000
12.0000
113.0000
4.0000
3.0000
92.0000
140.0000
4.0000
7.6000
24.0000
11.0200
8.4500
57.0000
9.0000
31.7000
100.0000
24.0000
8.5000
1.0000
74.0000
203.0000
144.0000
7.0000
29.0000
186.0000
38.0000
2.0000
80.0000
302.0000
4.0000
160.0000
98.0000
183.0000
180.0000
78.0000
3.5400
3.5400
3.5400
84.0000
475.0000
11.0000
1.0000
84.0000
11.5900
5.5300
60.0000
119.0000
118.0000
62.0000
202.0000
40.0000
88.0000
3.5700
4.0000
270.0000
270.0000
250.0000
134.0000
150.0000
7.0000
130.0000
18.0000
1.0000
62.2200
58.0000
356.0000
129.0000
40.0000
81.0400
1.0000
158.7400
11.8900
48.1000
124.7500
4.0000
10.0000
5.0000
14.8500
115.0000
15.2100
84.0000
29.0000
120.0000
6.0000
23.0000
15.0000
61.0000
60.0000
38.5000
8.7400
10.0000
1.0000
38.5000
53.0000
38.0000
10.0000
62.0000
26.0000
39.0000
75.5000
70.0000
44.5000
73.0000
75.5000
42.0000
65.0000
36.5000
1.0000
10.0000
42.0000
1.0000
40.0000
3.3300
37.0400
134.0000
14.2100
45.7800
1.0000
30.0000
38.0000
115.0000
4.6300
43.0000
186.0000
6.2200
45.0000
45.0000
1.0000
400.0000
150.0000
10.0000
1.0000
6.0000
28.0000
160.0000
97.0000
20.0000
6.0000
1.0000
1.5000
7.3600
3.0000
2.0000
100.0000
54.2600
2.0000
2.0000
387.0000
7.0000
35.0000
179.0000
50.0000
20.0000
100.0000
23.0000
60.0000
33.0000
40.0000
12.0000
52.0000
1.0000
100.0000
75.5800
1500.0000
2.0000
23.6800
142.0000
120.0000
120.0000
11.4200
82.0000
70.0000
25.0000
50.0000
2.0000
47.0000
54.0000
90.0000
2.0000
1.0000
1.0000
0.00
0.00
0.00
0.00
0.00
0.00
0.00
0.00
0.00
0.00
0.00
0.00
0.00
0.00
0.00
0.00
0.00
0.00
0.00
0.00
0.00
0.00
0.00
0.00
0.00
0.00
0.00
0.00
0.00
0.00
0.00
0.00
0.00
0.00
0.00
0.00
0.00
0.00
0.00
0.00
0.00
0.00
0.00
0.00
0.00
0.00
0.00
0.00
0.00
0.00
0.00
0.00
0.00
0.00
0.00
0.00
0.00
0.00
0.00
0.00
0.00
0.00
0.00
0.00
0.00
0.00
0.00
0.00
0.00
0.00
0.00
0.00
0.00
0.00
0.00
0.00
0.00
0.00
0.00
0.00
0.00
0.00
0.00
0.00
0.00
0.00
0.00
0.00
0.00
0.00
0.00
0.00
0.00
0.00
0.00
0.00
0.00
0.00
0.00
0.00
0.00
0.00
0.00
0.00
0.00
0.00
0.00
0.00
0.00
0.00
0.00
0.00
0.00
0.00
0.00
0.00
0.00
0.00
0.00
0.00
0.00
0.00
0.00
0.00
0.00
0.00
0.00
0.00
0.00
0.00
0.00
0.00
0.00
0.00
0.00
0.00
0.00
0.00
0.00
0.00
0.00
0.00
0.00
0.00
0.00
0.00
0.00
0.00
0.00
0.00
0.00
0.00
0.00
0.00
0.00
0.00
0.00
0.00
0.00
0.00
0.00
0.00
0.00
0.00
0.00
0.00
0.00
0.00
0.00
0.00
0.00
0.00
0.00
0.00
0.00
0.00
0.00
0.00
0.00
0.00
0.00
0.00
0.00
0.00
0.00
0.00
0.00
0.00
0.00
0.00
0.00
0.00
0.00
0.00
0.00
0.00
0.00
0.00
0.00
0.00
0.00
0.00
0.00
0.00
0.00
0.00
0.00
0.00
0.00
0.00
0.00
0.00
0.00
0.00
0.00
0.00
0.00
0.00
0.00
0.00
0.00
0.00
0.00
0.00
0.00
0.00
0.00
0.00
0.00
0.00
0.00
0.00
0.00
0.00
0.00
0.00
0.00
0.00
0.00
0.00
0.00
0.00
0.00
0.00
0.00
0.00
0.00
0.00
0.00
0.00
0.00
0.00
0.00
0.00
0.00
0.00
0.00
0.00
0.00
0.00
0.00
0.00
0.00
0.00
0.00
0.00
0.00
0.00
0.00
0.00
0.00
0.00
0.00
0.00
0.00
0.00
0.00
0.00
0.00
0.00
0.00
0.00
0.00
0.00
0.00
0.00
0.00
0.00
0.00
0.00
0.00
0.00
0.00
0.00
0.00
0.00
0.00
0.00
0.00
0.00
0.00
0.00
0.00
0.00
0.00
0.00
0.00
0.00
0.00
0.00
0.00
0.00
0.00
0.00
0.00
0.00
0.00
0.00
0.00
0.00
0.00
0.00
0.00
0.00
0.00
0.00
0.00
0.00
0.00
0.00
0.00
0.00
0.00
0.00
0.00
0.00
0.00
0.00
0.00
0.00
0.00
0.00
0.00
0.00
0.00
0.00
0.00
0.00
0.00
0.00
0.00
0.00
0.00
0.00
0.00
0.00
0.00
0.00
0.00
0.00
0.359000
0.152000
0.538000
0.017000
0.324000
-0.215000
0.007000
0.143000
-0.202000
0.000000
0.000000
0.000000
-0.194000
-0.204000
-0.199000
0.010000
0.000000
0.084000
0.084000
0.000000
0.000000
0.000000
-0.023000
0.000000
0.072000
0.114000
-0.202000
0.107000
-0.208000
-0.200000
0.010000
0.000000
0.000000
0.000000
0.026000
0.105000
0.000000
0.010000
0.089000
0.106000
0.069000
-1.498000
-1.517000
-0.486000
-0.563000
0.045000
0.021000
0.012000
-0.413000
-1.455000
1.338000
-0.023000
0.643000
-2.134000
-2.226000
2.750000
1.283000
0.016000
-0.243000
-0.017000
0.016000
-0.017000
2.009000
-0.355000
-0.468000
0.000000
0.027000
1.371000
-0.539000
0.832000
-0.013000
0.060000
-0.141000
0.082000
0.085000
0.938000
0.010000
1.617000
1.604000
-0.037000
1.749000
1.494000
1.249000
1.479000
0.065000
1.668000
0.059000
0.091000
-0.159000
0.390000
-0.014000
0.000000
-0.390000
-0.265000
0.063000
-0.481000
-0.129000
-0.242000
-0.467000
-0.516000
0.537000
0.090000
0.107000
-0.111000
-0.001000
-0.409000
0.331000
0.409000
0.953000
0.000000
0.008000
0.035000
0.486000
1.363000
-1.209000
-1.222000
-0.409000
-0.211000
-0.718000
-0.034000
-0.081000
1.410000
-0.232000
-1.412000
0.006000
-0.145000
-1.044000
1.198000
1.292000
0.192000
0.920000
-0.329000
0.314000
0.032000
-0.249000
0.860000
-0.026000
-2.097000
1.976000
-2.785000
-2.122000
0.000000
-1.618000
-1.572000
1.618000
2.304000
0.018000
3.970000
-4.910000
-4.915000
-4.923000
3.304000
12.222000
-3.276000
2.178000
0.024000
1.488000
0.907000
0.018000
2.049000
-1.915000
-1.788000
-1.769000
-0.066000
1.637000
1.757000
-1.532000
0.048000
-1.484000
0.142000
1.317000
0.167000
1.824000
1.706000
1.730000
-0.008000
-0.028000
0.101000
1.692000
1.484000
-0.212000
-0.097000
-1.227000
0.751000
-1.436000
-1.706000
-1.636000
1.338000
0.020000
2.694000
1.307000
1.361000
1.302000
1.270000
0.310000
-0.881000
0.793000
0.399000
0.191000
0.148000
0.304000
0.405000
0.602000
-0.398000
0.236000
0.359000
1.072000
1.202000
-0.906000
-0.573000
-0.371000
-0.093000
-0.029000
-0.064000
1.036000
0.718000
0.672000
1.681000
-0.498000
0.035000
0.000000
0.031000
0.008000
0.035000
0.011000
-0.167000
-0.331000
0.065000
-0.809000
-0.923000
-1.372000
1.757000
-0.073000
0.075000
-1.985000
0.285000
-0.039000
-0.024000
0.128000
0.855000
0.808000
1.451000
-0.397000
-0.423000
-0.182000
-0.501000
-12.285000
0.031000
0.014000
0.012000
-0.012000
0.018000
0.004000
-0.040000
12.282000
0.117000
0.076000
0.066000
-0.310000
-0.020000
-0.202000
-0.037000
0.000000
1.204000
0.000000
0.053000
0.036000
0.255000
0.021000
-0.090000
0.023000
-0.852000
-0.008000
-0.674000
-0.995000
-0.242000
-0.535000
-0.524000
-0.253000
0.008000
-0.642000
0.002000
-0.278000
0.154000
-0.170000
0.005000
0.028000
0.000000
0.204000
0.022000
0.006000
0.055000
0.062000
0.076000
0.011000
-0.109000
0.011000
0.000000
0.000000
0.000000
0.078000
0.000000
0.017000
0.000000
0.018000
0.227000
0.023000
0.084000
0.024000
0.576000
0.004000
-0.087000
-1.024000
-0.850000
-0.041000
-0.246000
-0.120000
0.020000
-0.423000
0.740000
-0.535000
-0.779000
0.224000
0.000000
-0.260000
-0.175000
0.039000
0.405000
0.016000
0.021000
0.012000
0.000000
0.299000
0.021000
0.000000
0.190000
0.038000
0.243000
0.224000
0.007000
0.000000
0.000000
-0.069000
-0.169000
0.094000
-0.141000
0.269000
0.184000
0.149000
-0.135000
0.049000
-4.923000
-0.130000
-0.131000
0.638000
-0.495000
0.046000
-0.087000
-12.285000
0.013000
