35
1
58
1
2
3
4
5
6
7
8
9
10
11
12
13
14
15
16
17
18
19
20
21
22
23
24
25
26
27
28
29
30
31
32
33
34
35
-2260.030
-2260.030
-881.330
514.830
-951.130
1806.280
1771.380
1806.280
-898.780
-916.230
3289.700
3254.800
4755.670
3237.350
1003.490
4755.670
6134.380
6169.280
4703.320
4685.860
6221.640
986.040
7757.420
7739.970
6099.480
6134.380
4703.320
3184.990
6134.380
7757.420
7739.970
9450.260
11090.750
11125.650
9380.450
6736.470
7905.760
7923.210
7888.310
6736.470
7853.400
6684.120
5619.550
5532.290
4258.290
6684.120
5549.740
5479.930
4171.030
2739.970
6684.120
6614.310
7748.690
7748.690
8883.070
9685.860
1553.230
8917.980
7731.240
5427.570
4240.840
4153.580
2670.160
1535.780
4258.290
5532.290
7766.140
7766.140
5532.290
5479.930
24.900
29.900
31.400
40.770
24.300
28.000
22.400
31.400
21.900
17.600
17.800
22.900
14.100
17.400
19.400
17.100
19.900
20.600
36.400
23.500
26.300
34.300
20.800
26.300
15.400
11.400
11.400
11.100
10.500
11.600
25.200
12.900
12.900
18.200
25.200
0.0000
48.9700
37.7000
52.4100
20.6500
231.7500
65.6600
29.1200
9.9500
3.8700
17.5000
10.4300
9.8700
11.0500
26.2700
14.5300
17.6600
17.3300
8.2900
79.8600
115.7400
7.3600
9.3600
23.9500
20.3800
26.3800
20.7800
22.7800
34.5600
24.0500
18.3700
47.2800
54.4100
0.0000
7.7200
57.60280
56.66950
56.52290
55.77700
55.48940
54.72870
53.92640
53.82630
53.82300
52.15490
52.50050
51.36700
51.40930
50.99780
50.73970
51.95690
50.68860
50.56510
51.41870
49.33220
48.61330
50.47280
48.97020
49.38460
50.27330
50.32780
50.79110
50.35770
50.02570
49.81990
49.34180
48.85930
48.60880
49.06230
49.38540
36
-2277.49
5479.93
58.00
58.00
1
2
3
4
5
6
7
8
9
10
11
12
13
14
15
16
17
18
19
20
21
22
23
24
25
26
27
28
29
30
31
32
33
34
35
36
37
38
39
40
41
42
43
44
45
46
47
48
49
50
51
52
53
54
55
56
57
58
36
1
2
3
4
6
7
11
16
3
3
4
4
6
7
9
5
9
7
11
11
10
15
12
12
16
16
19
19
16
13
27
27
25
26
15
26
30
25
30
17
25
17
18
24
20
11
20
21
20
15
23
31
32
31
33
35
29
1
2
3
4
6
7
11
16
17
4
5
5
6
7
8
8
9
10
11
16
12
15
14
14
13
13
19
20
18
17
27
14
26
26
28
28
29
29
30
35
25
31
18
24
23
24
20
21
23
23
22
32
32
33
35
34
34
22
900
900
900
600
600
600
500
400
300
700
300
300
600
600
300
300
300
300
500
400
300
300
300
300
300
300
450
300
300
300
300
300
300
300
300
300
300
300
300
300
300
300
300
300
300
300
300
300
300
300
300
300
300
300
300
300
300
300
200
470
80
370
410
540
530
130
470
370
470
380
410
540
170
390
510
600
530
130
530
560
440
160
350
170
350
590
400
470
350
540
230
270
400
620
600
350
540
370
90
540
220
390
400
560
900
310
300
510
250
350
380
690
670
870
620
580
0
0
0
0
0
0
0
0
0
0
0
0
0
0
0
0
0
0
0
0
0
0
0
0
0
0
0
0
0
0
0
0
0
0
0
0
0
0
0
0
0
0
0
0
0
0
0
0
0
0
0
0
0
0
0
0
0
0
1145.99000
1145.99000
1097.02000
396.87200
451.81830
335.94330
287.09110
202.58770
74.36730
596.01030
66.43770
36.83570
451.81830
335.94330
32.04450
-2.92450
82.62340
75.59790
287.09110
202.58770
65.42710
71.72790
-31.97090
68.22680
-13.22970
81.97370
159.93710
86.29740
65.34970
74.36730
58.87390
-25.20600
63.29990
-17.63170
-10.07770
32.85770
29.36590
-32.01700
39.01540
46.98230
99.87250
58.10880
31.20210
79.22180
43.83070
-11.44110
86.07970
68.41570
-47.32430
35.54250
44.57110
22.68890
49.06420
24.47310
-9.32540
-29.93690
29.93690
-37.21110
