443
4
454
1
2
3
4
5
6
7
8
9
10
11
12
13
14
15
16
17
18
19
20
21
22
23
24
25
26
27
28
29
30
31
32
33
34
35
36
37
39
40
41
42
45
46
47
48
49
50
51
52
53
54
55
56
57
58
59
60
61
62
63
64
65
66
67
68
69
70
71
72
73
74
75
76
77
78
79
80
81
82
83
84
85
86
87
89
90
91
92
93
94
95
96
97
98
99
100
101
102
103
104
105
106
107
108
109
110
111
112
113
114
115
116
117
118
119
120
121
122
123
124
125
126
127
128
129
130
131
132
133
134
135
136
137
138
139
141
142
143
144
145
147
148
149
150
151
152
153
154
155
156
157
158
159
160
161
162
163
164
165
166
168
169
170
171
172
173
174
177
179
180
181
182
183
184
185
186
187
188
189
190
191
192
193
194
195
196
197
198
199
200
201
203
204
205
206
207
208
209
210
211
212
213
214
215
216
217
218
219
220
221
222
223
224
225
226
227
228
229
230
231
232
233
234
235
236
237
238
239
240
241
242
243
244
245
246
247
248
249
250
251
252
253
254
255
256
257
258
259
260
261
262
263
264
265
266
268
269
270
271
272
273
274
275
276
277
278
279
280
281
282
284
285
286
287
288
289
290
291
293
294
295
296
297
298
299
300
301
302
303
304
305
306
307
309
310
311
312
313
314
315
316
317
318
319
320
321
322
323
324
325
326
327
328
329
330
331
332
333
334
335
336
337
338
339
340
341
342
343
344
345
346
347
348
349
350
351
352
353
354
355
356
357
358
359
360
361
362
363
364
365
366
367
368
369
370
371
372
373
374
376
377
378
379
380
381
382
383
384
385
387
388
389
390
391
392
393
394
395
396
397
398
399
400
401
402
403
404
405
406
407
408
409
410
411
412
413
414
415
416
417
418
419
420
421
422
601
1791
24001
28001
45001
46001
71001
125001
127001
131001
140001
159001
171001
180001
180002
180003
180004
190001
200001
202001
215001
223001
234001
235001
250001
250002
250003
250004
256001
257001
258001
259001
260001
301001
350001
360001
396001
407001
-725.470
-690.400
-657.280
-659.830
-612.480
-576.760
-632.500
-621.050
-561.830
-397.940
-383.950
-519.620
-489.750
-545.600
-453.390
-441.160
-422.090
-368.060
-325.470
-252.740
-272.220
-244.050
-167.750
-149.910
-114.730
-167.750
-140.040
-122.060
-148.120
-175.460
-113.160
-139.220
-166.450
-172.280
-96.430
-116.880
-147.460
-120.130
-122.840
-74.780
-91.390
-118.150
-137.720
-67.910
-83.600
-113.910
-54.380
-91.720
-19.370
-47.350
-82.520
10.160
-16.500
-38.150
-61.420
43.210
13.970
-21.920
-22.260
77.180
35.980
12.720
-14.880
107.950
122.020
128.520
139.880
166.940
191.730
-19.080
-41.330
1.890
10.790
-8.490
9.440
12.000
5.600
3.040
81.990
-25.150
-50.000
-73.810
-28.990
-50.130
-69.300
-104.900
-78.200
-64.850
-49.590
-59.520
-50.430
-29.890
-27.980
-21.100
-13.530
-8.120
-12.340
10.160
12.770
24.890
27.960
47.660
85.170
106.280
118.970
133.060
143.950
141.770
147.150
158.040
134.980
143.670
155.780
174.890
169.160
143.650
134.010
131.110
119.520
85.800
101.600
133.060
92.790
121.890
134.330
148.130
122.430
122.030
135.150
151.920
95.640
110.800
141.910
148.400
107.820
92.180
132.760
118.420
128.700
141.420
112.280
120.760
155.570
136.020
50.510
39.150
-4.600
-7.850
-28.410
-36.880
-8.930
6.220
-47.940
-68.060
43.970
43.850
43.970
30.170
44.140
59.390
74.000
87.260
44.510
56.680
66.960
45.590
62.440
15.300
53.440
147.150
114.410
116.410
101.250
94.460
148.430
131.140
116.410
116.410
130.500
89.510
78.620
86.940
72.210
101.250
109.360
100.570
116.200
131.150
86.940
74.770
86.940
90.380
111.900
125.110
143.470
161.240
186.870
188.910
188.910
127.710
128.360
202.500
89.510
76.690
89.510
89.510
103.600
49.660
38.380
38.380
27.750
27.750
53.840
53.220
42.590
20.030
120.130
-0.010
188.230
174.640
173.960
152.900
202.760
202.760
179.460
168.290
168.290
130.300
168.440
195.830
173.410
195.830
195.140
195.830
195.830
195.140
164.450
127.760
-4.220
-4.460
-7.000
-10.180
19.060
41.940
49.570
61.010
43.850
43.210
41.940
-26.990
-41.320
-60.440
4.320
30.520
47.870
-5.840
-18.360
-36.580
-43.240
-61.040
-49.590
-2.560
23.420
32.220
-5.730
-24.030
-45.670
-64.290
-64.720
2.530
37.570
29.310
17.880
6.970
-8.910
-27.060
-38.310
-15.270
-22.900
-41.770
-45.240
-58.230
-72.510
-78.570
-100.220
-184.640
-162.220
-100.730
-115.460
-129.090
-140.260
-125.070
-134.680
-77.290
-88.530
-70.170
-105.840
-122.290
-122.730
-138.740
-156.060
-156.490
-167.320
-159.450
-150.050
-143.000
-184.740
-210.070
-166.560
-127.150
-149.390
-148.770
-164.780
-182.710
-132.750
-91.550
-80.110
-105.530
-143.000
-167.340
-125.240
-144.310
-110.710
-104.260
-65.260
-39.610
-38.150
-38.150
-43.510
-172.280
-184.350
-193.890
-205.330
-209.150
-225.670
-258.730
-252.090
-252.090
-254.690
-257.930
-271.570
-281.310
-300.790
-226.910
-214.100
-179.980
-151.940
-208.980
-182.710
-115.070
-163.380
-177.590
-185.280
-169.900
-200.650
-212.800
-240.730
-229.360
-220.270
-278.710
-283.800
-253.940
-227.660
-239.610
-244.380
-230.050
-375.780
-370.270
-469.200
-499.490
-518.970
-541.700
-562.480
-570.270
-581.960
-593.650
-615.730
-638.450
-625.470
-392.850
-373.150
-426.590
-441.690
-466.940
-481.750
-471.300
-414.750
-387.660
-339.610
-277.270
-168.180
-127.920
-101.300
-60.390
-29.560
53.890
64.770
69.810
110.710
130.500
107.470
102.920
100.320
96.430
166.530
-422.330
60.740
-133.000
-126.510
-49.990
-41.020
167.380
116.410
102.330
107.550
79.730
-57.810
45.860
128.390
90.260
74.240
72.940
86.980
86.940
47.870
37.410
50.940
202.760
202.880
40.580
-6.570
-5.930
45.310
15.210
7.520
12.060
38.900
-0.010
-144.940
-242.210
-199.370
-417.010
-235.710
529.920
518.230
539.010
495.300
472.130
497.450
450.810
462.250
418.230
335.750
352.910
486.410
461.740
497.450
435.110
454.620
436.190
362.450
324.950
311.090
287.710
268.090
272.290
274.950
289.150
261.470
248.480
206.710
202.900
213.700
180.650
171.110
158.010
178.740
138.100
128.650
125.410
117.020
103.490
84.420
75.590
68.580
61.280
22.860
21.780
17.450
-9.600
-17.720
-30.740
-50.190
-49.110
-74.250
-86.990
-88.070
-86.990
-148.620
-146.720
-117.560
-147.350
-215.620
-215.770
-211.990
-196.830
-225.510
-238.500
-260.690
-234.710
-226.600
-242.440
363.080
351.640
373.260
309.690
308.350
272.480
248.780
230.840
287.210
344.650
295.540
294.810
291.340
277.600
262.870
241.040
229.600
142.510
145.050
150.140
178.350
201.730
150.770
120.900
106.470
91.310
150.030
182.250
153.950
169.700
174.460
157.770
155.220
169.210
188.310
187.930
185.370
194.330
176.880
166.790
158.470
241.260
241.260
236.760
215.740
231.660
267.100
292.450
311.770
330.130
152.040
150.030
148.860
120.900
102.680
99.970
105.380
57.220
70.680
61.550
64.530
0.140
0.140
17.990
1.490
-9.330
-42.840
-49.330
-38.510
-26.060
-32.290
-106.200
-129.550
-139.750
-160.700
-43.110
-43.650
-27.730
21.510
18.800
38.900
52.900
61.010
59.310
115.550
133.250
121.530
109.170
108.360
96.370
97.540
101.600
105.650
81.570
67.230
67.230
38.830
40.960
27.600
12.580
757.990
753.380
683.690
682.420
664.080
579.930
579.930
579.930
547.260
547.260
579.930
579.930
510.750
510.750
509.830
500.500
465.660
465.660
457.500
465.910
465.910
439.650
428.280
424.680
424.680
424.350
424.920
433.720
416.730
400.420
411.470
393.720
456.820
415.310
415.310
401.220
387.770
396.100
382.170
382.290
365.870
345.580
330.130
336.890
322.520
302.230
411.270
361.180
387.880
497.590
497.590
484.000
484.000
498.480
558.230
540.260
540.210
531.890
532.810
515.640
594.020
594.020
614.510
636.420
659.350
682.410
705.070
704.830
705.070
716.230
700.620
680.920
656.760
719.060
718.420
727.950
740.030
677.100
642.780
613.540
595.820
571.930
586.270
570.960
523.810
523.940
523.810
526.580
547.190
531.540
555.690
516.910
492.760
493.760
500.190
475.600
493.510
493.940
487.450
475.320
455.260
442.710
438.070
439.630
430.280
434.910
435.500
435.070
411.400
389.780
390.480
402.160
393.940
397.400
414.290
426.840
479.360
471.040
403.140
410.190
412.160
416.230
435.810
440.930
382.770
365.800
361.410
359.310
354.110
326.410
347.190
347.620
324.680
316.880
377.380
387.130
394.180
399.030
398.380
429.190
567.770
556.330
567.760
568.400
569.040
592.100
525.810
528.990
584.930
617.720
608.110
644.050
701.890
705.840
671.380
709.090
711.040
695.540
677.100
657.470
698.710
677.740
652.310
626.880
602.730
691.720
645.320
585.110
563.030
550.700
537.060
582.520
563.680
564.980
537.010
534.450
530.490
530.900
512.670
507.550
532.810
501.020
449.260
440.930
457.590
447.340
461.090
465.630
482.190
480.570
474.720
450.100
445.320
433.370
415.460
393.960
384.400
463.240
489.660
504.690
523.420
537.060
554.590
557.190
566.930
577.970
589.010
605.240
611.740
579.920
553.780
541.070
596.350
610.430
619.130
605.200
588.660
646.060
674.350
693.180
684.090
748.380
769.160
784.090
802.270
815.860
805.310
832.940
855.520
868.510
886.730
848.380
822.400
804.220
775.000
836.650
496.300
-12.580
276.980
224.510
31.630
13.420
-237.030
147.580
101.190
53.710
-42.840
85.450
62.360
752.750
735.930
703.030
601.300
553.990
451.820
439.650
413.200
350.410
532.170
578.000
843.830
770.160
744.540
758.630
629.240
582.490
600.820
587.610
550.610
492.760
640.580
531.890
569.040
725.650
13.200
16.500
23.900
14.200
12.500
18.400
10.000
8.500
1.700
3.300
4.000
15.000
12.400
19.250
6.700
8.100
10.000
8.000
3.200
11.000
4.800
5.200
7.500
10.000
14.500
12.300
31.200
22.500
9.200
5.650
20.000
7.100
4.600
4.400
30.000
13.000
6.000
10.000
6.300
31.000
15.000
5.900
3.500
13.100
7.100
1.600
20.000
4.400
31.000
14.500
4.100
30.000
12.900
4.800
3.000
21.000
11.000
5.000
3.500
9.000
4.500
3.300
1.200
12.300
9.300
8.160
8.800
8.100
7.400
32.500
40.000
47.000
47.400
45.000
44.800
45.800
46.600
44.400
46.900
40.200
40.000
50.000
41.400
40.300
47.000
45.000
42.500
40.000
50.000
51.700
51.400
52.800
51.400
46.000
45.000
53.100
51.200
54.500
51.500
52.400
55.800
54.000
50.000
46.200
48.600
47.600
47.100
45.600
47.900
46.000
50.000
50.000
47.500
45.000
46.000
49.500
50.000
49.300
47.300
52.200
51.100
49.300
56.500
55.000
52.300
50.200
52.400
55.000
46.600
28.800
60.000
43.300
25.000
23.600
42.500
50.000
24.000
38.300
36.800
27.000
33.000
29.000
19.000
45.000
56.500
55.000
34.000
41.600
34.000
34.200
40.000
46.000
31.400
32.900
55.000
55.200
55.200
57.800
56.700
57.300
57.100
56.500
60.000
60.000
60.000
59.300
60.000
58.900
60.000
95.000
93.000
95.000
87.700
85.700
95.000
95.000
95.000
94.200
90.500
95.000
91.800
95.000
85.000
95.000
95.000
92.700
90.000
89.600
94.000
77.800
95.000
94.200
92.900
91.400
84.200
80.600
76.800
70.000
70.000
90.800
65.000
73.800
74.000
60.000
62.700
62.000
57.250
50.000
52.300
51.700
52.000
50.800
50.100
49.500
50.700
52.800
49.800
49.600
72.500
80.500
84.200
87.170
65.000
71.500
76.000
83.000
81.300
86.300
83.000
83.300
87.800
83.600
78.100
83.500
85.000
90.800
95.000
94.100
83.000
82.500
78.800
78.800
83.900
82.600
84.000
87.000
83.500
83.300
81.500
76.400
76.000
75.800
70.500
70.000
71.400
65.000
66.000
73.700
72.400
73.400
70.000
65.500
66.000
71.000
60.000
67.200
71.400
73.600
75.000
66.800
70.000
71.000
72.000
73.300
55.000
71.000
68.000
49.000
47.600
48.500
51.400
51.700
52.000
55.000
60.000
75.000
75.200
50.000
50.000
50.800
51.000
54.800
54.800
50.000
45.700
48.400
45.600
45.000
40.000
45.000
46.000
40.000
35.000
46.900
47.500
50.000
47.400
44.000
53.400
75.000
75.700
76.500
77.000
77.700
75.300
75.700
75.000
80.000
80.200
80.400
80.000
84.360
81.100
81.600
83.540
83.600
82.800
82.200
80.200
84.400
84.100
83.100
82.900
82.760
84.200
83.600
82.100
81.800
81.500
81.100
82.300
82.100
82.000
80.700
80.600
79.500
80.000
80.500
80.000
79.700
79.400
59.800
58.000
59.200
59.500
59.200
57.200
68.000
69.500
56.200
52.700
56.600
53.000
50.500
45.000
45.000
52.700
56.000
54.700
54.800
54.800
55.500
52.500
53.000
52.000
50.000
56.400
55.600
40.400
80.500
80.500
81.700
81.700
81.700
80.800
80.900
83.740
84.300
84.400
84.500
86.700
87.000
89.700
89.700
90.000
100.000
102.000
103.000
103.000
104.000
103.000
101.100
99.800
98.100
103.000
56.000
60.000
10.000
32.200
32.000
33.000
8.100
49.400
56.000
57.000
55.500
34.000
60.000
95.600
95.000
90.000
84.200
95.000
95.000
70.000
75.000
54.500
65.000
75.500
100.000
88.600
86.000
85.000
75.000
71.000
74.400
71.600
75.300
75.000
83.700
80.500
80.400
85.000
5.550
5.550
5.550
5.550
5.550
5.550
5.550
5.550
5.550
5.550
5.550
5.550
5.550
5.550
5.550
5.550
5.550
5.550
5.550
5.550
5.550
5.550
5.550
5.550
5.550
5.550
5.550
5.550
5.550
5.550
5.550
5.550
5.550
5.550
5.550
5.550
5.550
5.550
5.550
5.550
5.550
5.550
5.550
5.550
5.550
5.550
5.550
5.550
5.550
5.550
5.550
5.550
5.550
5.550
5.550
5.550
5.550
5.550
5.550
5.550
5.550
5.550
5.550
5.550
5.550
5.550
5.550
5.550
5.550
5.550
5.550
5.550
5.550
5.550
5.550
5.550
5.550
5.550
5.550
5.550
5.550
5.550
5.550
5.550
5.550
5.550
5.550
5.550
5.550
5.550
5.550
5.550
5.550
5.550
5.550
5.550
5.550
5.550
5.550
5.550
5.550
5.550
5.550
5.550
5.550
5.550
5.550
5.550
5.550
5.550
5.550
5.550
5.550
5.550
5.550
5.550
5.550
5.550
5.550
5.550
5.550
5.550
5.550
5.550
5.550
5.550
5.550
5.550
5.550
5.550
5.550
5.550
5.550
5.550
5.550
5.550
5.550
5.550
5.550
5.550
5.550
5.550
5.550
5.550
5.550
5.550
5.550
5.550
5.550
5.550
5.550
5.550
5.550
5.550
5.550
5.550
5.550
5.550
5.550
5.550
5.550
5.550
5.550
5.550
5.550
5.550
5.550
5.550
5.550
5.550
5.550
5.550
5.550
5.550
5.550
5.550
5.550
5.550
5.550
5.550
5.550
5.550
5.550
5.550
5.550
5.550
5.550
5.550
5.550
5.550
5.550
5.550
5.550
5.550
5.550
5.550
5.550
5.550
5.550
5.550
5.550
5.550
5.550
5.550
5.550
5.550
5.550
5.550
5.550
5.550
5.550
5.550
5.550
5.550
5.550
5.550
5.550
5.550
5.550
5.550
5.550
5.550
5.550
5.550
5.550
5.550
5.550
5.550
5.550
5.550
5.550
5.550
5.550
5.550
5.550
5.550
5.550
5.550
5.550
5.550
5.550
5.550
5.550
5.550
5.550
5.550
5.550
5.550
5.550
5.550
5.550
5.550
5.550
5.550
5.550
5.550
5.550
5.550
5.550
5.550
5.550
5.550
5.550
5.550
5.550
5.550
5.550
5.550
5.550
5.550
5.550
5.550
5.550
5.550
5.550
5.550
5.550
5.550
5.550
5.550
5.550
5.550
5.550
5.550
5.550
5.550
5.550
5.550
5.550
5.550
5.550
5.550
5.550
5.550
5.550
5.550
5.550
5.550
5.550
5.550
5.550
5.550
5.550
5.550
5.550
5.550
5.550
5.550
5.550
5.550
5.550
5.550
5.550
5.550
5.550
5.550
5.550
5.550
5.550
5.550
5.550
5.550
5.550
5.550
5.550
5.550
5.550
5.550
5.550
5.550
5.550
5.550
5.550
5.550
5.550
5.550
5.550
5.550
5.550
5.550
5.550
5.550
5.550
5.550
5.550
5.550
5.550
5.550
5.550
5.550
5.550
5.550
5.550
5.550
5.550
5.550
5.550
5.550
5.550
5.550
5.550
5.550
5.550
5.550
5.550
5.550
5.550
5.550
5.550
5.550
5.550
5.550
5.550
5.550
5.550
5.550
5.550
5.550
5.550
5.550
5.550
5.550
5.550
5.550
5.550
5.550
5.550
5.550
5.550
5.550
5.550
5.550
5.550
5.550
5.550
5.550
5.550
5.550
5.550
5.550
5.550
5.550
5.550
5.550
5.550
0.000
5.550
5.550
5.550
5.550
5.550
5.550
5.550
5.550
5.550
5.550
5.550
5.550
5.550
5.550
5.550
5.550
5.550
5.550
5.550
5.550
5.550
5.550
5.550
5.550
5.550
5.550
5.550
5.550
5.550
5.550
5.550
5.550
5.550
5.550
5.550
5.550
5.550
43.70150
44.31290
43.94110
50.78930
61.91000
68.71200
53.89500
54.17320
53.46530
44.26180
44.61980
85.99660
93.25620
75.81180
64.50850
64.24950
64.15590
45.35490
45.14870
44.93360
45.38530
46.16100
49.15730
47.09920
44.41930
50.42930
62.75220
90.59290
87.98690
87.42230
89.12840
84.24130
83.96590
83.83090
83.96370
77.96640
77.50360
76.65860
76.21790
78.83730
74.38730
72.45910
72.01290
62.60470
61.37340
60.67370
65.37780
64.49090
62.31270
60.77590
60.04040
51.48530
48.32670
46.95210
46.54440
43.23740
36.28430
35.70860
35.70030
38.46910
35.05210
34.00210
33.31350
40.61250
42.59590
42.25710
48.16740
55.21600
54.66310
106.63310
106.28330
108.30360
105.53330
105.71510
93.07440
91.98620
91.73000
94.52460
106.22150
103.84750
102.23430
101.79080
103.18670
102.17880
100.01170
98.90810
91.90630
93.91900
94.45510
93.40510
92.84040
96.13810
90.41670
89.17570
88.82590
98.60390
98.06130
99.52110
97.83150
97.59740
100.02030
100.48480
91.05880
85.12940
81.07970
74.37230
74.20430
68.77010
67.93010
67.56100
90.13350
88.79330
85.03870
82.50020
83.12000
100.72770
101.72030
103.70840
105.16910
98.13100
94.87300
92.21200
92.52000
89.86700
88.44470
87.96260
83.89250
83.52340
82.58480
81.97050
84.85100
78.45170
77.23980
77.18740
77.94490
80.63940
79.23460
74.67960
73.57230
73.02690
76.44940
74.47430
74.07490
66.32830
76.63340
76.13570
75.91920
76.04950
76.36630
78.64390
76.82070
76.46540
81.73430
84.99080
98.84820
97.85230
95.71810
95.26640
92.51190
90.56500
89.18090
88.86960
90.09880
85.55170
85.27620
83.72660
83.29960
80.28420
80.56790
124.05040
123.34910
122.58870
121.60550
121.37140
119.88370
120.09850
120.46120
119.46320
117.13000
119.21480
119.02200
118.51410
118.23040
117.50230
116.96790
114.41220
112.26450
112.00830
117.59080
117.15560
115.72060
114.80490
112.96230
111.88360
110.42900
109.93490
109.40870
106.69770
105.87690
111.14860
110.40770
109.24770
102.92670
102.02050
100.04620
99.89190
99.57510
91.33370
91.62290
86.35060
85.52970
85.18260
75.67010
73.10230
72.98660
110.89680
106.01770
110.27540
109.18890
108.24440
107.51480
107.22280
109.60890
110.49340
111.99780
112.37790
113.77160
114.75600
113.65040
113.04380
112.57560
114.39710
115.63080
117.44890
119.71590
120.76700
122.32450
122.94150
115.65320
113.86530
112.20430
112.06380
113.39390
108.59330
108.10640
107.52250
106.14970
105.32880
105.10570
99.73150
99.94640
99.69850
107.27020
105.08860
115.60860
105.71390
102.79460
95.49750
95.79230
95.18630
94.96590
101.36040
100.50130
100.12400
99.28200
97.70300
96.57070
95.34370
95.11790
99.46030
106.66540
105.29460
103.71960
103.49100
100.12290
98.10870
97.91870
104.34340
105.86640
105.07230
103.40790
103.77150
103.09820
102.04820
101.54690
100.76090
101.39170
91.75880
86.57470
83.82730
80.70840
79.27650
79.14980
102.35180
99.32730
99.01050
95.93410
92.54200
92.07370
85.69170
82.65220
80.96260
80.63760
84.88620
84.28480
83.41990
89.18220
88.45500
100.99480
106.12730
101.02620
101.32920
100.69920
100.42650
108.15970
110.16960
109.98230
111.01150
110.62350
110.12220
112.06030
112.64680
113.85460
113.17700
114.48360
115.13130
113.40300
112.79200
112.15020
115.05720
109.42850
104.20370
103.40190
103.26420
117.61330
111.55720
104.76010
102.73370
102.07510
101.74180
103.97630
103.20310
102.93870
100.81410
100.97660
102.22450
102.69680
100.66660
101.05770
102.98500
101.83090
97.58520
98.07200
97.34560
96.26540
94.52970
91.75460
89.75960
89.57500
91.78370
87.42220
87.89040
82.29520
80.68610
78.53830
78.41710
92.63630
93.03850
97.96080
92.59600
91.00720
89.34700
85.73820
84.11830
83.12550
81.51970
76.41420
75.60280
75.18690
101.40560
101.32020
105.64400
104.93090
104.13840
101.30330
101.07470
109.91650
112.59470
115.49270
117.10930
119.86730
121.12770
121.33240
121.70260
121.95140
121.43930
122.19340
123.29600
123.89080
124.54490
123.49900
121.43320
120.78830
118.18240
124.75930
93.95160
80.10510
45.00870
91.96360
75.53640
67.13420
54.99640
92.39110
91.89330
89.38720
77.41770
83.67800
86.42990
123.70710
115.45750
114.65870
114.48340
119.03230
116.48970
113.56730
112.23510
77.97450
110.49590
111.05650
122.77970
116.31870
116.09880
119.37350
111.86490
108.24300
109.63380
108.75240
106.80010
102.14580
111.76380
101.53980
103.52470
118.55810
38
43
44
88
52.150
192.620
30.170
-567.070
481.540
913.460
822.680
714.700
117.000
127.000
122.000
112.000
117.000
127.000
122.000
112.000
1
2
3
4
5
8
10
11
12
13
15
16
17
18
19
20
21
22
23
24
26
27
28
30
32
33
34
35
38
39
40
41
42
43
44
46
47
49
50
51
52
53
56
57
58
59
61
62
63
64
65
67
68
69
70
71
73
74
75
77
78
81
82
83
84
86
87
88
89
90
91
92
94
95
96
97
98
99
101
102
103
104
105
106
107
108
110
112
113
114
115
116
118
119
120
121
122
123
124
125
126
127
128
131
132
133
134
136
137
138
139
140
141
142
143
144
145
146
147
148
149
150
151
152
153
154
155
157
159
160
161
164
165
166
167
168
169
170
171
172
173
174
175
176
177
179
181
182
183
184
185
186
187
188
190
191
192
193
194
196
197
198
199
200
201
202
204
206
207
208
209
212
213
214
216
218
219
220
221
222
223
224
226
227
228
229
230
231
232
234
235
236
237
238
239
240
243
244
245
246
247
248
249
251
254
255
256
257
258
259
260
261
262
263
265
266
267
268
269
271
272
273
274
275
276
277
278
279
280
282
284
288
289
290
291
292
294
295
296
297
298
299
300
301
302
304
306
307
308
311
312
313
315
316
317
318
321
322
323
324
325
328
329
330
331
332
333
334
335
336
337
338
342
343
344
345
346
348
349
350
351
352
353
354
355
356
357
358
359
361
362
363
364
365
366
367
368
369
370
373
374
375
376
379
380
381
382
383
385
386
390
392
393
394
397
398
399
400
401
402
404
405
406
407
408
409
414
415
416
417
418
419
421
422
423
424
428
429
430
433
434
435
438
439
441
442
443
446
450
457
458
459
460
464
465
467
468
469
471
472
473
474
476
477
479
480
481
482
485
486
487
489
490
492
496
497
498
499
500
501
503
506
508
509
510
511
512
513
514
515
517
519
520
521
522
523
524
525
526
530
532
535
536
537
538
539
540
542
543
544
545
546
547
548
549
550
552
554
555
557
558
563
564
565
567
568
571
575
576
578
579
580
581
588
589
590
593
600
601
605
606
607
608
609
610
611
612
613
614
615
616
617
618
620
126
125001
125
124
266
106
161
162
163
163
165
166
165
170
171001
171
171001
173
173
106
179
179
168
124
128
129
127001
131
106
105
131001
131
133
131001
135
136
136
102
136
385
100
102
141
143
144
141
141
140001
151
269
124
107
108
109
110
110
112
113
115
115
116
119
117
103
100
96
97
98
96
83
93
94
93
92
91
160
159001
159
156
157
156
155
155
234001
77
55
59
60
60
141
147
148
148
59
63
63
64
65
260001
67
68
68
70
152
55
56
57
52
53
55
52
46001
50
46001
47
48
301001
41
42
45
45001
41
35
36
39
36
35
31
32
32
235
91
250001
13
90
23
31
28001
28
29
90
28001
27
26
23
220
213
24
234001
288
365
24001
319
250002
322
81
78
79
43
325
46001
84
115
120
121
122
77
238
192
77
123
73
336
334
239
135
75
219
150
83
43
220
221
222
221
223001
224
225
370
256001
258001
257001
264
265
268
274
83
215
214
216
216
256001
214
215001
203
204
204
211
205
206
207
208
208
209
203
405
86
201
200001
234
230
231
232
199
196
197
199
192
194
192
234
236
237
250004
238
190001
187
186
187
188
180004
235001
241
241
243
244
182
183
187
182
249
248
247
246
180001
180001
71
187
190
180004
180002
180
400
404
258001
199
202001
287
286
285
399
202001
274
275
89
229
268
271
202001
318
317
316
315
313
313
312
310
310
309
297
298
297
296
294
293
293
71001
296
127
288
289
288
282
277
278
279
280
127001
271
271
82
227
227
268
262
301001
303
319
262
304
255
258
259
255
256
255
421
420
419
418
416
417
416
415
415
414
22
21
19
422
319
21
297
302
305
306
320
322
301
324
368
367
365
365
362
361
360001
360
366
364
325
327
327
328
330
324
331
333
331
254
250
341
340
338
338
341
342
343
250
251
252
250002
412
411
410
409
408
407001
407001
407
350
350001
350001
350001
350
345
346
347
348
334
406
352
353
354
356
357
368
371
372
373
372
378
379
380
381
372
376
384
378
396001
397
400
401
402
18
11
9
18
15
12
14
6
5
13
15
15
250
4
8
601
601
385
387
388
389
390
391
392
393
394
395
4
2
2
125001
125
124
106
38
161
162
163
164
165
166
168
170
171001
171
172
173
179
174
82
1791
177
169
127
129
130
131001
132
105
102
131
133
134
135
136
137
138
100
139
88
101
103
143
144
145
142
140001
151
152
271
107
108
109
110
111
112
113
114
108
116
117
118
119
104
96
97
98
99
93
77
94
95
92
91
160
159001
159
156
157
158
155
154
153
235
81
59
60
61
62
147
148
150
149
63
67
64
65
66
262
68
69
70
71
153
56
57
58
53
54
52
46001
50
51
47
48
49
366
42
45
46
41
35
36
39
40
37
31
32
33
34
235001
90
412
385
89
24
28
28
29
30
28001
27
26
23
22
215001
234
24001
238
291
301001
25
322
44
324
78
79
80
417
330
45001
85
120
121
122
123
75
240
190001
76
82
74
337
345
189
141
73
220
71
84
422
221
222
223
223001
224
225
226
371
258001
257001
264
260001
268
274
277
86
214
216
217
218
254
203
202001
204
205
211
212
206
207
208
213
209
210
201
404
87
200001
199
230
231
232
233
196
197
198
192
194
195
193
234001
237
238
413
239
190
186
185
188
189
266
241
242
243
244
245
183
184
182
249
248
247
246
245
249
181
71001
190
191
180003
180003
180001
399
399
259001
200
284
286
285
284
396001
38
275
276
87
75
269
270
82
317
316
315
313
314
312
310
311
309
297
298
299
296
294
293
229
291
72
295
127001
289
290
282
277
278
279
280
281
128
272
273
228
229
215001
260001
261
301
304
315
263
305
258
259
260
256
257
254
180002
421
420
419
418
416
415
250001
414
413
21
19
18
180
320
20
302
303
306
307
321
323
300
368
367
369
325
362
361
360001
360
359
364
363
327
326
328
329
334
331
333
336
332
250
341
340
338
337
339
342
343
344
251
252
253
250003
411
410
409
408
407001
406
350
350
350001
351
352
356
345
346
347
348
349
335
405
353
354
355
357
358
370
372
373
374
378
379
380
381
382
376
384
383
377
397
398
401
402
403
11
10
8
15
13
14
6
5
8
12
16
17
250003
8
7
384
385
387
388
389
390
391
392
393
394
395
396
2
3
1
113.00
113.00
113.00
361.80
113.00
226.20
226.20
226.20
113.00
162.80
113.00
113.00
162.80
162.80
113.00
113.00
144.60
113.00
113.00
452.20
113.00
113.00
113.00
361.80
113.00
113.00
361.80
113.00
285.00
285.00
113.00
113.00
113.00
285.00
113.00
113.00
113.00
285.00
113.00
361.80
113.00
113.00
113.00
113.00
113.00
113.00
113.00
144.60
113.00
113.00
113.00
113.00
126.60
126.60
113.00
113.00
113.00
113.00
144.60
113.00
113.00
113.00
113.00
113.00
226.20
113.00
113.00
113.00
180.80
452.20
113.00
113.00
226.20
180.80
180.80
180.80
180.80
162.80
113.00
113.00
113.00
113.00
113.00
113.00
113.00
162.80
113.00
113.00
113.00
226.20
226.20
144.60
113.00
113.00
113.00
113.00
113.00
113.00
113.00
113.00
113.00
113.00
126.60
113.00
113.00
113.00
113.00
113.00
113.00
162.80
226.20
113.00
113.00
113.00
113.00
113.00
144.60
113.00
113.00
113.00
285.00
285.00
113.00
113.00
113.00
113.00
285.00
113.00
113.00
113.00
113.00
144.60
581.80
285.00
452.20
113.00
361.80
361.80
113.00
113.00
285.00
126.60
144.60
144.60
162.80
162.80
113.00
113.00
180.80
162.80
180.80
113.00
113.00
452.20
113.00
113.00
113.00
113.00
452.20
285.00
162.80
113.00
144.60
226.20
226.20
226.20
452.20
113.00
452.20
113.00
226.20
113.00
361.80
285.00
226.20
226.20
113.00
113.00
162.80
113.00
452.20
144.60
113.00
113.00
113.00
113.00
113.00
113.00
180.80
285.00
285.00
285.00
285.00
113.00
180.80
144.60
452.20
113.00
113.00
113.00
113.00
361.80
113.00
581.80
180.80
180.80
113.00
113.00
180.80
180.80
162.80
113.00
113.00
113.00
285.00
180.80
452.20
285.00
285.00
162.80
144.60
126.60
113.00
113.00
113.00
113.00
361.80
113.00
113.00
113.00
180.80
113.00
113.00
113.00
226.20
452.20
113.00
113.00
285.00
226.20
113.00
113.00
113.00
144.60
162.80
180.80
113.00
113.00
452.20
581.80
226.20
226.20
226.20
180.80
581.80
113.00
113.00
361.80
113.00
113.00
113.00
581.80
144.60
180.80
113.00
113.00
113.00
113.00
113.00
113.00
144.60
581.80
113.00
113.00
452.20
452.20
113.00
113.00
581.80
113.00
113.00
113.00
113.00
113.00
162.80
162.80
113.00
180.80
226.20
113.00
113.00
285.00
285.00
285.00
285.00
180.80
113.00
113.00
361.80
113.00
113.00
144.60
113.00
144.60
144.60
126.60
113.00
113.00
113.00
113.00
113.00
581.80
581.80
285.00
113.00
113.00
113.00
113.00
113.00
113.00
113.00
113.00
113.00
113.00
113.00
162.80
113.00
113.00
144.60
162.80
226.20
581.80
581.80
581.80
126.60
113.00
144.60
113.00
113.00
581.80
113.00
113.00
126.60
113.00
113.00
113.00
113.00
113.00
113.00
226.20
113.00
113.00
226.20
226.20
180.80
162.80
113.00
113.00
113.00
113.00
126.60
113.00
113.00
113.00
285.00
285.00
361.80
361.80
113.00
361.80
452.20
361.80
361.80
361.80
113.00
113.00
113.00
113.00
113.00
113.00
113.00
581.80
581.80
581.80
581.80
452.20
452.20
226.20
361.80
113.00
144.60
113.00
126.60
113.00
285.00
113.00
113.00
113.00
113.00
113.00
180.80
113.00
113.00
113.00
113.00
113.00
180.80
180.80
113.00
113.00
113.00
113.00
113.00
113.00
113.00
113.00
113.00
113.00
113.00
113.00
113.00
126.60
113.00
113.00
113.00
113.00
113.00
113.00
113.00
144.60
144.60
144.60
113.00
162.80
113.00
113.00
581.80
113.00
113.00
126.60
113.00
162.80
180.80
180.80
144.60
126.60
144.60
126.60
113.00
113.00
113.00
113.00
113.00
113.00
65
260
164
250
200
100
68
164
164
65
98
145
96
181
92
100
177
159
155
569
168
103
113
850
149
175
500
134
66
78
164
137
223
394
191
440
459
197
184
2500
197
177
300
116
198
510
127
189
95
209
250
375
100
231
61
282
88
134
421
40
189
225
201
85
222
288
130
127
96
346
110
205
176
300
500
119
228
295
191
129
152
115
444
500
334
580
350
209
212
455
250
168
145
314
419
172
110
250
345
148
123
139
210
347
159
144
148
161
267
320
444
184
322
228
129
254
52
224
202
162
435
488
179
137
160
168
350
246
100
149
218
750
611
752
250
104
250
200
273
205
200
312
308
40
671
820
700
219
400
603
116
214
477
800
363
73
114
93
354
380
80
161
221
150
254
160
400
44
398
66
100
127
206
616
300
177
175
105
500
169
345
187
86
126
250
116
269
42
100
249
184
141
75
227
397
162
135
329
145
56
171
500
236
264
108
125
190
269
227
110
110
140
284
298
200
177
213
150
193
73
156
132
106
160
225
93
325
106
194
103
149
138
146
750
147
131
38
78
287
253
816
215
170
135
145
254
103
85
600
300
100
306
256
239
450
130
23
268
70
471
176
190
70
350
320
158
206
83
165
69
350
200
90
137
474
280
58
107
1800
118
177
153
133
170
210
165
115
163
100
110
182
93
151
85
300
250
121
132
100
211
69
400
259
155
187
222
82
102
220
300
74
150
317
270
78
79
82
262
90
157
123
86
81
51
212
400
218
109
55
214
145
329
372
368
96
79
181
320
236
381
63
164
280
103
150
46
314
264
229
265
51
87
363
163
136
200
59
59
81
142
248
110
66
99
415
1450
350
400
68
459
310
169
176
392
246
87
64
233
90
174
51
108
190
293
168
317
342
415
142
183
131
75
362
392
236
168
263
84
50
182
158
102
69
121
81
96
87
195
209
67
55
167
81
225
44
90
286
146
170
222
31
69
297
83
77
130
257
720
351
188
159
189
83
200
94
128
225
101
101
67
170
176
105
136
128
40
65
83
257
85
151
326
135
222
0
0
0
0
0
0
0
0
0
0
0
0
0
0
0
0
0
0
0
0
0
0
0
0
0
0
0
0
0
0
0
0
0
0
0
0
0
0
0
0
0
0
0
0
0
0
0
0
0
0
0
0
0
0
0
0
0
0
0
0
0
0
0
0
0
0
0
0
0
0
0
0
0
0
0
0
0
0
0
0
0
0
0
0
0
0
0
0
0
0
0
0
0
0
0
0
0
0
0
0
0
0
0
0
0
0
0
0
0
0
0
0
0
0
0
0
0
0
0
0
0
0
0
0
0
0
0
0
0
0
0
0
0
0
0
0
0
0
0
0
0
0
0
0
0
0
0
0
0
0
0
0
0
0
0
0
0
0
0
0
0
0
0
0
0
0
0
0
0
0
0
0
0
0
0
0
0
0
0
0
0
0
0
0
0
0
0
0
0
0
0
0
0
0
0
0
0
0
0
0
0
0
0
0
0
0
0
0
0
0
0
0
0
0
0
0
0
0
0
0
0
0
0
0
0
0
0
0
0
0
0
0
0
0
0
0
0
0
0
0
0
0
0
0
0
0
0
0
0
0
0
0
0
0
0
0
0
0
0
0
0
0
0
0
0
0
0
0
0
0
0
0
0
0
0
0
0
0
0
0
0
0
0
0
0
0
0
0
0
0
0
0
0
0
0
0
0
0
0
0
0
0
0
0
0
0
0
0
0
0
0
0
0
0
0
0
0
0
0
0
0
0
0
0
0
0
0
0
0
0
0
0
0
0
0
0
0
0
0
0
0
0
0
0
0
0
0
0
0
0
0
0
0
0
0
0
0
0
0
0
0
0
0
0
0
0
0
0
0
0
0
0
0
0
0
0
0
0
0
0
0
0
0
0
0
0
0
0
0
0
0
0
0
0
0
0
0
0
0
0
0
0
0
0
0
0
0
0
0
0
0
0
0
0
0
0
0
0
0
0
0
0
0
0
0
0
0
0
0
0
0
0
0
0
0
0
0
0
0
0
0
0
0
0
0
0
0
0
0
0
0
0
0
0
-5.550000
-11.100000
-16.650000
-241.374900
-9.309900
94.350000
88.800000
83.250000
5.550000
72.150000
16.650000
11.100000
49.950000
44.400000
11.100000
5.550000
27.750000
16.650000
5.550000
-450.917900
5.550000
5.550000
5.550000
198.946300
11.100000
5.550000
171.196300
5.550000
109.643100
104.093100
22.200000
11.100000
5.550000
143.446300
22.200000
5.550000
5.550000
87.443100
5.550000
-182.155900
5.550000
11.100000
16.650000
11.100000
5.550000
5.550000
19.050900
13.500900
7.950900
22.200000
20.228500
14.678500
33.300000
27.750000
5.550000
16.650000
11.100000
5.550000
24.171500
22.200000
16.650000
5.550000
11.100000
5.550000
76.343100
16.650000
11.100000
5.550000
54.143100
-321.205100
11.100000
5.550000
37.493100
31.943100
47.549100
41.999100
36.449100
30.899100
11.100000
5.550000
14.249100
5.550000
3.149100
0.196600
22.200000
36.554500
16.650000
5.550000
5.550000
68.895500
63.345500
52.245500
5.550000
14.354500
-7.845500
16.650000
11.100000
5.550000
16.650000
-13.395500
5.550000
-24.495500
-30.045500
2.400900
16.650000
11.100000
5.550000
11.100000
5.550000
-58.754500
-75.404500
11.100000
5.550000
16.650000
11.100000
5.550000
16.650000
16.650000
11.100000
5.550000
-114.254500
-136.454500
22.200000
11.100000
5.550000
5.550000
-164.204500
16.650000
5.550000
5.550000
-5.353400
-21.156100
294.150000
-102.805500
-287.905100
16.650000
-186.404500
203.054500
11.100000
5.550000
261.199100
52.594500
47.044500
41.494500
19.294500
-49.950000
-2.155100
11.100000
-35.651600
-24.738700
33.300000
5.550000
-10.747200
-372.858200
-21.847200
16.650000
11.100000
5.550000
368.090100
-94.350000
-108.704500
5.550000
-51.921500
-57.471500
-63.021500
-68.571500
-354.505100
5.550000
-147.694900
5.550000
-74.121500
5.550000
-125.646900
-111.000000
-63.401600
115.696300
11.100000
-5.550000
46.695500
11.100000
355.200000
38.850000
11.100000
5.550000
22.200000
16.650000
11.100000
5.550000
53.849600
125.111300
114.011300
108.461300
102.911300
-5.550000
41.861300
25.211300
304.555100
-5.550000
16.650000
5.550000
5.550000
-130.661300
-27.750000
-601.596600
53.344900
36.694900
11.100000
5.550000
31.144900
25.594900
20.044900
3.394900
11.100000
5.550000
-86.644900
49.950000
299.005100
-92.194900
-97.744900
22.200000
16.650000
11.100000
5.550000
16.650000
11.100000
5.550000
-125.494900
11.100000
5.550000
5.550000
-29.905100
-5.550000
-11.100000
-5.550000
-57.851600
-153.244900
11.100000
5.550000
74.501600
68.951600
-3.759900
-10.903400
5.550000
-22.003400
-27.553400
-33.103400
11.100000
5.550000
-255.496600
-272.146600
55.303400
49.753400
44.203400
38.653400
333.000000
5.550000
11.100000
164.344900
5.550000
-1.790100
7.340100
344.100000
-22.200000
44.400000
5.550000
5.550000
22.200000
-5.550000
-11.100000
-16.650000
16.650000
-1165.486000
11.100000
5.550000
-293.455100
371.155100
27.750000
5.550000
536.139400
-5.550000
-11.100000
-16.650000
-28.102800
5.550000
-39.202800
-44.752800
5.550000
-55.852700
-61.402800
11.100000
5.550000
-111.352800
-122.452800
-128.002700
-163.841400
30.288700
5.550000
5.550000
193.396300
11.100000
5.550000
8.088700
2.538700
22.200000
16.650000
11.100000
5.550000
16.650000
5.550000
5.550000
5.550000
540.546500
-546.096600
-80.711300
5.550000
11.100000
22.200000
-5.902800
5.550000
16.650000
16.650000
11.100000
5.550000
11.100000
5.550000
-33.300000
12.890100
18.440100
23.990100
29.540100
35.090100
362.540100
321.900000
299.700000
16.650000
11.100000
13.744500
2.644500
-2.905500
349.650000
11.100000
5.550000
33.300000
27.750000
11.100000
5.550000
5.550000
5.550000
5.550000
76.049600
11.100000
5.550000
-66.600000
27.750000
22.200000
16.650000
11.100000
5.550000
11.100000
5.550000
22.200000
5.550000
11.100000
5.550000
-99.900000
-103.446900
-114.546900
-120.096900
5.550000
-169.511300
170.046900
147.846900
142.296900
131.196900
5.550000
16.650000
11.100000
5.550000
16.650000
11.100000
5.550000
367.308200
288.600000
283.050000
277.500000
271.950000
266.400000
61.050000
199.800000
-5.550000
49.950000
5.550000
22.200000
16.650000
138.750000
22.200000
16.650000
11.100000
5.550000
5.550000
55.500000
16.650000
11.100000
5.550000
11.100000
5.550000
59.399600
48.299600
11.100000
5.550000
33.300000
22.200000
16.650000
11.100000
5.550000
-1.650400
-7.200400
5.550000
5.550000
11.100000
5.550000
16.650000
11.100000
5.550000
11.100000
5.550000
-5.550000
-19.555500
-36.205500
55.500000
49.950000
44.400000
38.850000
61.050000
5.550000
5.550000
-361.758200
-22.200000
5.550000
18.300400
-18.300400
55.500000
49.950000
44.400000
38.850000
33.300000
27.750000
22.200000
16.650000
11.100000
5.550000
16.650000
5.550000
5.550000
