463
2
567
1
2
3
4
5
6
7
8
9
10
11
12
13
14
15
16
17
18
19
20
21
22
23
24
25
26
27
28
29
30
31
32
33
34
35
36
37
38
39
40
41
42
43
44
45
46
47
48
49
50
51
52
53
54
55
56
57
58
59
60
61
62
63
64
65
66
67
68
69
70
71
72
73
74
75
76
77
78
79
80
81
82
83
84
85
86
87
88
89
90
91
92
93
94
95
96
97
98
99
100
101
102
103
104
105
106
107
108
109
110
111
112
113
114
115
116
117
118
119
120
121
122
123
124
125
126
127
128
129
130
131
132
133
134
135
136
137
138
139
140
141
142
143
144
145
146
147
148
149
150
151
152
153
154
155
156
157
158
159
160
161
162
163
164
165
166
167
168
169
170
171
172
173
174
175
176
177
178
179
180
181
182
183
184
185
186
187
188
189
190
191
192
193
194
195
196
197
198
199
200
201
202
203
204
205
206
207
208
209
210
211
212
213
214
215
216
217
218
219
220
221
222
223
224
225
226
227
228
229
230
231
232
233
234
235
236
237
238
239
240
241
242
243
244
245
246
247
248
249
250
251
252
253
254
255
256
257
258
259
260
261
262
263
264
265
266
267
268
269
270
271
272
273
274
275
276
277
278
279
280
281
282
283
284
285
286
287
288
289
290
291
292
293
294
295
296
297
298
299
300
301
302
303
304
305
306
307
308
309
310
311
312
313
314
315
316
317
318
319
320
321
322
323
324
325
326
327
328
329
330
331
332
333
334
335
336
337
338
339
340
341
342
343
344
345
346
347
348
349
350
351
352
353
354
355
356
357
358
359
360
361
362
363
364
365
366
367
368
369
370
371
372
373
374
375
376
377
378
379
380
381
382
383
384
385
386
387
388
389
390
391
392
394
395
396
397
398
399
400
401
402
403
404
405
406
407
408
409
410
411
412
413
414
415
416
417
418
419
420
421
422
423
424
425
426
427
428
429
430
431
432
433
434
435
436
437
438
439
440
441
442
443
444
445
446
447
448
449
450
451
452
453
454
455
456
457
458
459
460
461
462
463
2318
1081291.8300
1081183.8400
1081292.0600
1081293.1800
1081407.5700
1081305.3500
1081371.6300
1081229.0900
1081211.9700
1081149.2900
1081136.6000
1080734.5000
1080997.2200
1081120.6400
1080818.9800
1080861.5400
1080803.4800
1080902.4600
1080757.1400
1080758.5000
1080687.1100
1080723.2800
1080713.1090
1080762.2700
1080679.1500
1080901.3500
1080697.1300
1080814.1400
1080714.6900
1080809.0400
1080805.9000
1080713.5800
1080850.8100
1080846.0300
1080848.3600
1080773.0800
1081095.4000
1081333.7300
1081001.4100
1080898.1500
1081019.1300
1081259.0600
1081379.9400
1081248.7200
1081085.7100
1080973.0400
1080926.8200
1080995.9800
1080935.7800
1081076.8700
1080919.4600
1081269.1400
1081198.2800
1081160.9600
1081154.3500
1081206.8500
1081285.5000
1081263.7800
1081283.2800
1081289.9800
1081125.4800
1081123.2100
1080971.7900
1081056.2200
1081022.0000
1081034.1800
1081128.1500
1081100.5400
1081078.5200
1081190.7300
1081338.5400
1081377.4400
1081649.9500
1081461.4000
1081453.5500
1081394.1000
1081601.6900
1081503.4100
1081520.5700
1081536.6500
1081551.3000
1081583.9100
1081421.6100
1081617.8700
1081632.3600
1081664.0000
1081408.8600
1081359.0100
1081340.4920
1081345.0800
1081359.4700
1081320.3200
1081387.1200
1081410.6100
1081442.8000
1081447.2400
1081455.0300
1081434.8600
1081426.8400
1081411.3500
1081419.3100
1081432.9400
1081446.7100
1081360.7900
1080703.3000
1080704.9600
1080751.2100
1080762.6100
1080759.7900
1080734.3500
1080672.1800
1080700.2300
1080789.1500
1080829.7300
1080813.2700
1080837.9200
1080842.6500
1080875.9500
1080897.1800
1080916.0700
1080951.2000
1080930.5300
1080878.6200
1080825.5500
1080877.0000
1080881.6300
1080890.2400
1080922.5700
1080892.1000
1080963.9900
1080976.3200
1080983.2600
1080983.9100
1080988.9200
1081013.8900
1080993.6100
1080917.9600
1080806.8300
1080827.5500
1080780.0700
1080715.7400
1080805.9600
1080855.8500
1080949.5500
1080954.9000
1080982.1300
1080737.3000
1080723.9600
1080735.0200
1080733.4400
1080797.3800
1080791.9000
1080838.4500
1080842.7100
1080871.7500
1080890.2000
1080862.1300
1080892.7800
1080923.6500
1080926.0600
1080954.0900
1080902.9100
1081015.2100
1081018.9400
1081025.5000
1081045.4200
1081043.6300
1081053.6100
1081050.9200
1081080.1900
1081060.3100
1081047.6200
1080958.2400
1080956.2500
1080982.2300
1080888.6600
1080875.9100
1080864.6000
1080930.0700
1080936.1500
1080836.5400
1080859.7800
1080769.5900
1080786.9800
1081091.2600
1081075.6310
1081083.4700
1081113.5700
1081120.0800
1081142.7200
1081145.7400
1081148.3500
1081180.8300
1081183.2800
1081211.9500
1081240.1200
1081243.9500
1081252.7500
1081283.3300
1081156.9500
1081070.7200
1081003.4200
1080960.5700
1081093.9100
1081067.2300
1081011.5000
1080989.7200
1081080.2500
1081161.5900
1081184.5600
1081235.7600
1081227.4600
1081221.9700
1081265.2600
1081159.8600
1081150.0600
1081124.2400
1081051.3300
1081113.9400
1081036.3210
1081012.7300
1081197.1900
1081298.4400
1081330.2800
1081334.9500
1081103.6400
1081184.4100
1081153.5100
1080791.5600
1080849.9600
1080913.4500
1080963.0900
1081003.1800
1080927.6800
1080920.6900
1080906.4300
1081459.9100
1081453.3500
1081449.6600
1081491.9910
1081560.8900
1081567.9400
1081578.3300
1081528.2800
1081453.4400
1081426.8700
1081456.1400
1081407.7900
1081425.2600
1081452.2600
1081505.0900
1081488.8200
1081521.0800
1081536.7000
1081543.8200
1081447.4800
1081470.9500
1081466.9200
1081475.0500
1081485.0400
1081435.5700
1081413.0900
1081409.9600
1081413.3600
1081422.8900
1081425.5600
1081430.0300
1081479.4000
1081496.7500
1081427.9700
1081565.8800
1081639.2800
1081584.2900
1081603.3800
1081620.1300
1081458.7700
1081450.8400
1081455.7600
1081466.7000
1081466.1400
1081365.3900
1081354.1700
1081340.5100
1081312.1200
1081436.7200
1081280.9200
1081247.4500
1081282.8400
1081246.5700
1081165.0800
1081153.9800
1081183.5100
1081190.1500
1081211.6700
1081220.2300
1081223.5500
1081090.2200
1081095.1200
1081097.1500
1081131.0100
1081152.8600
1081159.7700
1081163.4200
1081166.2200
1081177.3800
1081196.9000
1081071.1700
1081094.1800
1081100.2800
1081103.2700
1081106.3400
1081010.1300
1081005.8100
1080975.9400
1081011.4500
1081033.9800
1081040.9700
1081043.2500
1081002.2300
1081035.4800
1081230.9100
1081277.0100
1081281.2300
1081366.5300
1081400.3800
1081390.5900
1081310.7000
1081271.7100
1081265.9900
1081251.5400
1081244.6700
1081190.6900
1081138.2500
1081131.8800
1081122.4500
1081071.7000
1081141.0300
1081170.6400
1081222.3000
1081210.3500
1081238.5800
1081203.5700
1081184.4300
1081249.4800
1081258.3600
1081282.2800
1081280.8100
1081271.7300
1081269.0800
1081268.5800
1081269.2700
1081250.7900
1081354.9950
1081357.5300
1081352.2800
1081293.9300
1081360.1200
1081275.5100
1081250.3900
1081269.5800
1081329.1000
1081332.3900
1081409.6800
1081373.3800
1081299.3900
1081282.6300
1081280.4000
1081281.7500
1081284.6700
1081447.3100
1081514.4000
1081020.7000
1081031.1000
1081037.8200
1081413.3400
1081217.8100
1081043.2800
1081349.6240
1081356.5100
1081356.8900
1081355.4900
1081349.9500
1080995.9200
1081012.9700
1081020.3100
1081135.9100
1081346.4300
1081340.4100
1081346.5810
1081327.0000
1080816.0200
1080980.7700
1081121.9500
1081348.1100
1081346.0700
1081346.3950
1081347.3980
1080946.9200
1080812.1100
1080867.9900
1081099.6600
1080993.6500
1081221.0100
1081291.4000
1081322.4800
1081206.7700
1081063.7600
1081041.7100
1081108.5300
1081087.2900
1081206.8100
1081352.6400
1081327.3600
1081451.2800
1081458.2500
1081444.1700
1081438.1800
1081419.7400
1081431.0700
1081359.1600
1080668.0200
1080909.9900
1080835.9700
1080951.9400
1080950.6400
1081025.2600
1081366.8400
1081375.7900
1080925.4800
1081584.5700
1081492.8500
1081552.9400
1081209.6300
1080954.5200
1080925.7900
1081291.4400
1081343.9000
1081287.3000
1081289.2300
1081465.3600
1081184.4400
1081466.9000
1081559.9800
1081414.3200
1081121.6300
1080987.9900
1081085.9200
1081270.7400
1081183.9800
1080863.6500
1081160.3300
1081182.3400
1081251.8100
1081042.3300
1080838.8400
1080737.5500
1081359.3700
1080992.4500
1081334.9600
1081342.7440
1081327.9200
1080981.7300
1081373.2500
868757.4200
869579.9400
868456.0600
868458.9100
868327.9900
868060.4700
867896.7600
868139.7500
868092.0700
868115.1400
868514.3100
868761.9300
869295.7300
869383.4400
869035.7700
868918.7500
868476.1400
868170.3500
868854.5000
868653.2400
868299.9600
868665.1800
868586.8130
868205.3200
868277.2900
869112.0300
868344.5100
868166.6800
868501.7600
868635.6300
868475.0000
868243.0200
868230.9200
869128.8700
868869.7500
868849.8200
869304.9900
869075.6400
869080.9300
868206.8800
868108.4600
868371.5800
868230.2100
868187.9700
868108.6100
868178.9700
868147.0800
868379.3000
868192.0800
868439.5200
869100.5100
868469.9700
868394.4200
868482.0100
868559.8900
868489.9300
868439.2900
868075.4000
869225.4200
869222.5000
869398.4900
869391.4300
869374.2800
869407.7100
869349.1900
869413.4000
869406.7900
869397.1900
869402.7800
869261.9600
868049.4400
868034.7100
868529.5600
867913.7600
867952.1000
868028.8400
868409.7800
868171.4500
868212.1500
868251.9000
868291.6200
868369.9400
868252.5600
868449.1900
868490.1500
868522.5800
868628.3900
868463.3500
868604.2000
868587.2500
868469.9800
868349.4800
868243.4700
868471.4600
868523.5800
868567.1100
868609.9800
868479.1600
868434.2800
868347.6700
868392.1600
868200.7900
868149.2100
869580.2600
868372.7900
868381.5900
868326.7600
868361.5900
868352.9600
868281.7000
868288.2800
868295.0700
868257.3700
868337.4500
868304.5200
868222.5300
868234.4200
868313.9400
868211.0100
868203.1200
868298.8700
868305.0900
868321.0200
868329.1700
868429.9300
868439.2600
868454.9200
868415.3400
868433.7200
868396.5800
868364.7600
868384.0800
868386.2600
868401.1500
868466.0200
868473.6300
868502.8800
868483.5100
868541.3400
868487.1900
868517.0700
868550.5300
868618.3200
868581.2500
868597.3200
868674.8700
868660.8000
868679.3400
868773.6100
868762.2800
868740.0100
868729.5900
868825.1900
868723.1100
868712.3600
868705.7900
868636.0200
868715.6000
868795.3400
868803.4600
868885.0700
868802.6100
868763.2500
868556.9400
868554.5200
868547.2700
868542.3400
868570.6500
868561.2600
868639.6500
868646.6000
868851.0500
868902.1600
868894.7700
868979.0300
869010.6200
868964.9700
868929.2700
868893.8100
868891.6000
868828.0200
868915.4100
868895.4700
868942.7700
868736.6000
868661.4160
868648.5900
868728.7800
868732.5000
868804.1600
868814.9300
868825.4900
868912.0300
868922.0800
869010.5800
869100.5900
869111.0000
869134.9000
869216.9000
869173.7100
869235.0600
869281.4700
869407.5000
869300.3800
869225.5500
869071.3600
868976.3500
868945.6800
868918.5900
868910.5800
868788.8300
868784.1700
868772.9400
868878.9300
868805.7100
868811.1300
868822.1400
868862.1600
869045.3800
869077.6170
869077.1000
869017.3800
868979.7500
869066.4100
869078.8900
869300.9800
869565.4040
869164.3800
868956.8400
869147.0800
869338.9300
869303.3000
869274.5500
869120.4500
869106.1800
869129.4500
868071.6400
868080.1900
868072.7200
868128.7760
868315.8800
868331.3000
868356.2500
868300.6500
868331.8100
868343.7500
868615.8000
868303.2900
868425.4600
868472.6100
868450.9800
868410.0400
868491.1600
868530.3100
868548.0300
868428.8300
868370.5100
868361.6100
868379.5900
868401.6700
868292.2900
868301.5100
868302.9100
868257.8900
868253.5300
868263.1100
868199.7800
868181.1200
868219.7300
868251.2000
868376.9000
868505.2700
868416.9600
868455.6400
868495.3600
868516.3500
868587.2300
868613.9100
868607.5400
868559.0300
867944.0600
867913.6100
867939.0900
867977.8500
868016.7600
867998.5900
868024.0600
868068.5500
868081.1200
868109.4900
868113.1700
868192.0600
868208.5600
868270.8200
868290.3600
868300.8800
868119.7300
868134.1500
868139.9800
868231.7400
868294.2600
868311.7200
868321.2200
868328.1100
868213.2300
868205.6200
868253.1000
868317.8300
868335.1700
868345.5600
868353.4100
868274.6400
868263.7700
868187.5900
868278.0500
868340.7800
868360.4300
868369.0300
868376.7300
868155.5000
868286.0700
868267.2800
868121.2100
868334.0700
868328.7100
868330.0500
868352.5100
868367.3100
868369.3700
868374.3300
868376.6800
868396.9900
868416.3000
868418.7000
868421.9600
868441.5400
868527.7500
868608.0300
868536.7000
868501.6500
868584.2900
868698.9300
868704.4000
868683.0300
868680.6000
868672.5600
868658.9500
868588.8000
868573.6300
868564.2800
868484.3700
868476.7400
868612.1800
868561.8800
868462.9900
868460.8300
868461.5400
868571.3800
868580.1600
868771.2000
868652.1500
868744.8000
868618.7100
868469.9000
868453.4100
868431.9500
868426.2200
868440.6500
868447.9500
868617.8900
868259.9800
868113.3700
868143.6100
868163.8000
868286.1000
869007.8800
869160.3200
868590.6170
868591.0700
868585.7300
868605.1800
868604.8300
868388.1600
868463.6400
868461.1900
869430.9000
868591.8000
868603.2200
868590.2700
868019.4900
868652.1800
869347.7100
869387.5200
868590.4600
868596.7200
868594.0450
868604.5070
868574.6200
868489.2300
868273.1300
868497.6200
869084.6500
868455.3300
869245.9400
869207.6600
869377.3100
869440.8700
869446.5500
869430.2100
869435.6000
869313.5800
868644.5400
868371.3000
868519.7400
868562.5600
868476.2700
868433.0600
868346.9500
868388.7000
869594.9000
868293.1700
868205.5100
868625.3600
869433.0300
869406.1600
869414.0600
869164.8800
869581.2500
869453.7500
867490.9400
868129.6900
868570.5800
868049.5900
868295.2600
868122.8400
868117.5000
868433.1300
868765.2700
868460.2200
867891.4600
868191.6800
868608.5200
868316.3000
868286.3200
868420.0600
868401.5100
868659.1300
868588.8800
868703.0500
868929.5800
868806.9600
868922.4300
869135.2500
869160.6300
868222.1300
868661.7700
868605.4300
868389.6400
868966.0100
868599.9240
868019.1200
869348.0000
869066.5400
973.1520
970.0470
974.4110
974.4040
975.0000
975.0000
975.0000
975.0000
975.0000
975.0000
973.4930
970.5380
970.0450
970.1460
970.0980
970.6090
972.2740
974.3490
970.3620
971.1790
971.9770
970.8280
971.1230
972.9210
971.9990
970.3970
971.8850
973.5680
971.4080
971.6840
972.3000
972.3720
973.6620
970.0690
970.7570
970.5180
970.4270
972.6070
970.9910
974.1660
974.9480
974.6210
975.0000
975.0000
974.9660
974.5550
974.6520
973.4460
974.4990
973.5460
970.5160
974.2540
974.2620
973.7340
973.3800
973.9000
974.4530
975.0000
971.6410
971.6850
970.0920
970.1170
970.0000
970.0000
970.0000
970.0000
970.0620
970.0000
970.0000
971.0560
975.0000
975.0000
975.0000
975.0000
975.0000
975.0000
975.0000
975.0000
975.0000
975.0000
975.0000
975.0000
975.0000
975.0000
975.0000
975.0000
974.1990
974.6720
974.0020
974.0940
974.6460
974.9790
975.0000
974.8620
974.7840
974.6220
974.4760
974.9350
975.0000
975.0000
975.0000
975.0000
975.0000
971.5160
971.8250
971.8040
972.4220
972.3810
972.3910
972.4570
971.8950
972.1100
973.0260
973.0550
973.0450
973.5850
973.5780
973.5470
974.1410
974.3350
973.8630
973.8390
973.5410
973.0520
973.0920
973.0750
972.9820
973.1960
973.1060
973.2910
973.4720
973.3710
973.3650
973.3240
973.1620
973.0420
972.6890
972.2740
972.2210
972.0280
971.3550
971.9980
972.0410
972.4010
972.3570
972.1520
970.9660
970.7770
970.4950
970.5270
971.1660
971.1610
970.9000
971.4330
971.5160
971.6230
971.9330
971.5930
971.3940
971.3710
971.1520
971.2740
971.9260
972.8040
972.8420
972.9590
972.9720
972.8970
972.9250
972.7240
972.6090
971.7000
971.0990
971.1210
971.0720
970.5150
970.5430
970.5790
971.0110
971.0470
970.8800
970.6160
970.3060
970.1850
972.3680
972.6740
972.7010
972.4970
972.5100
972.3090
972.2770
972.2440
972.2540
972.2480
972.2500
972.0750
972.0400
971.9590
971.6840
971.3480
970.6670
970.1430
970.0000
970.4430
970.7000
971.0630
971.1170
971.6560
972.1390
972.2760
972.7770
972.7610
972.7840
972.7640
972.3770
972.3120
972.1540
971.6700
971.6600
971.1410
971.0590
972.1580
972.7710
972.6380
972.5960
970.4820
970.0170
971.3800
970.1460
970.0590
970.0000
970.0000
970.1770
970.5240
970.5110
970.3940
975.0000
975.0000
975.0000
975.0000
975.0000
975.0000
975.0000
975.0000
975.0000
975.0000
974.4570
975.0000
975.0000
975.0000
975.0000
975.0000
975.0000
975.0000
975.0000
975.0000
975.0000
975.0000
975.0000
975.0000
975.0000
975.0000
975.0000
975.0000
975.0000
975.0000
975.0000
975.0000
975.0000
975.0000
975.0000
975.0000
975.0000
975.0000
975.0000
974.8840
974.5530
974.4630
974.5370
974.7370
975.0000
975.0000
975.0000
975.0000
975.0000
975.0000
975.0000
975.0000
975.0000
975.0000
975.0000
975.0000
975.0000
974.8360
974.7910
974.7620
974.9390
974.9000
974.8850
974.6490
974.4830
974.4400
974.4160
974.3990
974.9270
975.0000
974.3000
974.1290
974.0830
974.0530
974.0340
973.9850
974.0500
974.5030
973.9650
973.7720
973.7200
973.6940
973.4840
974.6690
974.8560
975.0000
975.0000
975.0000
975.0000
975.0000
974.9250
974.6940
974.6600
974.5770
974.5370
974.2180
973.9090
973.8720
973.8170
973.5150
973.4560
973.2490
973.7720
973.8660
973.6440
973.0130
972.9070
973.2790
973.3270
973.4650
973.5150
973.7690
973.8210
973.8570
974.1940
974.1460
974.0330
974.2540
974.6440
974.4000
974.6840
973.8580
973.7120
972.9980
973.7530
973.3810
974.2430
974.7070
974.4540
974.4710
974.4850
974.4310
974.4130
974.4100
975.0000
974.9190
974.7400
974.6200
975.0000
972.2860
970.9200
974.1000
974.1270
974.1510
974.0640
974.0410
973.4090
973.1680
973.2100
970.0000
974.0810
974.0070
974.0870
975.0000
971.6780
970.0000
970.1310
974.0930
974.0590
974.0700
974.0300
972.4170
972.2960
973.6410
973.4020
970.9420
974.1060
971.5740
971.9000
970.5510
970.0000
970.0000
970.0000
970.0000
970.8690
973.8870
974.9190
974.8370
974.6880
974.9880
975.0000
975.0000
975.0000
971.5320
971.8400
974.2730
971.9570
970.0000
970.0000
970.0000
972.3060
971.6420
970.0000
975.0000
975.0000
975.0000
975.0000
973.8830
974.7400
975.0000
974.7320
973.0990
974.3820
975.0000
975.0000
974.5340
975.0000
975.0000
973.8220
973.3190
972.6680
973.7640
972.9100
970.5730
972.3740
972.2420
971.9530
970.9150
973.5940
970.9640
974.0800
973.3880
972.9920
974.0300
975.0000
970.0000
972.8240
0.02970678900000
0.00000000000000
0.00000000000000
0.00000000000000
0.02700617200000
0.10802469400000
0.03202160600000
0.07065007625000
0.06944444300000
0.08198302500000
0.15605709900000
0.06510416500000
0.16300154650000
0.60887344440000
0.12287808325000
0.23823301775000
0.00000000000000
0.13966049400000
0.09529321100000
0.16782407500000
0.00000000000000
0.00000000000000
0.09235146625000
0.06905864000000
0.00000000000000
0.12037036700000
0.03510802600000
0.30131173000000
0.00000000000000
0.13840663625000
0.04412615750000
0.03356481600000
0.05632716000000
0.31283758025000
0.33478009500000
0.18306327000000
0.37803818975000
0.16199845740000
0.00000000000000
0.04899691200000
0.02353395000000
0.01427469200000
0.44695216100000
0.08945794750000
0.04359567900000
0.13888888800000
0.24421296400000
0.00000000000000
0.07407407400000
0.07484567800000
0.29340277200000
0.03549382800000
0.06037808700000
0.03279320900000
0.12905092600000
0.09220679200000
0.01504629700000
0.03703703600000
0.12914737875000
0.05893132700000
0.03310185320000
0.04513889120000
0.25829475425000
0.14645061600000
0.66329089775000
0.08526234600000
0.06419753080000
0.11435185320000
0.14945987680000
0.60373263925000
0.04706790200000
0.12962962800000
0.00000000000000
0.04668209800000
0.23186728600000
0.15817901400000
0.00868055600000
0.02102623400000
0.00231481500000
0.01427469200000
0.02314814700000
0.00597993800000
0.01176697600000
0.02604166700000
0.02044753100000
0.00000000000000
0.02546296400000
0.04301697500000
0.00000000000000
0.00000000000000
0.00000000000000
0.04128086400000
0.03202160600000
0.03105709900000
0.03125000000000
0.00636574100000
0.00000000000000
0.03202160400000
0.00906635800000
0.02121913600000
0.02469135800000
0.04108796400000
0.03240740700000
0.00000000000000
0.00000000000000
0.01620370400000
0.11033950800000
0.09876543000000
0.03047839400000
0.05864197600000
0.00000000000000
0.07253086400000
0.18942901200000
0.37731481800000
0.12847222200000
0.08449074000000
0.13040123400000
0.02758487700000
0.06790123200000
0.12229938400000
0.10706018500000
0.07484568000000
0.08892746800000
0.03356481600000
0.05208333600000
0.02970679000000
0.08796296400000
0.13927469000000
0.02662037000000
0.07523148100000
0.08931327000000
0.00000000000000
0.00000000000000
0.05555555600000
0.04340277800000
0.14814815100000
0.22434413500000
0.05063657500000
0.16758294750000
0.08053626625000
0.02218364250000
0.19314236000000
0.16661844250000
0.13001543400000
0.09317129600000
0.26427469300000
0.01085069500000
0.00000000000000
0.03930362625000
0.00000000000000
0.15239197750000
0.07402584750000
0.48837769825000
0.09331597250000
0.02565586400000
0.12442129900000
0.13695987625000
0.09182098800000
0.13387345600000
0.09452160600000
0.35985725425000
0.11998456600000
0.28838734900000
0.08391203700000
0.00617284000000
0.11882715900000
0.05227623400000
0.13869598700000
0.00810185200000
0.17978395200000
0.13831018500000
0.52160494360000
0.18619791775000
0.00000000000000
0.61501736400000
0.61125578150000
0.14544752950000
0.23384452325000
0.23697916775000
0.00000000000000
0.09905478700000
0.10845872050000
0.12162423325000
0.11472801275000
0.15470679000000
0.03433642000000
0.00000000000000
0.29320987700000
0.00810185200000
0.14795524700000
0.05466821100000
0.21466050060000
0.17453703800000
0.23070987680000
0.26030092140000
0.21165123720000
0.28638116520000
0.29189814940000
0.18243634500000
0.67645640400000
0.57928240825000
0.11284722475000
0.25829475750000
0.11033950525000
0.17115162025000
0.31158372050000
0.29026813400000
0.61439043380000
0.34205246660000
0.24976851900000
0.03182870300000
0.05073302400000
0.02854938300000
0.67307098820000
0.00000000000000
0.00000000000000
1.07631173000000
0.13541666580000
0.85638503600000
0.33540702325000
0.06958912025000
0.23973765400000
0.38919753080000
0.18858024900000
0.23271604980000
0.35860339775000
0.03460648100000
0.56486304225000
0.00000000000000
0.21942515400000
0.48210840925000
0.68962191025000
0.51157406950000
0.43007329950000
0.00000000000000
0.65576775225000
0.21836419400000
0.04050926200000
0.00000000000000
0.02546296300000
0.00000000000000
0.14371142200000
0.01543209800000
0.11284722200000
0.08043981500000
0.01543209800000
0.00000000000000
0.00000000000000
0.02758487600000
0.08622685000000
0.12808641800000
0.13233024700000
0.15779321100000
0.17457561800000
0.04764660700000
0.06867283900000
0.16030092700000
0.04012345700000
0.03452932200000
0.02565586500000
0.07638888900000
0.00000000000000
0.00000000000000
0.00000000000000
0.00000000000000
0.01639660500000
0.03144290100000
0.09047067900000
0.09220679000000
0.07021604900000
0.12075617400000
0.03935185100000
0.13252314900000
0.13927469300000
0.19290123300000
0.10860339500000
0.02199074100000
0.00000000000000
0.04340277800000
0.18171296200000
0.14197531200000
0.00000000000000
0.07908950600000
0.01890432000000
0.04976852000000
0.09953703800000
0.00000000000000
0.02507716000000
0.10995370200000
0.09138695875000
0.07667824250000
0.12080439750000
0.02652391875000
0.11115933750000
0.06703317750000
0.08680555625000
0.01581790100000
0.11979166600000
0.12345679000000
0.21677276125000
0.10368441500000
0.07016782375000
0.00000000000000
0.12176890375000
0.08029513875000
0.06872106500000
0.21749614125000
0.07547260750000
0.07595486000000
0.00000000000000
0.07836612875000
0.20331790000000
0.13966049400000
0.11149691400000
0.04398148200000
0.06307870200000
0.03626543100000
0.04456018600000
0.05381944500000
0.19405864000000
0.05377122000000
0.20351080000000
0.09548611125000
0.07986111000000
0.00000000000000
0.00000000000000
0.07098765500000
0.03279321000000
0.01504629600000
0.05632716100000
0.03877314800000
0.09606481700000
0.04089506300000
0.05806327300000
0.08236882800000
0.05574845800000
0.02816358100000
0.14930555400000
0.12422839700000
0.03337191400000
0.08603395000000
0.12692901200000
0.01331018600000
0.08217592600000
0.06520061700000
0.00000000000000
0.53684413700000
0.05111882700000
0.00405092600000
0.02372685200000
0.06327160500000
0.03086419800000
0.00000000000000
0.25964506400000
0.00713734600000
0.03260030900000
0.00000000000000
0.12442129600000
0.01871142000000
0.00000000000000
0.07870370400000
0.11612654300000
0.15740740800000
0.02411265500000
0.01234567900000
0.00655864200000
0.07445987600000
0.00000000000000
0.00000000000000
0.00000000000000
0.16242283800000
0.27932098800000
0.05169753000000
0.19212963200000
0.00000000000000
0.18958333160000
0.47709298000000
0.00000000000000
0.00000000000000
0.14274691200000
0.00000000000000
0.00000000000000
0.02179783900000
0.06365740600000
0.06520061500000
0.08125000000000
0.00000000000000
0.00000000000000
0.00000000000000
0.09529320800000
0.17722800875000
0.10218942825000
0.00000000000000
0.00000000000000
0.00000000000000
0.00000000000000
0.00000000000000
0.02816358000000
0.00000000000000
0.05729166700000
0.05632716000000
0.24763695775000
0.11786265500000
0.00000000000000
0.35421489025000
0.14143518480000
0.12538580600000
0.28587963560000
0.13240740760000
0.13641975360000
0.11736111140000
0.00000000000000
0.05266203700000
0.00000000000000
0.00829475300000
0.00945216100000
0.01755401200000
0.00887345700000
0.04841821000000
0.00000000000000
0.00000000000000
0.01658950600000
0.08294753000000
0.03322723625000
0.04263117300000
0.00000000000000
0.33227237875000
0.00000000000000
0.00000000000000
0.31983024700000
0.03665123400000
0.00000000000000
0.00636574100000
0.04533179000000
0.09953703800000
0.00916280875000
0.07214506200000
0.00000000000000
0.00000000000000
0.00000000000000
0.00916280875000
0.00000000000000
0.00906635800000
0.00000000000000
0.00810185200000
0.00559413600000
0.00501543200000
0.01041666700000
0.02199074100000
0.00000000000000
0.05574845700000
0.00000000000000
0.00000000000000
0.00000000000000
0.00000000000000
0.01374421250000
0.00000000000000
0.00000000000000
0.04313271560000
0.00000000000000
0.02662037000000
0.04827353375000
0.13040123460000
1001.1140000
986.8570000
994.8250000
995.4810000
993.3050000
991.9270000
992.0230000
991.7540000
991.7540000
991.6540000
992.9880000
989.5650000
987.0020000
986.8840000
988.6150000
989.0640000
990.2740000
990.5580000
989.1970000
989.6560000
990.3960000
989.6850000
990.1020000
990.3950000
990.3960000
988.2720000
990.3960000
990.3940000
990.1670000
989.6550000
990.2920000
990.3960000
990.3970000
988.3000000
988.8870000
988.8810000
987.0550000
987.8300000
987.9780000
991.3380000
991.3600000
992.4820000
991.8810000
991.7570000
991.5290000
991.3390000
991.3390000
990.8390000
991.3380000
991.1940000
988.2900000
995.0030000
991.7350000
991.4380000
993.0400000
993.9610000
994.6730000
991.8910000
987.3600000
987.3680000
986.8610000
986.8620000
986.9720000
986.8010000
986.9910000
986.7970000
986.8600000
986.8320000
986.8110000
987.2740000
991.9560000
991.9930000
994.1670000
992.0340000
992.0390000
992.0500000
993.8260000
993.0910000
993.2190000
993.3020000
993.4010000
993.6730000
993.2380000
993.9790000
994.1130000
994.1670000
996.9320000
995.8870000
1001.8650000
1001.9910000
995.6950000
992.7130000
993.2520000
995.9920000
994.0170000
994.3020000
994.6210000
993.8280000
993.6730000
993.4020000
993.5290000
993.0930000
993.0050000
986.8570000
990.3970000
990.3970000
990.3970000
990.3980000
990.3970000
990.3960000
990.3960000
990.3960000
990.3960000
990.4070000
990.3980000
990.3970000
990.3980000
990.4540000
990.3970000
990.5580000
990.5650000
990.5470000
990.4610000
990.4050000
990.4120000
990.4130000
990.4130000
990.5010000
990.4350000
990.7010000
990.7340000
990.7620000
990.7510000
990.7720000
990.8910000
990.8310000
990.4150000
990.2740000
990.2750000
990.2560000
990.1670000
990.2500000
990.3110000
990.3640000
990.3590000
990.3120000
989.6700000
989.6710000
989.3710000
989.5550000
989.5730000
989.5820000
989.3150000
989.6630000
989.9310000
989.9640000
990.2640000
989.9310000
989.6120000
989.5690000
989.1970000
989.5580000
990.0690000
991.0120000
991.0740000
991.1650000
991.1320000
991.1650000
991.1650000
991.1670000
991.0650000
989.5980000
989.0890000
989.1310000
988.6700000
988.6250000
988.8100000
988.9990000
989.1640000
989.1770000
988.8830000
988.8740000
988.9590000
988.8670000
990.9040000
991.1400000
991.1540000
991.0440000
991.0160000
990.7660000
990.7360000
990.5220000
989.1330000
989.0200000
988.2200000
987.7190000
987.6660000
987.5860000
987.3830000
987.4410000
987.2660000
987.0620000
986.9510000
987.0760000
987.3190000
988.0210000
988.6980000
988.7380000
989.0760000
989.1600000
991.9290000
992.2380000
992.2850000
989.4120000
991.4510000
991.0500000
990.5260000
989.4960000
988.0580000
987.9840000
987.9780000
988.1960000
988.3190000
987.8670000
987.8270000
987.0680000
986.8570000
987.4720000
988.8390000
988.2920000
988.2080000
988.2070000
988.2070000
988.2700000
988.2780000
988.2580000
992.5190000
992.5230000
992.4730000
992.9630000
993.5020000
993.5300000
993.6320000
993.4010000
993.4020000
993.4020000
995.1100000
993.2970000
993.6440000
993.8270000
993.8260000
993.6730000
993.9920000
994.1640000
994.2600000
993.6730000
993.5280000
993.4980000
993.5570000
993.6440000
993.3030000
993.2980000
993.2980000
993.2450000
993.2450000
993.2570000
993.0930000
993.0910000
993.2210000
993.2410000
993.6720000
994.1490000
993.8260000
993.9800000
994.1180000
994.0100000
994.5930000
995.0180000
994.5120000
994.2720000
992.0340000
992.0210000
991.9910000
991.9570000
992.0840000
991.9270000
991.9100000
991.9070000
991.8370000
991.6770000
991.6630000
991.6850000
991.6880000
991.8120000
991.8290000
991.8920000
991.5290000
991.5290000
991.5300000
991.5480000
991.5910000
991.5980000
991.6050000
991.6100000
991.6610000
991.6990000
991.3920000
991.3920000
991.3920000
991.3920000
991.3930000
991.3100000
991.3110000
991.3340000
991.2970000
991.2020000
991.1880000
991.1860000
990.8810000
991.3810000
991.8410000
991.9010000
991.7530000
993.2530000
993.2960000
993.2910000
992.5740000
992.5050000
992.4940000
992.3050000
992.2180000
991.6680000
991.4390000
991.3970000
991.3570000
991.1760000
993.0030000
992.8100000
993.7720000
993.9110000
993.8610000
992.6090000
992.4300000
993.8470000
993.9050000
993.9180000
994.0030000
994.6580000
994.6920000
994.7310000
994.9620000
994.5820000
1001.6840000
998.0190000
995.7660000
995.4020000
995.6860000
995.2170000
994.3780000
993.3070000
1001.1160000
1001.1140000
996.8630000
995.7820000
994.7220000
994.5130000
994.3870000
994.6730000
994.6730000
995.1300000
993.3020000
991.3610000
991.3760000
991.3810000
993.2750000
988.2290000
987.3250000
1001.8520000
1001.7620000
1001.7370000
1001.7820000
1001.8030000
990.8390000
990.8930000
990.9300000
986.8590000
1001.9820000
1001.9990000
1001.9810000
991.9560000
989.6550000
986.9730000
986.8740000
1001.9530000
1001.9880000
1001.9850000
1001.8150000
990.3680000
990.2920000
990.3970000
991.1940000
988.2830000
991.7340000
987.3600000
987.3620000
986.8590000
986.8000000
986.7930000
986.8310000
986.8110000
987.2740000
1001.2560000
992.7120000
994.0130000
994.2860000
993.8270000
993.6730000
993.4020000
993.5280000
986.8570000
990.3960000
990.3970000
989.6550000
986.9510000
986.9510000
986.7970000
987.8120000
986.8570000
988.2080000
992.4430000
992.9630000
994.2950000
991.9100000
991.3090000
991.3380000
991.7530000
994.3820000
993.5910000
994.6730000
992.0340000
991.6850000
994.5120000
993.5020000
993.2750000
991.3570000
990.7720000
991.1400000
994.6580000
992.4300000
988.9990000
991.4510000
989.0200000
987.5860000
987.3250000
990.3970000
989.6700000
1001.7820000
990.8390000
988.3190000
1001.9950000
991.9560000
986.9730000
987.8260000
393
464
1081335.02000
1081340.74900
868603.256000
868587.368000
1002.0000
1002.0000
1002.0000
1002.0000
1
2
3
4
5
6
7
8
9
10
11
12
13
14
15
16
17
18
19
20
21
22
23
24
25
26
27
28
29
30
31
32
33
34
35
36
37
38
39
40
41
42
43
44
45
46
47
48
49
50
51
52
53
54
55
56
57
58
59
60
61
62
63
64
65
66
67
68
69
70
71
72
73
74
75
76
77
78
79
80
81
82
83
84
85
86
87
88
89
90
91
92
93
94
95
96
97
98
99
100
101
102
103
104
105
106
107
108
109
110
111
112
113
114
115
116
117
118
119
120
121
122
123
124
125
126
127
128
129
130
131
132
133
134
135
136
137
138
139
140
141
142
143
144
145
146
147
148
149
150
151
152
153
154
155
156
157
158
159
160
161
162
163
164
165
166
167
168
169
170
171
172
173
174
175
176
177
178
179
180
181
182
183
184
185
186
187
188
189
190
191
192
193
194
195
196
197
198
199
200
201
202
203
204
205
206
207
208
209
210
211
212
213
214
215
216
217
218
219
220
221
222
223
224
225
226
227
228
229
230
231
232
233
234
235
236
237
238
239
240
241
242
243
244
245
246
247
248
249
250
251
252
253
254
255
256
257
258
259
260
261
262
263
264
265
266
267
268
269
270
271
272
273
274
275
276
277
278
279
280
281
282
283
284
285
286
287
288
289
290
291
292
293
294
295
296
297
298
299
300
301
302
303
304
305
306
307
308
309
310
311
312
313
314
315
316
317
318
319
320
321
322
323
324
325
326
327
328
329
330
331
332
333
334
335
336
337
338
339
340
341
342
343
344
345
346
347
348
349
350
351
352
353
354
355
356
357
358
359
360
361
362
363
364
365
366
367
368
369
370
371
372
373
374
375
376
377
378
379
380
381
382
383
384
385
386
387
388
389
390
391
392
393
394
395
396
397
398
399
400
401
402
403
404
405
406
407
408
409
410
411
412
413
414
415
416
417
418
419
420
421
422
423
424
425
426
427
428
429
430
431
432
433
434
435
436
437
438
439
440
441
442
443
444
445
446
447
448
449
450
451
452
453
454
455
456
457
458
459
460
461
462
463
464
465
466
467
468
469
470
471
472
473
474
475
476
477
478
479
480
481
482
483
484
485
486
487
488
489
490
491
492
493
494
495
496
497
498
499
500
501
502
503
504
505
506
507
508
509
510
511
512
513
514
515
516
517
518
519
520
521
522
523
524
525
526
527
528
529
530
531
532
533
534
535
536
537
538
539
540
541
542
543
544
545
546
547
548
549
550
551
552
553
554
555
556
557
558
559
560
561
562
563
564
565
566
567
225
1
2
3
4
5
6
7
8
9
10
11
12
13
14
15
16
17
18
19
20
21
22
23
24
25
26
12
27
28
29
30
28
31
32
33
34
35
36
37
38
39
40
41
42
43
44
45
46
47
48
48
49
50
51
52
53
54
55
56
57
42
58
59
60
61
62
63
64
65
66
67
61
68
69
70
71
72
73
74
75
76
77
78
79
80
81
82
83
84
85
86
87
88
89
90
91
92
93
94
95
96
97
98
99
100
101
102
103
104
105
106
27
107
108
109
107
110
21
111
25
32
112
110
24
113
114
113
115
116
117
117
118
33
119
120
121
122
123
123
124
114
125
126
127
128
129
126
130
131
132
133
134
135
136
137
137
31
17
138
139
140
141
23
22
142
139
143
144
145
146
143
144
30
20
147
148
149
150
151
152
151
153
19
153
154
155
156
157
156
158
159
160
161
162
159
163
146
164
165
166
167
166
168
169
170
171
170
163
172
161
172
173
174
175
175
176
177
176
178
16
179
180
181
35
182
183
184
185
186
187
188
189
190
191
192
193
194
195
196
197
198
199
197
200
201
202
63
203
203
37
62
66
64
69
68
65
201
204
205
206
207
208
209
193
210
211
212
213
214
215
212
216
191
217
218
208
219
220
221
219
222
195
223
224
38
225
59
70
226
227
104
200
228
51
229
15
34
230
231
232
233
234
235
26
236
237
238
239
240
238
240
78
79
80
81
241
242
82
243
244
245
246
247
248
5
100
101
249
99
98
95
250
251
252
251
253
254
255
252
256
257
245
258
257
259
260
242
261
262
263
264
265
83
265
266
267
268
269
270
271
77
84
85
272
273
274
275
253
254
73
276
96
277
97
278
279
280
76
281
282
283
284
72
285
75
71
6
286
287
288
58
289
9
290
291
291
292
293
294
295
296
297
298
299
300
301
302
303
304
305
306
293
300
307
308
309
310
311
312
313
314
315
316
317
318
317
319
47
49
46
320
309
302
295
321
322
322
44
8
323
324
325
326
324
92
327
328
329
330
331
53
332
333
334
335
50
336
11
337
55
338
339
340
56
341
338
342
188
343
342
344
345
346
346
347
348
349
350
349
351
352
353
354
355
52
356
357
91
358
359
360
361
362
363
364
365
3
57
366
367
368
369
4
370
247
74
371
372
373
320
374
307
292
279
241
375
335
312
134
221
186
348
343
178
215
194
376
198
377
116
147
378
378
380
381
381
382
383
384
385
223
386
387
388
389
390
298
391
392
392
390
377
89
393
90
261
375
140
62
394
395
396
397
398
381
399
2318
362
104
365
357
325
286
282
323
8
291
337
151
392
203
176
179
138
120
153
152
112
147
142
113
21
236
150
107
24
141
391
116
400
110
401
26
183
181
226
197
221
49
372
330
322
306
297
314
372
383
132
47
402
403
351
404
333
339
340
368
367
287
405
406
407
68
65
408
13
409
386
67
410
411
412
390
283
272
7
281
285
273
268
269
371
244
271
265
274
275
73
413
354
398
389
364
414
324
363
415
416
279
417
418
419
420
267
240
421
106
108
105
115
114
108
109
107
27
422
111
25
110
113
32
117
123
115
124
117
118
33
123
119
423
121
131
121
122
128
114
125
126
127
137
130
128
129
133
132
133
134
384
167
135
136
399
126
31
139
143
17
23
22
148
139
137
157
145
146
163
144
164
424
30
20
12
19
149
154
151
153
16
183
162
155
156
146
156
158
159
160
161
174
159
163
185
171
165
166
11
166
169
170
168
187
170
338
172
218
172
217
175
173
206
207
175
176
51
177
178
180
161
35
182
184
184
229
188
188
186
189
190
191
192
193
194
195
196
197
198
199
60
200
201
202
13
203
425
426
14
61
427
66
64
69
37
204
37
201
221
208
209
193
210
214
214
211
212
223
212
360
215
216
191
208
219
228
219
220
222
195
376
224
38
225
428
60
59
70
2
429
70
200
235
15
34
230
231
430
231
232
233
234
235
232
431
237
285
238
239
432
240
78
79
80
81
241
243
242
245
246
419
278
375
248
5
100
101
249
99
98
417
250
251
253
254
255
433
256
418
420
258
257
259
260
252
257
245
263
248
83
264
267
266
261
103
102
270
265
252
82
77
84
85
251
253
254
276
280
433
415
95
96
277
97
433
416
281
282
283
284
286
76
75
74
72
71
287
434
6
288
58
289
9
290
292
293
294
295
296
330
298
299
300
301
302
303
304
332
300
293
305
307
312
309
310
311
334
435
312
313
316
317
318
336
319
48
436
46
320
298
317
309
302
295
321
327
322
44
437
438
326
324
92
327
328
329
42
331
53
332
333
334
335
50
336
385
56
55
338
342
341
339
352
359
341
213
343
342
344
345
346
361
439
346
347
358
349
348
350
52
413
380
88
356
355
91
379
354
349
439
413
361
87
94
438
4
3
57
366
369
440
356
87
370
441
261
373
320
374
307
308
442
443
444
445
446
315
447
377
448
449
450
451
452
453
223
454
455
456
457
395
379
379
353
458
381
459
135
384
460
227
397
461
387
462
10
154
463
63
284
205
393
388
464
262
264
141
394
14
389
461
396
382
379
144
76.20
76.20
76.20
76.20
152.40
76.20
76.20
76.20
76.20
76.20
76.20
76.20
76.20
76.20
76.20
76.20
76.20
76.20
76.20
76.20
76.20
76.20
76.20
76.20
76.20
76.20
76.20
76.20
76.20
76.20
76.20
76.20
76.20
76.20
76.20
76.20
76.20
76.20
76.20
76.20
76.20
76.20
76.20
76.20
76.20
76.20
76.20
76.20
76.20
76.20
76.20
76.20
76.20
76.20
76.20
76.20
76.20
76.20
76.20
76.20
76.20
76.20
76.20
76.20
76.20
76.20
76.20
76.20
76.20
76.20
76.20
76.20
76.20
76.20
76.20
76.20
76.20
76.20
76.20
76.20
76.20
76.20
76.20
76.20
76.20
76.20
76.20
76.20
76.20
76.20
76.20
76.20
76.20
76.20
203.20
203.20
76.20
76.20
76.20
76.20
76.20
76.20
76.20
76.20
76.20
76.20
76.20
76.20
76.20
76.20
76.20
76.20
76.20
76.20
76.20
76.20
76.20
76.20
76.20
76.20
76.20
76.20
76.20
76.20
76.20
76.20
76.20
76.20
76.20
76.20
76.20
76.20
76.20
76.20
76.20
76.20
76.20
76.20
76.20
76.20
76.20
76.20
76.20
76.20
76.20
76.20
76.20
76.20
76.20
76.20
76.20
76.20
76.20
76.20
76.20
76.20
76.20
76.20
76.20
76.20
76.20
76.20
76.20
76.20
76.20
76.20
76.20
76.20
76.20
76.20
76.20
76.20
76.20
76.20
76.20
76.20
76.20
76.20
76.20
76.20
76.20
76.20
76.20
76.20
76.20
76.20
76.20
76.20
76.20
76.20
76.20
76.20
76.20
76.20
76.20
76.20
76.20
76.20
76.20
76.20
76.20
76.20
76.20
76.20
76.20
76.20
76.20
76.20
76.20
76.20
76.20
76.20
76.20
76.20
76.20
76.20
76.20
76.20
76.20
76.20
76.20
76.20
76.20
76.20
76.20
76.20
76.20
76.20
76.20
76.20
76.20
76.20
76.20
76.20
76.20
76.20
76.20
76.20
76.20
76.20
76.20
76.20
76.20
76.20
76.20
76.20
76.20
76.20
76.20
76.20
76.20
76.20
76.20
76.20
76.20
76.20
76.20
76.20
76.20
76.20
76.20
76.20
76.20
76.20
76.20
76.20
76.20
76.20
76.20
76.20
101.60
101.60
76.20
76.20
76.20
76.20
76.20
76.20
76.20
76.20
76.20
76.20
76.20
76.20
76.20
76.20
76.20
76.20
76.20
76.20
76.20
76.20
76.20
76.20
76.20
76.20
76.20
76.20
76.20
76.20
76.20
76.20
76.20
76.20
76.20
76.20
76.20
76.20
76.20
76.20
76.20
76.20
76.20
76.20
76.20
76.20
76.20
76.20
76.20
76.20
76.20
76.20
76.20
101.60
76.20
76.20
76.20
76.20
76.20
76.20
76.20
76.20
76.20
76.20
76.20
76.20
76.20
76.20
76.20
76.20
76.20
76.20
76.20
76.20
76.20
76.20
76.20
76.20
76.20
76.20
76.20
76.20
76.20
76.20
76.20
76.20
76.20
76.20
76.20
76.20
76.20
76.20
76.20
76.20
76.20
76.20
76.20
76.20
76.20
76.20
76.20
76.20
76.20
76.20
101.60
76.20
101.60
76.20
76.20
76.20
76.20
76.20
76.20
76.20
76.20
76.20
76.20
76.20
76.20
76.20
76.20
76.20
76.20
76.20
76.20
76.20
76.20
76.20
76.20
76.20
76.20
76.20
76.20
76.20
76.20
76.20
76.20
76.20
76.20
76.20
76.20
76.20
76.20
76.20
76.20
76.20
76.20
76.20
76.20
76.20
76.20
76.20
76.20
76.20
76.20
76.20
76.20
76.20
76.20
76.20
76.20
76.20
76.20
76.20
76.20
76.20
76.20
76.20
76.20
76.20
76.20
76.20
76.20
76.20
76.20
76.20
76.20
76.20
76.20
76.20
76.20
76.20
76.20
76.20
76.20
76.20
76.20
76.20
76.20
76.20
76.20
76.20
76.20
76.20
101.60
76.20
76.20
76.20
76.20
76.20
76.20
101.60
152.40
76.20
152.40
76.20
76.20
76.20
76.20
101.60
76.20
76.20
152.40
76.20
76.20
101.60
101.60
203.20
76.20
76.20
76.20
101.60
152.40
76.20
76.20
76.20
76.20
76.20
76.20
76.20
76.20
76.20
76.20
76.20
76.20
152.40
76.20
76.20
76.20
76.20
76.20
76.20
76.20
76.20
76.20
76.20
76.20
76.20
76.20
76.20
76.20
76.20
76.20
76.20
76.20
76.20
76.20
76.20
76.20
76.20
76.20
76.20
203.20
203.20
152.40
152.40
76.20
203.20
76.20
76.20
76.20
76.20
76.20
76.20
76.20
76.20
76.20
76.20
76.20
76.20
76.20
76.20
76.20
152.40
76.20
152.40
76.20
76.20
76.20
76.20
76.20
203.20
76.20
76.20
203.20
76.20
76.20
60.000000
38.000000
305.000000
9.210000
67.150000
8.730000
50.350000
12.000000
65.164000
51.450000
4.010000
10.440000
47.070000
43.200000
162.000000
61.700000
81.223000
9.780000
31.230000
68.800000
77.997000
6.849000
10.220000
86.013000
54.000000
41.000000
10.784000
4.830000
54.000000
71.500000
15.346000
10.000000
57.360000
15.250000
43.000000
46.000000
45.000000
68.000000
55.260000
9.160000
94.150000
12.049000
33.920000
12.346900
6.530000
85.000000
51.988000
13.330000
11.050000
115.000000
11.280000
13.577000
44.040000
67.000000
80.000000
11.559000
70.000000
68.000000
75.000000
10.410000
12.015000
106.000000
43.500000
25.000000
40.000000
84.000000
22.156000
52.500000
34.000000
63.000000
34.000000
25.330000
8.730000
34.000000
34.000000
50.000000
15.000000
76.050000
9.637000
65.700000
52.300000
12.000000
13.298000
10.710000
10.720000
10.720000
10.720000
13.298000
8.100000
13.298000
13.298000
22.220000
61.400000
83.300000
3.050000
4.670000
14.420000
33.000000
94.000000
145.280000
10.460000
9.190000
11.920000
9.849000
11.400000
8.421000
12.210000
5.200000
22.420000
14.726000
8.670000
68.000000
37.430000
54.000000
61.000000
9.070000
36.930000
46.000000
45.000000
5.290000
11.470000
37.000000
23.651000
60.000000
60.000000
63.000000
58.600000
54.910000
33.745000
12.640000
89.400000
26.830000
9.800000
31.230000
13.940000
71.060000
67.208000
10.200000
58.700000
103.650000
9.345000
92.770000
10.330000
12.280000
62.720000
52.520000
35.580000
11.860000
11.677000
10.416000
14.726000
12.510000
65.300000
80.420000
11.348000
91.950000
80.100000
87.100000
14.500000
58.720000
84.000000
11.498000
51.454000
86.600000
10.460000
11.187000
97.850000
10.828000
7.450000
84.640000
94.200000
7.450000
82.880000
36.081000
54.000000
9.780000
82.240000
98.300000
98.300000
51.220000
11.456600
94.000000
88.000000
42.959000
79.450000
98.300000
10.980000
100.350000
81.472000
7.970000
85.330000
9.113000
85.330000
10.761800
15.200000
95.350000
91.062000
91.023000
6.994000
11.026000
95.200000
10.380000
10.589000
75.960000
8.000000
9.530000
10.877000
94.150000
93.650000
10.740000
98.100000
92.022000
77.621000
6.268000
96.275000
12.425000
101.400000
41.703000
97.000000
37.237000
11.060000
6.467000
11.710000
32.160000
55.780000
58.127000
47.041000
10.316000
13.438000
75.200000
10.457000
8.194900
73.815100
9.890000
12.230000
91.170000
11.330000
89.770000
95.010000
11.090000
25.468000
86.763000
7.796000
107.300000
106.400000
104.300000
35.000000
22.926000
18.724000
17.690000
70.800000
7.410000
11.840000
22.000000
22.000000
22.000000
90.100000
70.760000
8.840000
10.130000
7.725000
12.425000
92.300000
11.330000
11.330000
82.270000
93.344000
10.156000
11.058000
100.650000
76.646000
46.465000
10.240000
8.014000
12.478000
91.360000
103.000000
124.060000
90.104000
14.596000
94.340000
11.560000
10.950000
95.417000
8.380000
7.100000
107.900000
8.050000
102.250000
92.840000
6.614000
15.000000
94.200000
9.940000
5.850000
91.284000
103.400000
11.214000
200.586000
100.000000
40.000000
55.000000
169.923000
8.427000
22.000000
187.216000
588.030000
11.970000
64.980000
52.788000
8.330000
9.580000
40.000000
43.000000
43.000000
43.000000
43.000000
11.830000
12.080000
31.920000
80.280000
30.770000
7.808000
8.135000
18.870000
11.168000
33.830000
44.000000
36.040000
8.960000
43.000000
44.000000
9.170000
49.981000
43.500000
42.000000
43.000000
30.000000
10.690000
57.390000
10.210000
44.790000
32.700000
9.800000
9.962000
28.454000
9.184000
80.221000
43.000000
3.420000
3.679000
10.130000
6.048000
56.000000
9.250000
33.750000
45.000000
47.020000
70.280000
10.010000
77.700000
43.500000
42.000000
43.000000
20.363000
77.700000
77.700000
77.700000
69.760000
82.650000
68.770000
7.780000
43.000000
21.922000
8.078000
10.130000
95.080000
8.160000
70.250000
37.950000
39.800000
39.780000
39.300000
38.400000
57.000000
29.120000
38.500000
38.100000
39.710000
29.500000
23.910000
20.260000
28.000000
49.200000
48.380000
9.610000
90.540000
9.467000
85.000000
9.950000
12.210000
78.790000
9.678000
11.046000
88.960000
74.870000
10.130000
10.840000
7.430000
72.730000
51.640000
11.012000
11.360000
63.000000
63.000000
10.149000
12.178000
8.429000
70.393000
63.000000
7.104000
81.846000
66.083000
10.702000
9.525900
81.474100
51.810000
6.750000
27.960000
46.950000
63.000000
63.000000
63.000000
63.000000
63.000000
11.500000
51.500000
91.000000
85.000000
48.550000
10.836000
114.000000
4.779000
38.482000
35.540000
9.460000
41.403000
6.075000
7.522000
8.310000
47.430000
7.174000
44.397000
8.430000
10.300000
44.126000
5.570000
60.000000
75.000000
27.816000
56.244000
96.700000
50.450000
30.980000
82.314000
21.110000
74.900000
80.532000
85.157000
10.828000
56.501000
9.049000
14.450000
54.800000
93.900000
12.770000
72.380000
13.420000
12.220000
14.105000
71.921000
13.386000
29.840000
32.000000
4.760000
32.590000
58.550000
12.050000
123.200000
73.630000
13.190000
11.280000
26.500000
94.000000
9.720000
35.775000
33.140000
12.900000
8.165000
7.880000
6.141000
7.858000
7.850000
12.900000
45.830000
12.060000
8.779000
80.280000
30.200000
9.460000
11.000000
89.000000
74.851000
1.000000
1.000000
1.000000
1.000000
1.000000
8.215000
1.000000
86.970000
1.000000
1.000000
1.000000
1.000000
1.000000
1.000000
81.550000
1.000000
1.000000
1.000000
1.000000
1.570000
6.840000
5.350000
6.870000
3.890000
5.540000
3.770000
4.200000
8.740000
39.020000
263.386000
2.500000
3.360000
1.450000
1.000000
62.000000
70.000000
1.000000
1.000000
45.300000
1.000000
1.000000
1.000000
1.000000
29.901000
24.130000
67.010000
4.100000
4.280000
1.570000
6.000000
2.500000
3.050000
13.000000
7.450000
1.800000
1.140000
6.100000
0.384000
1.343000
0.262000
1.007000
0.240000
1.303000
1.544000
0.080000
0.513000
1.412000
1.296000
4.860000
1.851000
2.437000
0.493000
0.937000
2.064000
2.340000
0.137000
0.307000
2.580000
1.620000
1.230000
0.524000
0.145000
1.620000
2.145000
0.460000
0.300000
1.721000
0.457000
1.290000
1.380000
1.350000
1.360000
1.105000
0.275000
2.825000
0.361000
0.678000
0.247000
0.196000
2.550000
1.560000
0.400000
0.332000
2.300000
0.338000
0.407000
0.881000
2.010000
2.400000
0.547000
2.100000
2.040000
2.250000
0.512000
0.360000
3.180000
0.870000
0.500000
1.200000
1.680000
0.665000
1.575000
1.020000
1.890000
1.020000
0.760000
0.262000
1.020000
1.020000
1.500000
0.300000
1.521000
0.193000
1.314000
1.046000
0.240000
0.266000
0.214000
0.214000
0.214000
0.214000
0.266000
0.162000
0.266000
0.266000
0.444000
1.228000
2.499000
1.061000
0.093000
0.488000
0.660000
1.880000
2.906000
0.209000
0.184000
0.238000
0.197000
0.228000
0.168000
0.244000
0.104000
0.448000
0.295000
0.260000
2.040000
1.123000
1.620000
1.830000
0.272000
1.108000
1.380000
1.350000
0.359000
0.344000
1.110000
0.473000
1.200000
1.800000
1.260000
1.758000
1.647000
1.012000
0.379000
2.682000
0.537000
0.294000
0.625000
0.479000
2.132000
2.016000
0.506000
1.761000
3.110000
0.280000
2.783000
0.310000
0.568000
1.882000
1.050000
0.712000
0.237000
0.434000
0.312000
0.442000
0.375000
1.959000
2.413000
0.540000
2.759000
2.403000
2.613000
0.435000
1.762000
2.520000
0.545000
1.544000
2.598000
0.514000
0.536000
2.935000
0.525000
0.424000
2.539000
2.826000
0.224000
1.658000
1.082000
1.620000
0.293000
2.467000
1.966000
2.166000
1.537000
0.544000
2.820000
2.640000
0.859000
2.384000
2.949000
0.529000
3.010000
2.444000
0.239000
2.560000
0.273000
2.560000
0.323000
0.656000
2.860000
2.732000
2.731000
0.340000
0.221000
1.904000
0.311000
0.318000
1.519000
0.440000
0.286000
0.526000
2.825000
2.810000
0.522000
2.943000
2.761000
2.329000
0.388000
2.888000
0.373000
3.042000
1.251000
2.910000
1.317000
0.332000
0.394000
0.351000
0.643000
1.116000
1.163000
0.941000
0.406000
0.603000
2.256000
0.314000
0.246000
2.214000
0.297000
0.567000
2.735000
0.340000
2.693000
2.850000
0.533000
0.764000
2.603000
0.234000
3.219000
3.192000
3.129000
1.050000
0.688000
0.562000
0.531000
2.124000
0.222000
0.355000
0.660000
0.660000
0.660000
2.703000
2.123000
0.265000
0.504000
0.232000
0.573000
2.769000
0.540000
0.340000
2.468000
1.867000
0.505000
0.532000
2.013000
2.299000
1.394000
0.307000
0.240000
0.574000
2.741000
3.090000
3.722000
2.703000
0.638000
2.830000
0.547000
0.528000
2.863000
0.451000
0.213000
3.237000
0.242000
3.067000
2.785000
0.132000
0.300000
2.826000
0.498000
0.175000
1.826000
2.068000
0.424000
4.012000
2.000000
1.200000
1.650000
5.098000
0.453000
0.660000
5.616000
11.761000
0.439000
1.300000
1.056000
0.167000
0.192000
0.800000
0.860000
0.860000
0.860000
0.860000
0.237000
0.442000
0.638000
1.606000
0.615000
0.156000
0.363000
0.377000
0.223000
0.677000
0.880000
0.721000
0.179000
0.860000
0.880000
0.183000
1.000000
0.870000
0.840000
0.860000
0.600000
0.214000
1.148000
0.204000
0.896000
0.654000
0.196000
0.199000
0.569000
0.184000
1.604000
0.860000
0.068000
0.074000
0.203000
0.121000
1.120000
0.185000
0.675000
0.900000
0.940000
1.406000
0.200000
1.554000
0.870000
0.840000
0.860000
0.407000
1.554000
1.554000
1.554000
1.395000
1.653000
1.375000
0.156000
0.860000
0.438000
0.162000
0.203000
1.902000
0.163000
1.405000
0.759000
0.796000
0.796000
0.786000
0.768000
1.140000
0.582000
0.770000
0.762000
0.794000
0.590000
0.478000
0.405000
0.760000
0.984000
0.968000
0.392000
2.716000
0.284000
2.550000
0.298000
0.566000
2.364000
0.290000
0.331000
2.669000
2.246000
0.304000
0.525000
0.423000
2.182000
1.549000
0.330000
0.341000
1.890000
1.890000
0.304000
0.365000
0.453000
2.112000
1.890000
0.213000
2.455000
1.982000
0.321000
0.286000
2.444000
1.554000
0.402000
0.559000
0.939000
1.890000
1.890000
1.890000
1.890000
1.890000
0.345000
1.545000
2.730000
2.550000
1.456000
0.417000
2.280000
0.143000
1.154000
1.066000
0.284000
1.242000
0.382000
0.226000
0.249000
1.423000
0.215000
1.332000
0.253000
0.309000
1.324000
0.167000
1.800000
1.500000
0.556000
1.125000
1.934000
1.514000
0.929000
1.646000
0.833000
2.247000
1.611000
2.555000
0.325000
1.695000
0.471000
0.433000
1.644000
2.817000
0.383000
2.171000
0.603000
0.367000
0.423000
2.158000
0.468000
0.895000
0.960000
0.143000
0.652000
1.171000
0.241000
2.464000
2.209000
0.396000
0.538000
0.795000
2.820000
0.394000
0.715000
0.663000
0.387000
0.245000
0.436000
0.384000
0.236000
0.235000
0.387000
0.917000
0.441000
0.176000
1.606000
0.604000
0.189000
0.330000
2.670000
2.246000
0.030000
0.020000
0.020000
0.020000
0.030000
0.246000
0.030000
2.609000
0.030000
0.030000
0.030000
0.030000
0.030000
0.030000
2.446000
0.030000
0.030000
0.030000
0.030000
4.031000
3.137000
0.160000
0.206000
0.078000
0.111000
0.113000
0.126000
0.462000
0.780000
5.268000
0.050000
0.067000
0.029000
0.020000
1.240000
2.100000
0.030000
0.030000
0.906000
0.030000
1.020000
0.020000
0.020000
0.598000
0.483000
2.010000
0.323000
0.128000
1.031000
0.120000
0.050000
0.061000
0.390000
0.224000
0.13300
-0.03100
0.01600
3.88100
-12.00600
1.03500
-0.13000
0.33000
0.10600
-0.02700
-1.64200
-1.21600
-0.36800
0.83200
-0.62500
-0.35300
-1.16600
-0.09200
-0.14100
-1.39800
0.99700
0.04800
1.29600
-1.40000
-0.12400
-0.02900
1.15400
1.49200
-0.04100
-0.10500
-0.00100
-0.11700
-0.19600
0.00000
-0.05700
0.05800
0.78500
-1.08100
-0.18900
-1.25200
1.41100
-0.00600
-0.05000
-0.02400
6.48900
-0.44800
1.09300
-0.04400
0.61500
-0.40300
0.02200
2.72200
-0.05700
0.05700
0.25400
2.05100
0.11900
-0.03300
-3.69000
2.42700
0.00300
-5.17100
-0.64500
0.00200
0.35700
0.14800
1.23800
-0.57100
0.13200
-0.38800
0.29300
0.15100
0.22200
0.13900
0.14300
0.12300
0.06000
0.15500
1.48300
0.36400
0.26900
-1.90100
0.03500
-0.09800
-0.41800
0.13300
0.00000
0.09400
-0.93500
-0.21200
-0.57600
-0.00400
-11.18900
-6.28300
28.09900
21.25300
-2.81000
0.05400
-0.03300
-2.86700
0.61100
1.42100
3.62000
0.19500
0.10200
-0.01900
0.09000
-0.23100
1.49600
0.00600
-0.07200
-0.08900
-0.07200
-0.13200
-0.35300
-0.16500
-0.13400
-0.11500
-0.07800
0.00000
0.00100
-0.02800
-0.02400
-0.02500
-0.05100
-0.17600
-0.97900
-0.16200
-0.42400
-0.28100
-0.78900
0.20100
-0.81600
0.08600
0.01800
-0.26400
-1.73100
-1.36000
-1.28500
-0.60000
-0.45800
-0.20900
-0.26200
-0.07300
-0.16100
-2.22500
-1.48600
-1.45900
-2.30100
-1.82100
0.90100
-1.40000
-1.46200
-1.91100
-2.55500
-2.40700
0.75800
-1.24000
-1.19600
-0.14300
-0.64100
-1.28700
1.18300
2.49000
1.19300
-1.59300
-1.26300
2.28600
0.82900
0.73600
1.76000
-3.09400
-3.32400
0.08300
0.10500
1.27000
1.19200
1.44700
1.48900
-1.42300
0.92000
1.81900
1.86200
2.74300
-1.93500
-1.81300
-1.84200
-2.07700
2.14900
2.25800
2.16500
2.45600
2.35800
2.85300
-2.05800
-2.48500
-3.56700
-3.36700
-3.40800
-3.41400
-5.46800
-1.96400
-0.02900
-0.17700
-0.03800
1.22500
-3.50600
-5.08900
2.55200
3.51200
-2.27500
-3.75900
2.65400
2.84700
3.00800
-1.62900
-0.65500
2.38600
2.07000
2.53700
2.78300
-1.40900
-1.41500
-0.29400
0.44600
0.33200
1.53500
1.74600
-3.72300
1.18200
1.22400
2.06000
2.05100
1.90200
4.93900
4.72200
3.74400
3.50900
2.62200
2.40800
1.96200
1.66600
1.48100
1.56800
1.36200
1.50700
1.38800
0.97700
0.03900
0.04800
1.69700
0.41000
0.00700
0.39200
0.67700
0.97700
-0.85200
1.79700
1.68100
2.52700
2.69000
-1.92500
-2.13900
-2.48400
-1.68300
-1.93600
6.60500
6.63800
2.26200
3.99400
-7.99300
-12.42100
-7.93400
-7.93200
-4.83700
3.37400
2.97100
2.46700
-0.92400
-0.58300
-1.27800
-1.52000
-0.89600
2.46900
2.27800
0.70200
0.33500
-1.06300
-0.92900
-1.61600
0.02200
0.00600
1.42000
1.89600
1.51700
1.74000
1.96400
0.86100
0.63500
0.00600
-0.14100
0.06300
0.58000
1.01600
-0.49500
0.49200
0.32100
0.54000
2.86500
3.44800
2.86600
0.03800
2.01500
1.94000
1.52500
1.67300
1.69700
1.70700
2.02700
2.01000
-0.11400
0.04500
0.02900
8.11800
1.16700
0.83500
1.89800
1.90100
2.01700
2.04500
2.15700
2.38400
-0.18400
-0.09700
-2.13500
-2.26500
-2.28800
-2.01900
-2.07100
-0.01400
-0.08300
-0.04100
-1.92400
-1.96500
-1.92600
-1.96200
-1.98800
0.15900
-1.68300
0.33400
0.33300
0.87000
-0.29500
1.79200
-1.22400
-1.24100
1.52900
-0.18900
-0.51100
-0.58200
-0.02700
2.12800
2.17300
1.99100
1.44000
-0.09800
-0.35600
-0.77400
-0.49400
-1.22300
-1.49200
-0.60700
3.03100
4.46300
4.49000
8.11400
3.56700
-1.40900
0.43800
0.56300
0.89300
0.96700
0.88400
-1.30400
0.91400
0.41200
-1.01800
-0.91000
0.65300
0.00700
-0.93100
-0.90500
-1.51200
-1.40100
-1.35800
-1.26600
-0.45400
-0.58500
-1.27300
-1.38600
-2.52500
-2.61200
-0.06100
-0.28900
-0.41300
-0.74600
-0.85100
-0.78700
-0.78800
-0.91000
1.60400
1.02400
1.68500
1.71900
1.19700
-0.07800
-0.14500
-0.14600
-0.22400
0.04600
0.36300
0.50300
1.26700
1.20300
0.36600
0.32100
2.79800
2.74400
0.10000
-0.06800
-0.82300
-1.66700
1.99700
2.00600
2.14100
1.07000
1.12400
-3.16500
-1.38900
-0.20500
0.01000
-3.79500
1.03400
1.03300
4.71500
4.61900
1.38200
1.34900
1.33300
3.82000
3.78000
3.60000
2.59300
2.51900
2.23600
2.14500
2.01400
2.27900
-4.40800
-1.24500
2.31600
1.58600
-1.42000
2.39400
-6.92800
-6.01800
-4.51000
2.29200
-4.89600
-4.93400
-5.76800
-5.85200
-5.91800
-15.34200
12.42300
3.00100
3.53900
-7.68400
1.96300
3.60300
1.98800
-6.96000
26.76300
-14.35400
-6.23900
-9.04700
-6.23100
-12.00700
-9.19800
-7.81000
-6.03800
-12.42200
-15.57200
-0.14900
-3.03000
-2.83500
3.86800
-9.15500
-5.27300
-5.25400
-5.24700
0.00200
0.00100
2.85000
-8.12700
-8.12300
0.00100
-0.03000
-0.70800
-0.76000
-0.11200
-0.30500
-0.00100
0.01000
0.00500
0.01000
0.00100
0.00800
1.31100
0.00600
3.19200
0.00600
0.01200
0.02300
0.00600
0.05700
0.00200
-1.08800
0.00200
0.00600
0.00000
0.01400
-22.37400
22.37200
-14.49900
26.76500
0.00200
28.09500
0.00000
0.68800
2.21300
0.04600
0.06200
-1.12600
1.13200
-1.12400
0.02800
-1.56000
-0.29400
0.05400
0.67000
-0.06400
2.70400
-28.10100
1.13400
-21.25500
0.33500
1.16500
1.20600
-1.70000
-1.70600
-22.37600
-1.13000
-1.12800
28.09700
1.32700
0.73000
