145
1
150
1
2
3
4
5
6
7
8
9
10
11
12
13
14
15
16
17
18
19
20
21
22
23
24
25
26
27
28
29
30
31
32
33
34
35
36
37
38
39
40
41
42
43
44
45
46
47
48
49
50
51
52
53
54
55
56
57
58
59
60
61
62
63
64
65
66
67
68
69
70
71
72
73
74
75
76
77
78
79
80
81
82
83
84
85
86
87
88
89
90
91
92
93
94
95
96
97
98
99
100
101
102
103
104
105
106
107
108
109
110
111
112
113
114
115
116
117
118
119
120
121
122
123
124
125
126
127
128
129
130
131
132
133
134
135
136
137
138
139
140
141
142
143
144
145
2702.700
2688.800
2707.400
2718.900
2759.800
2689.100
2671.800
2637.100
2570.800
2560.300
2584.300
2571.800
2465.100
2440.400
2234.700
2169.200
2142.200
2109.100
2111.200
2217.200
2207.700
2267.300
2390.500
2423.900
2506.400
2572.900
2620.600
2450.300
2662.900
2173.280
2101.500
1992.100
1987.400
2059.800
2053.100
1956.100
1947.100
1935.000
1914.700
1890.000
2026.800
1872.000
2011.900
2016.300
2149.200
2170.700
2334.700
2335.900
2004.400
2116.300
2112.800
2097.000
2083.600
1989.500
1744.100
2085.600
1928.100
1843.100
1779.000
1841.000
1806.600
1946.800
2075.600
2173.500
2175.400
2171.000
1769.300
1650.100
1616.400
1595.500
1542.700
1510.300
1398.400
1372.300
1498.500
1475.000
1561.800
1575.900
1713.900
1705.000
1646.800
1639.600
1546.900
1543.300
1421.300
1359.600
1340.000
1399.000
1434.700
1458.400
1496.600
1888.000
1871.800
1761.600
1749.700
1670.200
1659.700
1598.400
1587.100
1482.600
1502.000
1409.100
1382.000
1316.500
1325.500
1242.500
1252.000
1156.300
1165.500
1104.200
1207.400
1187.100
1167.500
908.400
1005.600
1089.700
933.100
1358.800
1308.100
1296.000
1344.000
1364.480
1328.570
1318.680
2521.300
1393.500
2325.200
2259.650
1242.320
999.200
990.100
1079.200
2583.300
2570.800
2464.100
2439.400
2233.700
2168.200
2141.200
2069.170
1103.200
2179.100
2173.000
1320.000
2185.000
634.300
646.500
671.000
693.800
748.800
821.100
887.100
913.600
927.300
956.700
980.600
989.700
1002.700
972.300
1014.400
1059.100
1171.400
1309.000
1347.100
1376.500
1429.700
1439.100
1513.200
1486.700
1545.000
1499.200
1548.400
1668.300
1820.700
1617.840
1410.100
1391.400
1418.700
1431.200
1468.100
1584.600
1640.000
1715.600
1728.700
1858.000
1883.800
1952.200
1978.100
1955.900
1948.200
1853.600
1854.100
2028.000
2020.100
2023.100
2074.400
2073.700
2141.400
2135.100
2271.500
2141.900
2192.100
2215.600
2272.200
2274.900
2330.100
2356.300
2273.600
2273.700
2139.200
2209.300
1835.200
1855.900
1846.300
2014.600
2000.000
2106.200
2069.200
2152.200
2196.400
2256.200
2269.000
2246.500
2263.300
2348.900
2341.900
2395.000
2384.500
2414.500
2399.800
2052.900
1951.800
1975.400
1887.900
1897.400
1801.400
1373.300
1467.100
1448.200
1511.200
1497.700
1561.100
1551.100
1636.400
1592.800
1547.400
1764.900
1828.300
1722.300
1624.600
1587.300
1566.400
1506.400
1493.500
1453.800
1268.900
1255.500
1689.900
1559.300
1390.000
1263.400
1735.100
1126.700
1285.100
1361.900
1393.500
1406.110
1490.240
1515.140
1491.500
1555.700
2149.300
2205.500
1109.240
1621.000
1637.400
1705.200
980.600
989.700
1002.700
972.300
1014.400
1059.100
1171.400
1145.890
1452.800
1581.000
2270.000
2000.000
1582.000
2825.000
2822.000
2812.000
2800.000
2782.000
2781.000
2765.000
2763.000
2778.000
2776.000
2770.000
2771.000
2779.000
2784.000
2789.000
2778.000
2782.000
2758.000
2760.000
2735.000
2736.250
2725.710
2695.000
2689.000
2663.800
2653.000
2650.000
2634.000
2619.000
2719.000
2758.000
2783.800
2780.000
2769.000
2764.500
2743.630
2730.000
2721.000
2723.000
2730.000
2710.000
2704.660
2685.000
2693.840
2678.000
2688.000
2656.790
2629.000
2678.000
2661.000
2648.000
2649.000
2640.000
2646.250
2655.000
2640.000
2632.000
2645.000
2643.000
2630.000
2633.300
2615.000
2612.000
2612.000
2622.700
2627.200
2743.000
2743.000
2747.000
2727.000
2734.000
2715.000
2701.800
2681.500
2705.000
2690.000
2681.000
2686.000
2670.000
2657.700
2662.000
2651.870
2656.600
2652.000
2655.700
2691.000
2720.000
2712.660
2735.000
2731.000
2752.000
2795.000
2776.000
2787.500
2778.000
2792.000
2780.000
2789.000
2769.300
2785.000
2792.000
2766.150
2755.000
2746.000
2747.000
2730.000
2733.000
2743.600
2746.000
2722.000
2754.000
2742.000
2695.000
2675.000
2703.000
2714.000
2680.000
2783.000
2781.000
2777.360
2771.000
2769.000
2752.000
2753.000
2671.500
2763.000
2609.000
2605.000
2765.000
2700.000
2698.000
2700.000
2770.000
2771.000
2779.000
2784.000
2789.000
2778.000
2782.000
2800.000
2722.000
2724.300
2612.000
2710.000
2723.000
0.0000
0.0000
0.0000
0.0000
0.0000
0.0000
0.0000
0.0000
0.0000
0.0000
0.0000
0.0000
0.0000
0.0000
0.0000
0.0000
0.0000
1.2000
11.2000
0.4000
1.6000
0.2000
0.4000
0.5000
0.6000
0.3000
1.1000
1.9000
2.0000
2.0000
0.6000
9.5000
0.9000
0.2000
0.4000
1.6000
1.6000
0.9000
0.7000
1.2000
1.0000
0.8000
0.2000
0.6000
0.8000
1.5000
1.7000
3.2000
1.0000
1.7000
0.3000
0.4000
1.0000
0.1000
0.1000
1.0000
0.5000
0.2000
0.1000
0.6000
0.1000
0.9000
0.9000
0.2000
0.6000
0.4000
3.0000
1.7000
1.7000
1.7000
1.7000
0.7000
0.0000
1.0000
0.0000
0.4000
0.5000
1.3000
2.7000
0.7000
0.6000
0.3000
0.5000
0.3000
0.5000
0.5000
0.6000
0.5000
0.4000
0.3000
0.9000
0.0000
0.0000
0.0000
0.0000
0.0000
0.0000
-7.3000
1.0000
2.4000
0.1000
1.3000
0.9000
1.1000
0.9000
0.3000
0.9000
0.6000
0.3000
1.7000
0.9000
0.8000
0.7000
0.3000
0.7000
0.6000
0.9000
0.4000
0.4000
0.6000
0.6000
0.0000
0.2000
0.4000
0.0000
0.7000
1.1000
0.6000
0.2000
0.6000
0.2000
1.3000
0.0000
0.0000
0.4000
1.4000
2.2000
1.2000
1.7000
58.1000
0.7000
0.1000
0.2000
0.4000
0.1000
2849.15000
2848.81400
2848.33100
2847.89200
2846.80600
2845.25900
2844.18100
2843.52100
2842.45200
2841.98000
2840.00800
2839.04700
2833.23200
2831.08000
2827.89400
2823.33500
2816.65000
2829.78300
2829.20800
2766.99000
2764.56200
2762.73000
2758.61200
2757.50100
2735.38900
2733.35300
2733.27900
2731.22600
2730.40500
2772.81200
2828.56900
2825.73000
2806.52700
2794.42000
2793.55100
2785.40600
2784.24100
2782.81000
2780.16100
2778.06100
2775.24200
2734.80400
2717.12700
2730.72200
2729.26900
2728.55100
2728.17500
2677.68700
2711.83300
2699.44200
2695.91600
2694.92300
2686.94600
2686.94400
2725.93100
2686.69600
2680.39000
2680.41500
2680.45700
2680.62400
2680.39700
2680.28500
2681.67000
2680.20700
2678.79700
2679.34900
2774.64400
2773.51200
2773.40800
2756.63300
2752.31300
2745.57200
2739.53200
2735.54100
2730.53600
2728.12200
2726.94100
2726.65700
2725.94400
2725.94600
2725.98900
2726.08900
2726.32600
2726.44500
2727.05900
2739.51900
2785.06900
2785.12800
2785.31000
2785.38300
2785.77500
2823.81600
2821.97900
2819.95800
2818.73200
2817.24800
2816.92300
2815.74400
2815.10400
2814.35700
2814.35700
2799.28600
2798.09100
2796.54600
2795.57300
2794.86400
2794.22100
2793.57500
2793.29100
2792.97500
2794.16200
2794.41000
2728.66500
2729.32200
2729.62500
2729.56700
2728.97900
2798.08800
2800.89500
2802.37600
2803.74300
2804.44600
2806.86600
2807.62200
2734.34800
2810.54500
2677.95600
2679.31200
2796.46300
2729.21200
2729.06700
2728.71000
2841.39200
2841.09100
2839.38600
2838.75700
2835.20300
2833.92300
2832.07300
2815.29600
2792.94800
2772.81200
2680.13500
2785.05900
2764.56100
146
2697.660
628.580
2850.0
2850.0
1
2
3
4
5
6
7
8
9
10
11
12
13
14
15
16
17
18
19
20
21
22
23
24
25
26
27
28
29
30
31
32
33
34
35
36
37
38
39
40
41
42
43
44
45
46
47
48
49
50
51
52
53
54
55
56
57
58
59
60
61
62
63
64
65
66
67
68
69
70
71
72
73
74
75
76
77
78
79
80
81
82
83
84
85
86
87
88
89
90
91
92
93
94
95
96
97
98
99
100
101
102
103
104
105
106
107
108
109
110
111
112
113
114
115
116
117
118
119
120
121
122
123
124
125
126
127
128
129
130
131
132
133
134
135
136
137
138
139
140
141
142
143
144
145
146
147
148
149
150
1
2
3
4
5
6
7
8
9
10
11
12
13
14
15
16
139
18
19
20
21
22
23
24
125
26
26
28
142
30
19
31
32
33
35
36
37
38
39
40
40
42
47
43
45
44
41
141
49
50
50
51
52
48
66
65
65
143
63
53
79
63
56
57
58
59
61
59
60
32
93
93
94
95
96
97
98
40
67
68
69
70
71
72
73
74
75
76
85
84
83
82
81
79
78
77
76
69
90
89
88
87
144
86
91
99
100
100
102
103
104
105
106
107
109
110
115
115
130
131
132
131
114
130
110
111
112
145
124
100
1
34
108
118
119
120
121
122
123
10
133
134
135
136
137
138
17
118
64
125
2
3
4
5
6
7
8
9
10
11
12
13
14
15
16
17
18
19
20
21
22
23
24
25
25
27
28
29
30
36
31
32
33
34
36
37
38
39
40
41
42
43
46
49
46
45
44
110
50
48
51
52
53
127
128
66
127
66
64
54
55
56
53
58
59
61
62
60
63
92
92
94
95
96
97
98
99
67
68
69
70
71
72
73
74
75
76
85
84
83
82
81
80
80
79
78
77
91
91
90
89
88
87
73
102
100
101
102
103
104
105
106
107
108
110
130
141
116
131
132
113
117
115
114
111
112
129
21
126
126
146
35
109
119
120
121
122
123
124
133
134
135
136
137
138
139
140
129
143
26
304.80
304.80
304.80
304.80
304.80
304.80
304.80
304.80
304.80
152.40
152.40
152.40
152.40
203.20
152.40
152.40
254.00
254.00
101.60
76.20
76.20
76.20
76.20
101.60
76.20
76.20
76.20
76.20
76.20
76.20
254.00
203.20
76.20
101.60
254.00
152.40
152.40
101.60
152.40
76.20
101.60
76.20
76.20
76.20
76.20
76.20
101.60
76.20
76.20
76.20
76.20
76.20
152.40
76.20
76.20
76.20
76.20
76.20
76.20
76.20
76.20
76.20
76.20
76.20
76.20
76.20
76.20
76.20
76.20
152.40
152.40
152.40
152.40
152.40
203.20
152.40
203.20
76.20
76.20
76.20
76.20
76.20
76.20
76.20
76.20
76.20
76.20
76.20
76.20
76.20
76.20
76.20
76.20
76.20
76.20
76.20
76.20
76.20
76.20
76.20
76.20
76.20
76.20
76.20
76.20
203.20
76.20
152.40
101.60
101.60
101.60
101.60
76.20
101.60
101.60
76.20
76.20
76.20
76.20
76.20
76.20
76.20
76.20
76.20
76.20
76.20
76.20
76.20
76.20
76.20
254.00
152.40
76.20
76.20
76.20
76.20
76.20
76.20
76.20
254.00
254.00
254.00
254.00
254.00
254.00
254.00
203.20
76.20
76.20
76.20
18.73600
32.34500
28.21500
70.86500
101.12800
70.08100
43.70700
69.34200
31.28300
34.39800
15.49400
107.78600
39.48700
210.02400
80.05800
115.56900
143.31800
38.21000
112.80700
54.05600
61.25000
147.01100
43.05600
104.11600
56.06700
68.59200
209.73000
262.01100
37.67200
221.08500
63.77400
113.94600
27.96100
74.29000
153.02600
57.75800
77.08900
24.24300
131.82400
140.64100
99.19600
143.62900
166.94400
43.23500
97.52600
134.06200
74.63100
1.41400
113.22400
221.97300
53.03700
15.84700
69.59800
123.40300
91.46600
70.38200
150.76400
62.60600
97.90000
94.51800
34.70300
135.01400
2.06200
89.14200
85.53600
64.87100
143.79600
63.40600
235.29300
106.25400
97.06600
112.39900
64.81400
81.84400
65.37400
62.75900
88.27200
123.52100
120.98400
35.26800
170.76800
55.22700
112.64600
118.59500
89.34400
135.76600
65.97900
157.10200
122.93800
30.56300
93.41300
54.53500
58.77700
86.93600
139.93700
27.02000
88.19900
128.03500
105.43400
25.84500
97.10700
63.96700
53.13400
43.44800
95.85800
114.31400
49.86500
188.08500
69.84500
124.92900
98.11900
92.57000
23.15300
113.45000
76.87500
198.65800
117.60400
152.38600
18.86200
111.98100
89.75500
114.53500
197.21600
112.59000
214.15500
27.12300
158.02000
154.55100
85.69200
98.99100
26.13700
37.77200
16.02500
166.32800
77.83300
57.81900
24.13400
93.04000
26.81100
33.70800
15.49400
107.78600
39.48700
210.02400
80.05800
115.56900
79.42400
119.14900
3.73400
55.35400
0.500
0.500
0.500
1.200
1.700
1.200
0.700
1.200
0.500
0.800
0.500
1.800
0.700
5.000
1.800
2.800
3.800
0.900
950.000
1.200
1.200
2.400
1.000
800.000
1.500
1.100
2.700
4.900
6.300
1100.000
1.600
1.900
0.700
1.500
300.000
1.500
2.100
0.400
2.700
2.900
200.000
2.400
0.900
0.900
2.200
2.500
2700.000
0.600
2.700
3500.000
1.100
0.300
500.000
2.600
4.200
1.500
4.000
1.300
2.400
2.900
500.000
1.700
0.800
2.400
1.600
1.300
3.600
1.400
6.200
2.000
2.400
2.100
1.600
1.600
1.600
1.500
2.100
3.200
3.500
0.800
3.000
1.200
2.900
2.200
1.000
2.300
1.000
3.100
3.000
0.500
1.900
1.200
1.300
1.600
2.500
0.500
2.300
2.600
2.000
0.400
1.600
1.400
1.500
2.400
1.800
2.100
0.800
110.000
3.700
2.700
2.400
1.500
0.400
2.800
1.500
3600.000
3700.000
3.900
1.000
2.700
2.700
2.500
4.400
2.100
4.400
0.500
2.600
1.500
3.200
2.500
0.300
0.600
0.300
4.200
1.600
1.600
0.900
0.800
0.400
0.800
0.500
1.800
0.700
5.000
1.800
2.800
2.800
1.000
0.500
1.000
166.3000
166.3000
166.3000
166.3000
166.3000
166.3000
166.3000
166.3000
166.3000
58.1000
58.1000
58.1000
58.1000
58.1000
58.1000
58.1000
101.3000
100.1000
9.1000
8.7000
7.0000
6.8000
6.4000
5.9000
-5.3000
1.1000
3.9000
2.0000
-0.1000
-2.1000
79.8000
79.2000
37.9140
37.0140
36.4150
32.7140
31.1140
30.2140
29.5140
5.6000
16.1000
15.3000
-1.7000
15.1000
3.2000
4.0000
4.6000
-3.3320
14.1000
1.5770
10.8230
10.5230
10.1230
-1.6230
0.6000
-3.3230
2.7230
4.3230
4.7230
0.1000
0.1000
-8.0230
-9.0230
-0.5000
-0.7000
1.0000
0.9000
-1.8000
-2.4000
31.7860
-31.7860
31.7860
31.7860
31.7860
31.7860
31.7860
39.0860
6.6140
3.6140
1.9140
13.5000
11.8000
10.1000
9.4000
8.9000
7.9000
7.9000
3.0690
2.5690
2.2690
1.7690
1.4690
0.8690
-0.1690
2.6310
3.9310
4.4310
-13.2860
-2.2000
-1.9000
-1.5000
-1.0000
-0.4000
-0.5000
-16.3860
38.0860
0.1000
27.6430
9.9570
9.0570
7.9570
7.0570
6.7570
5.8570
4.9570
2.6680
-2.6320
0.6000
3.1000
2.0000
0.7000
0.9000
-1.3320
-1.0320
-2.7430
-3.6430
-4.4430
-0.1000
-7.2430
7.9430
-166.3000
36.8140
5.2570
-5.0430
-5.4430
-6.0430
-6.6430
-6.6430
-6.8430
108.2000
108.2000
108.2000
107.8000
106.4000
104.2000
103.0000
58.1000
4.6430
4.5230
5.3000
