255
1
263
2
3
4
5
6
7
8
9
10
11
12
13
14
15
16
17
18
19
20
21
22
23
24
25
26
27
28
29
30
31
32
33
34
35
36
37
38
39
40
41
42
43
44
45
46
47
48
49
50
51
52
53
54
55
56
57
58
59
60
61
62
63
64
65
66
67
68
69
70
71
72
73
74
75
76
77
78
79
80
81
82
83
84
85
86
87
88
89
90
91
92
93
94
95
96
97
98
99
100
101
102
103
104
105
106
107
108
109
110
111
112
113
114
115
116
117
118
119
120
121
122
123
124
125
126
127
128
129
130
131
132
133
134
135
136
137
138
139
140
141
142
143
144
145
146
147
148
149
150
151
152
153
154
155
156
157
158
159
160
161
162
163
164
165
166
167
168
169
170
171
172
173
174
175
176
177
178
179
180
181
182
183
184
185
186
187
188
189
190
191
192
193
194
195
196
197
198
199
200
201
202
203
204
205
206
207
208
209
210
211
212
213
214
215
216
217
218
219
220
221
222
223
224
225
226
227
228
229
230
231
232
233
234
235
236
237
238
239
240
241
242
243
244
245
246
247
248
249
250
251
252
253
254
255
256
98.800
98.650
98.650
98.650
98.820
98.490
99.580
99.940
100.750
100.900
98.370
98.010
97.850
97.680
97.520
97.680
97.230
96.870
96.590
96.440
96.440
96.290
95.700
94.400
93.250
93.100
93.100
93.100
93.100
93.100
93.100
93.100
93.250
97.680
97.680
97.680
97.680
97.680
97.680
97.820
97.680
97.680
97.680
97.540
100.900
100.900
100.900
100.900
100.900
100.900
100.900
100.900
100.760
94.170
94.460
95.620
98.830
99.830
100.120
93.100
93.100
93.100
92.950
93.100
93.100
93.100
93.100
93.100
93.100
93.100
93.100
93.100
93.100
93.100
93.100
93.100
93.240
97.680
97.680
97.680
97.680
97.680
97.680
97.680
97.680
97.680
97.680
97.680
97.680
97.680
97.680
97.680
97.680
97.680
97.680
97.540
97.680
97.680
97.680
97.820
100.900
100.900
100.900
100.900
101.040
100.900
100.900
100.900
100.900
100.900
100.900
100.900
100.900
100.900
100.900
101.030
100.900
100.900
100.900
100.760
93.640
93.780
93.780
93.920
94.270
94.410
94.410
94.550
95.170
96.130
96.270
96.270
96.410
96.650
96.940
98.760
99.180
99.560
99.850
93.100
93.100
93.100
93.100
93.100
93.100
93.100
93.220
93.700
93.820
93.820
97.680
97.680
97.680
97.680
97.680
97.680
97.550
97.680
97.680
97.680
97.820
100.900
100.900
100.900
100.900
100.900
100.900
101.030
100.900
100.900
100.900
100.760
93.700
93.820
93.820
93.940
94.330
94.450
94.450
94.570
95.120
96.160
96.280
96.280
96.400
96.730
96.840
98.740
99.400
99.690
93.100
93.100
93.100
92.980
93.100
93.100
93.100
93.100
93.100
93.100
93.220
97.680
97.680
97.680
97.680
97.680
97.680
97.680
97.560
97.680
97.680
97.680
97.800
100.900
100.900
100.900
100.900
100.900
100.900
100.900
100.900
101.020
100.900
100.900
100.900
100.780
93.940
94.320
94.440
94.440
94.560
95.360
95.470
96.180
97.020
99.190
99.920
100.030
93.100
93.100
93.100
92.980
93.100
97.680
100.900
91.680
91.750
92.460
91.730
103.330
102.090
103.290
103.260
102.160
103.370
100.000
99.850
98.860
98.700
98.700
98.700
98.700
98.700
98.700
98.550
98.700
98.700
98.700
98.700
98.700
98.550
98.700
98.700
98.700
98.550
96.980
96.830
96.830
96.830
96.830
96.680
96.460
96.100
95.710
95.370
95.210
95.040
95.210
97.770
97.480
96.630
95.630
95.490
95.350
95.490
95.230
95.120
94.980
95.120
97.710
97.350
96.650
95.850
95.720
95.650
95.510
95.370
95.510
95.190
95.180
95.160
95.500
95.500
95.500
94.940
94.770
94.610
94.770
93.630
93.270
92.720
92.210
91.130
90.990
90.900
90.760
90.760
90.620
90.070
89.930
89.790
89.930
94.090
93.800
93.060
92.370
92.230
92.230
92.090
91.520
91.380
91.380
91.240
90.480
90.340
90.340
90.200
89.960
89.820
89.680
89.820
89.470
89.330
89.190
89.330
94.640
93.900
93.760
93.620
93.760
92.800
92.510
91.530
90.550
90.410
90.410
90.270
89.970
89.830
89.690
89.830
89.540
89.400
89.260
89.400
89.920
89.920
89.920
89.910
89.900
89.900
89.900
89.900
89.880
89.860
89.850
89.850
89.850
89.840
89.840
89.350
89.360
89.370
89.370
89.700
89.060
88.860
88.140
87.490
87.370
87.260
87.370
83.830
83.820
83.820
88.790
88.500
88.050
87.350
87.210
87.070
87.210
86.890
86.750
86.610
86.750
88.890
88.600
88.150
87.420
87.280
87.140
87.280
86.960
86.820
86.680
86.820
87.350
87.350
87.350
87.340
87.330
87.320
87.320
87.320
87.300
87.260
87.260
87.260
87.250
87.240
87.240
86.770
86.790
86.790
87.150
87.030
86.920
87.030
86.190
86.090
85.060
83.960
83.840
83.730
83.840
86.520
85.900
85.790
84.810
83.830
83.720
83.600
83.720
83.490
83.380
83.260
83.380
86.090
85.800
84.870
84.730
84.640
83.810
83.700
83.580
83.700
83.470
83.350
83.240
83.350
83.820
83.810
83.800
83.800
83.800
83.780
83.780
83.750
83.730
83.360
83.360
83.360
83.620
83.500
83.390
83.500
83.110
82.310
82.270
94.770
87.030
83.500
83.500
93.760
89.830
89.830
87.280
83.700
83.700
0.00400
0.00400
-0.00100
-0.00100
-0.00100
-0.00100
0.00400
0.00400
0.00800
0.00800
0.00100
0.00100
0.00300
0.00300
0.00300
0.00300
0.00000
0.00000
-0.00400
-0.00400
0.00500
0.00500
0.00300
0.01100
0.01300
0.01300
0.00400
0.00400
-0.00600
0.00500
0.00500
0.00500
0.00500
-0.00300
-0.00300
-0.01000
-0.00500
-0.00500
-0.00500
-0.00500
-0.00600
-0.00600
-0.00600
-0.00600
0.01200
0.01200
0.01500
0.00100
0.00100
0.00100
0.00100
0.00100
0.00100
-0.00800
-0.00800
-0.02100
-0.01500
-0.00700
-0.00700
0.01300
0.01300
0.01300
0.01300
0.02000
0.02000
0.02700
0.02400
0.01600
0.01600
0.01600
0.01600
0.05000
0.05000
0.49100
0.49100
0.49100
0.49100
-0.00600
-0.00600
-0.00600
-0.00600
-0.00600
0.44300
0.44300
0.44300
0.44300
0.15600
0.15600
0.15600
0.15600
0.49500
0.49500
0.48400
0.48400
0.48400
0.48400
0.48200
0.48200
0.48200
0.48200
-0.00300
-0.00500
-0.00500
-0.00500
-0.00500
0.00200
0.00200
0.01000
-0.00400
-0.00400
0.49900
0.49900
0.49900
0.49900
0.49900
0.49900
0.49300
0.49300
0.49300
0.49300
0.48300
0.48300
0.12700
0.12700
0.12500
0.12500
0.83300
0.83300
0.81900
0.84600
0.84600
0.49100
0.49100
0.48700
0.48700
0.47200
0.46500
0.47900
0.47900
0.49100
0.48900
0.48900
0.48800
0.49500
0.49500
0.49500
0.49500
0.50700
0.50700
0.15000
0.48100
0.48100
0.48100
0.48300
0.48300
0.48300
0.48300
0.47600
0.47600
0.47600
0.47600
0.48900
0.48900
0.48500
0.48100
0.48100
0.48100
0.48100
0.47100
0.47100
0.47100
0.47100
0.49600
0.49600
0.13600
0.13600
0.13100
0.13100
0.81100
0.81100
0.81100
0.81100
0.81100
0.49600
0.49600
0.49000
0.49000
0.47300
0.47200
0.47200
0.49500
0.49500
0.49500
0.49500
0.49400
0.49400
0.49300
0.51900
0.51900
0.51900
0.51900
0.47600
0.48600
0.48600
0.49700
0.49600
0.49600
0.49600
0.49600
0.49300
0.49300
0.49300
0.49300
0.47700
0.47700
0.48400
0.48400
0.48400
0.49800
0.49800
0.49800
0.49800
0.49300
0.49300
0.49300
0.49300
0.15000
0.16200
0.16200
0.51900
0.51900
0.50000
0.50000
0.48100
0.49400
0.49800
0.49500
0.49500
0.52000
0.52000
0.52000
0.52000
0.50200
0.50500
0.50400
0.01700
0.51000
0.52300
0.53300
0.00900
0.51200
0.52600
0.53300
0.50300
0.50800
0.000
0.000
0.000
0.000
0.000
0.000
0.000
0.000
0.000
0.000
0.000
0.000
0.000
0.000
0.000
0.000
0.000
0.000
0.000
0.000
0.000
0.000
0.000
0.000
0.000
0.000
0.000
0.000
0.000
0.000
0.000
0.000
0.000
0.000
0.000
0.000
0.000
0.000
0.000
0.000
0.000
0.000
0.000
0.000
0.000
0.000
0.000
0.000
0.000
0.000
0.000
0.000
0.000
0.000
0.000
0.000
0.000
0.000
0.000
0.000
0.000
0.000
0.000
0.000
0.000
0.000
0.000
0.000
0.000
0.000
0.000
0.000
0.000
0.000
0.000
0.000
0.000
0.000
0.000
0.000
0.000
0.000
0.000
0.000
0.000
0.000
0.000
0.000
0.000
0.000
0.000
0.000
0.000
0.000
0.000
0.000
0.000
0.000
0.000
0.000
0.000
0.000
0.000
0.000
0.000
0.000
0.000
0.000
0.000
0.000
0.000
0.000
0.000
0.000
0.000
0.000
0.000
0.000
0.000
0.000
0.000
0.000
0.000
0.000
0.000
0.000
0.000
0.000
0.000
0.000
0.000
0.000
0.000
0.000
0.000
0.000
0.000
0.000
0.000
0.000
0.000
0.000
0.000
0.000
0.000
0.000
0.000
0.000
0.000
0.000
0.000
0.000
0.000
0.000
0.000
0.000
0.000
0.000
0.000
0.000
0.000
0.000
0.000
0.000
0.000
0.000
0.000
0.000
0.000
0.000
0.000
0.000
0.000
0.000
0.000
0.000
0.000
0.000
0.000
0.000
0.000
0.000
0.000
0.000
0.000
0.000
0.000
0.000
0.000
0.000
0.000
0.000
0.000
0.000
0.000
0.000
0.000
0.000
0.000
0.000
0.000
0.000
0.000
0.000
0.000
0.000
0.000
0.000
0.000
0.000
0.000
0.000
0.000
0.000
0.000
0.000
0.000
0.000
0.000
0.000
0.000
0.000
0.000
0.000
0.000
0.000
0.000
0.000
0.000
0.000
0.000
0.000
0.000
0.000
0.000
0.000
0.000
0.000
0.000
0.000
0.000
0.000
1.000
1.000
1.000
0.000
0.000
0.000
0.000
0.000
0.000
0.000
0.000
0.000
0.000
3.99300
3.99100
3.98500
3.98400
3.98400
3.98400
3.98300
3.98300
3.98200
3.98100
3.98300
3.98200
3.98200
3.98100
3.98100
3.98100
3.98100
3.98100
3.98100
3.98100
3.98000
3.98000
3.97900
3.97900
3.97800
3.97800
3.97800
3.97800
3.97700
3.97700
3.97700
3.97700
3.97700
3.98000
3.98000
3.97900
3.97800
3.97800
3.97800
3.97800
3.97800
3.97700
3.97700
3.97700
3.98000
3.98000
3.97900
3.97800
3.97800
3.97800
3.97800
3.97800
3.97800
3.97700
3.97700
3.97700
3.97800
3.97800
3.97800
3.97700
3.97700
3.97700
3.97700
3.97600
3.97600
3.97500
3.97500
3.97400
3.97400
3.97400
3.97300
3.97300
3.97300
3.97300
3.97300
3.97200
3.97300
3.97700
3.97600
3.97600
3.97500
3.97500
3.97500
3.97500
3.97400
3.97400
3.97400
3.97400
3.97300
3.97300
3.97300
3.97300
3.97300
3.97300
3.97300
3.97300
3.97200
3.97200
3.97200
3.97200
3.97700
3.97700
3.97600
3.97600
3.97600
3.97600
3.97500
3.97400
3.97300
3.97300
3.97300
3.97300
3.97300
3.97300
3.97200
3.97300
3.97200
3.97200
3.97200
3.97200
3.97300
3.97300
3.97300
3.97300
3.97300
3.97300
3.97300
3.97300
3.97300
3.97300
3.97300
3.97300
3.97300
3.97300
3.97300
3.97200
3.97200
3.97200
3.97200
3.97200
3.97200
3.97200
3.97100
3.97000
3.97000
3.97000
3.97000
3.96700
3.96700
3.96700
3.97200
3.97100
3.97100
3.97000
3.97000
3.97000
3.97000
3.97000
3.97000
3.97000
3.97000
3.97200
3.97200
3.97100
3.97000
3.97000
3.97000
3.97000
3.97000
3.97000
3.97000
3.97000
3.97000
3.97000
3.97000
3.97000
3.97000
3.97000
3.97000
3.97000
3.97000
3.97000
3.97000
3.97000
3.97000
3.97000
3.97000
3.97000
3.97000
3.97000
3.97000
3.97000
3.97000
3.97000
3.96900
3.96900
3.96800
3.96700
3.96700
3.96700
3.96700
3.97000
3.96900
3.96900
3.96800
3.96700
3.96700
3.96700
3.96700
3.96700
3.96700
3.96700
3.96700
3.96900
3.96900
3.96800
3.96800
3.96800
3.96700
3.96700
3.96700
3.96700
3.96700
3.96700
3.96700
3.96700
3.96700
3.96700
3.96700
3.96700
3.96700
3.96700
3.96700
3.96700
3.96700
3.96700
3.96700
3.96700
3.96700
3.96700
3.96700
3.96700
3.96700
3.96600
3.96600
3.97700
3.97000
3.96700
3.96700
3.97600
3.97300
3.97300
3.97000
3.96700
3.96700
1
100.00
100.00
4.00
4.00
1
2
3
4
5
6
7
8
9
10
11
12
13
14
15
16
17
18
19
20
21
22
23
24
25
26
27
28
29
30
31
32
33
34
35
36
37
38
39
40
41
42
43
44
45
46
47
48
49
50
51
52
53
54
55
56
57
58
59
60
61
62
63
64
65
66
67
68
69
70
71
72
73
74
75
76
77
78
79
80
81
82
83
84
85
86
87
88
89
90
91
92
93
94
95
96
97
98
99
100
101
102
103
104
105
106
107
108
109
110
111
112
113
114
115
116
117
118
119
120
121
122
123
124
125
126
127
128
129
130
131
132
133
134
135
136
137
138
139
140
141
142
143
144
145
146
147
148
149
150
151
152
153
154
155
156
157
158
159
160
161
162
163
164
165
166
167
168
169
170
171
172
173
174
175
176
177
178
179
180
181
182
183
184
185
186
187
188
189
190
191
192
193
194
195
196
197
198
199
200
201
202
203
204
205
206
207
208
209
210
211
212
213
214
215
216
217
218
219
220
221
222
223
224
225
226
227
228
229
230
231
232
233
234
235
236
237
238
239
240
241
242
243
244
245
246
247
248
249
250
251
252
253
254
255
256
257
258
259
260
261
262
263
1
2
3
4
5
5
6
8
9
10
7
12
13
14
15
15
16
18
19
20
21
22
23
24
25
26
27
28
29
30
31
32
32
17
35
36
37
38
39
40
39
42
43
43
11
46
47
48
49
50
51
52
52
34
55
56
57
41
58
59
60
33
61
62
63
65
66
67
68
69
70
71
72
73
74
75
76
76
44
79
80
81
82
83
84
85
86
87
88
89
90
91
92
93
94
95
95
96
98
99
99
53
102
103
104
104
105
107
108
109
110
111
112
113
114
115
115
116
118
119
119
78
122
123
125
126
127
128
129
130
131
132
133
134
135
136
101
137
138
139
140
77
141
142
143
144
145
146
146
100
152
153
154
155
156
156
157
159
160
160
120
163
164
165
166
167
167
168
170
171
171
148
174
175
176
177
178
179
180
181
182
183
184
185
186
187
188
162
189
190
191
147
192
193
193
194
196
197
198
199
200
200
161
203
204
205
206
207
208
208
209
211
212
212
172
215
216
217
218
219
220
221
221
222
224
225
225
202
149
150
151
228
229
230
231
232
233
234
235
236
214
237
238
239
201
240
241
241
242
213
226
62
64
195
243
249
106
117
252
169
223
255
124
2
3
4
5
6
7
8
9
10
11
12
13
14
15
17
16
18
19
20
21
22
23
24
25
26
27
28
29
30
31
32
33
34
35
36
37
38
39
40
42
41
43
44
45
46
47
48
49
50
51
52
53
54
55
56
57
45
58
59
60
54
61
62
63
65
66
67
68
69
70
71
72
73
74
75
76
77
78
79
80
81
82
83
84
85
86
87
88
89
90
91
92
93
94
95
96
97
98
99
100
101
102
103
104
105
106
107
108
109
110
111
112
113
114
115
116
117
118
119
120
121
122
123
124
126
127
128
129
130
131
132
133
134
135
136
97
137
138
139
140
121
141
142
143
144
145
146
147
148
152
153
154
155
156
157
158
159
160
161
162
163
164
165
166
167
168
169
170
171
172
173
174
175
176
177
178
179
180
181
182
183
184
185
186
187
188
158
189
190
191
173
192
193
194
195
196
197
198
199
200
201
202
203
204
205
206
207
208
209
210
211
212
213
214
215
216
217
218
219
220
221
222
223
224
225
226
227
149
150
151
228
229
230
231
232
233
234
235
236
210
237
238
239
227
240
241
242
243
244
245
246
64
247
248
249
250
251
252
253
254
255
256
125
76.20
76.20
76.20
76.20
76.20
76.20
76.20
76.20
76.20
76.20
76.20
76.20
76.20
76.20
76.20
76.20
76.20
76.20
76.20
76.20
76.20
76.20
76.20
76.20
76.20
76.20
76.20
76.20
76.20
76.20
76.20
76.20
76.20
76.20
76.20
76.20
76.20
76.20
76.20
76.20
76.20
76.20
76.20
76.20
76.20
76.20
76.20
76.20
76.20
76.20
76.20
76.20
76.20
76.20
76.20
76.20
76.20
76.20
76.20
76.20
76.20
76.20
76.20
76.20
76.20
76.20
76.20
76.20
76.20
76.20
76.20
76.20
76.20
76.20
76.20
76.20
76.20
76.20
76.20
76.20
76.20
76.20
76.20
76.20
76.20
76.20
76.20
76.20
76.20
76.20
76.20
76.20
76.20
76.20
76.20
76.20
76.20
76.20
76.20
76.20
76.20
76.20
76.20
76.20
76.20
76.20
76.20
76.20
76.20
76.20
76.20
76.20
76.20
76.20
76.20
76.20
76.20
76.20
76.20
76.20
76.20
76.20
76.20
76.20
76.20
76.20
76.20
76.20
76.20
76.20
76.20
76.20
76.20
76.20
76.20
76.20
76.20
76.20
76.20
76.20
76.20
76.20
76.20
76.20
76.20
76.20
76.20
76.20
76.20
76.20
76.20
76.20
76.20
76.20
76.20
76.20
76.20
76.20
76.20
76.20
76.20
76.20
76.20
76.20
76.20
76.20
76.20
76.20
76.20
76.20
76.20
76.20
76.20
76.20
76.20
76.20
76.20
76.20
76.20
76.20
76.20
76.20
76.20
76.20
76.20
76.20
76.20
76.20
76.20
76.20
76.20
76.20
76.20
76.20
76.20
76.20
76.20
76.20
76.20
76.20
76.20
76.20
76.20
76.20
76.20
76.20
76.20
76.20
76.20
76.20
76.20
76.20
76.20
76.20
76.20
76.20
76.20
76.20
76.20
76.20
76.20
76.20
76.20
76.20
76.20
76.20
76.20
76.20
76.20
76.20
76.20
76.20
76.20
76.20
76.20
76.20
76.20
76.20
76.20
76.20
76.20
76.20
76.20
76.20
76.20
76.20
76.20
76.20
76.20
76.20
76.20
76.20
76.20
76.20
76.20
76.20
76.20
76.20
76.20
76.20
76.20
76.20
76.20
1.2000
0.3000
0.9900
0.1600
0.1700
0.1700
0.7600
0.3600
0.8200
0.3400
0.1200
0.3600
0.1600
0.1700
0.1500
0.1700
0.2800
0.3600
0.2800
0.3000
1.5700
0.2900
0.6000
1.3000
1.1500
0.2800
0.2200
0.3600
0.3900
0.3400
0.1700
0.1700
0.1500
0.7800
0.2900
0.8500
1.0000
0.1400
0.1400
0.1300
0.1400
0.1100
0.1400
0.1400
0.8400
0.3600
0.7100
0.7900
0.1400
0.0700
0.1400
0.1400
0.1400
0.9200
0.2900
1.1600
1.9300
1.0100
1.0000
0.2900
0.6500
0.1100
0.1700
0.1600
0.9800
0.3600
0.5500
0.5000
1.0800
0.1400
0.0900
0.1400
0.1000
0.1700
0.5500
0.1400
0.1400
0.1400
0.8900
0.2900
0.7400
0.6900
0.1400
0.0700
0.1600
0.5700
0.1400
0.0800
0.1600
0.7500
0.1400
0.0800
0.1600
0.2400
0.1400
0.1400
0.1400
0.2100
0.1400
0.1400
0.1400
0.7300
0.7400
0.1400
0.1400
0.1400
0.8200
0.2900
0.9800
0.9800
0.1400
0.1300
0.1900
0.3100
0.1400
0.1400
0.1300
0.1500
0.1400
0.1400
0.1400
0.2200
0.2000
0.1100
0.1800
0.1500
0.1400
0.2300
0.4900
0.3400
0.1500
0.1400
0.2400
0.3100
0.3500
1.3400
0.5800
0.4200
0.4900
0.1800
1.2700
0.0900
0.6400
0.2000
0.7200
0.6500
0.1100
0.1200
0.1200
0.4000
0.2900
0.4600
0.7000
0.1400
0.1400
0.1300
0.1800
0.1400
0.1400
0.1400
0.3600
0.2900
0.4600
0.7200
0.1400
0.1400
0.1300
0.1800
0.1400
0.1400
0.1400
0.2000
0.1700
0.1200
0.1800
0.1700
0.2900
0.2000
0.2800
0.4500
0.3200
0.2400
0.1500
0.2400
0.3200
0.4000
1.2200
0.7800
0.9500
0.2100
1.0000
0.1100
0.1100
0.1100
0.1200
0.7200
0.1100
1.0300
1.1100
0.1200
0.1100
0.1200
0.0900
0.6200
0.1000
0.9800
0.9800
0.1200
0.1100
0.1200
0.1100
0.1100
0.1100
0.1200
0.6000
0.2900
0.9300
0.1400
0.0900
0.8300
0.1100
0.1100
0.1200
0.1200
0.1100
0.1100
0.1200
0.4800
0.1200
0.0900
0.1700
0.3900
0.1200
0.1300
0.1900
0.8000
0.1100
0.7200
0.8400
0.5400
1.3900
0.7400
0.1100
0.7600
0.1100
0.1100
0.1100
0.1200
0.2800
0.9600
0.9700
0.1500
1.2700
1.2300
0.5100
0.7300
2.2900
1.0600
1.2100
2.2300
1.1400
1.2000
0.2000
0.00
0.00
0.00
0.00
0.00
0.00
0.00
0.00
0.00
0.00
0.00
0.00
0.00
0.00
0.00
0.00
0.00
0.00
0.00
0.00
0.00
0.00
0.00
0.00
0.00
0.00
0.00
0.00
0.00
0.00
0.00
0.00
0.00
0.00
0.00
0.00
0.00
0.00
0.00
0.00
0.00
0.00
0.00
0.00
0.00
0.00
0.00
0.00
0.00
0.00
0.00
0.00
0.00
0.00
0.00
0.00
0.00
0.00
0.00
0.00
0.00
0.00
0.00
0.00
0.00
0.00
0.00
0.00
0.00
0.00
0.00
0.00
0.00
0.00
0.00
0.00
0.00
0.00
0.00
0.00
0.00
0.00
0.00
0.00
0.00
0.00
0.00
0.00
0.00
0.00
0.00
0.00
0.00
0.00
0.00
0.00
0.00
0.00
0.00
0.00
0.00
0.00
0.00
0.00
0.00
0.00
0.00
0.00
0.00
0.00
0.00
0.00
0.00
0.00
0.00
0.00
0.00
0.00
0.00
0.00
0.00
0.00
0.00
0.00
0.00
0.00
0.00
0.00
0.00
0.00
0.00
0.00
0.00
0.00
0.00
0.00
0.00
0.00
0.00
0.00
0.00
0.00
0.00
0.00
0.00
0.00
0.00
0.00
0.00
0.00
0.00
0.00
0.00
0.00
0.00
0.00
0.00
0.00
0.00
0.00
0.00
0.00
0.00
0.00
0.00
0.00
0.00
0.00
0.00
0.00
0.00
0.00
0.00
0.00
0.00
0.00
0.00
0.00
0.00
0.00
0.00
0.00
0.00
0.00
0.00
0.00
0.00
0.00
0.00
0.00
0.00
0.00
0.00
0.00
0.00
0.00
0.00
0.00
0.00
0.00
0.00
0.00
0.00
0.00
0.00
0.00
0.00
0.00
0.00
0.00
0.00
0.00
0.00
0.00
0.00
0.00
0.00
0.00
0.00
0.00
0.00
0.00
0.00
0.00
0.00
0.00
0.00
0.00
0.00
0.00
0.00
0.00
0.00
0.00
0.00
0.00
0.00
0.00
0.00
0.00
0.00
0.00
0.00
0.00
0.00
0.00
0.00
0.00
0.00
0.00
0.00
0.00
0.00
0.00
0.00
0.00
0.00
0.00
0.00
0.00
0.00
0.00
0.00
3.00000
3.00000
3.00000
3.00000
1.13100
1.86900
1.13100
1.13100
1.13100
1.13100
1.86900
1.86900
1.86900
1.86900
1.12300
0.74600
0.74600
0.74600
0.74600
0.74600
0.74600
0.74600
0.74600
0.74600
0.74600
0.74600
0.74600
0.74600
0.74600
0.74600
0.74600
0.97700
-0.23100
1.12300
1.12300
1.12300
1.12300
1.12300
1.22800
1.22800
-0.10500
1.22800
0.99600
0.23100
1.13100
1.13100
1.13100
1.13100
1.13100
1.13100
1.13100
1.02600
0.10500
-0.23100
-0.23100
-0.23100
-0.23100
-0.10500
-0.10500
-0.10500
-0.10500
0.97700
0.97700
0.97700
0.97700
0.97700
0.97700
0.97700
0.97700
0.97700
0.97700
0.97700
0.97700
0.97700
0.97700
0.97700
1.00200
-0.02500
0.99600
0.99600
0.99600
0.99600
0.99600
0.99600
0.99600
0.99600
0.99600
0.99600
0.99600
0.99600
0.99600
0.99600
0.99600
0.99600
0.99600
0.97200
0.02500
0.97200
0.97200
0.99600
-0.02400
1.02600
1.02600
1.02600
1.02600
0.00000
1.02600
1.02600
1.02600
1.02600
1.02600
1.02600
1.02600
1.02600
1.02600
1.02600
0.00000
1.02600
1.02600
1.00200
0.02400
-0.02500
-0.02500
-0.02500
-0.02500
-0.02500
-0.02500
-0.02500
-0.02500
-0.02500
-0.02500
-0.02500
-0.02500
-0.02500
-0.02500
-0.02500
-0.02400
-0.02400
-0.02400
-0.02400
-0.02400
1.00200
1.00200
1.00200
1.00200
1.00200
1.00200
1.00000
0.00300
0.99600
0.99600
0.99600
0.99600
0.99600
0.99800
-0.00300
0.99800
0.99800
1.00900
-0.01000
1.00200
1.00200
1.00200
1.00200
1.00200
1.00200
0.00000
1.00200
1.00200
0.99200
0.01000
0.00300
0.00300
0.00300
0.00300
0.00300
0.00300
0.00300
0.00300
0.00300
0.00300
0.00300
0.00300
0.00300
0.00300
0.00300
0.00300
-0.01000
-0.01000
-0.01000
-0.01000
1.00000
1.00000
1.00000
0.00000
1.00000
1.00000
1.00000
1.00000
1.00000
1.00000
0.00000
1.00900
1.00900
1.00900
1.00900
1.00900
1.00900
1.00800
0.00000
1.00800
1.00800
1.00000
0.00800
0.99200
0.99200
0.99200
0.99200
0.99200
0.99200
0.99200
0.99200
0.00000
0.99200
0.99200
1.00000
-0.00800
0.00000
0.00000
0.00000
0.00000
0.00000
0.00000
0.00000
0.00000
0.00000
0.00000
0.00000
0.00000
0.00000
0.00800
0.00800
0.00800
0.00800
1.00000
1.00000
1.00000
0.00000
1.00000
1.00000
1.00000
0.00000
0.00000
0.00000
0.00000
0.00000
0.00000
0.00000
0.00000
0.00000
0.00000
0.00000
-0.02500
