36
1
58
1
2
3
4
5
6
7
8
9
10
11
12
13
14
15
16
17
18
19
20
21
22
23
24
25
26
27
28
29
30
31
32
33
34
35
36
7111.650
5679.610
4862.460
2750.810
1852.750
1974.110
1974.110
4235.440
6411.810
5412.620
4510.520
3033.980
2301.780
2944.980
3786.410
4830.100
7099.510
5505.660
3563.920
3167.480
2730.580
3511.330
4097.900
3337.380
4530.740
4215.210
5194.170
5218.450
5622.980
5950.650
6614.080
5380.260
6318.770
6549.350
6585.760
7152.100
7532.360
9538.830
9538.830
9474.110
8357.610
6076.050
5149.680
5076.860
5093.040
7888.350
8264.560
9243.530
8078.480
7669.900
7139.970
6480.580
8438.510
8450.650
8839.000
7532.360
7285.600
6666.670
6286.410
5121.360
6011.330
7783.170
7055.020
5089.000
5999.190
5796.930
7621.360
7544.500
7281.550
7212.780
6092.230
6104.370
65.150
64.400
63.350
62.500
61.240
65.400
67.900
66.500
66.000
64.170
63.700
62.640
61.900
62.600
63.500
64.300
65.500
64.100
62.900
62.830
62.800
63.900
64.200
67.500
64.400
63.400
63.900
65.650
64.500
64.100
64.400
64.200
64.600
64.700
65.430
65.900
0.4900
1.0400
1.0200
0.8100
0.6300
0.7900
0.2600
0.5800
0.5400
1.1100
1.7500
0.9100
1.1600
0.5400
1.1000
1.2100
1.2700
2.0200
1.8800
0.9300
0.9600
0.9700
0.8600
0.6700
0.7700
1.6900
1.4200
0.3000
0.6200
0.5400
0.9000
1.0300
0.7700
0.7400
1.1600
0.4700
120.96450
104.44260
103.49120
106.23250
101.37880
109.24270
107.90840
110.55270
112.95830
116.22450
114.32210
106.82890
104.41580
110.96720
112.29750
112.72360
114.77560
108.51370
108.72670
111.38710
110.42310
110.62100
104.73760
109.69520
111.53190
113.39380
113.85010
106.10120
104.73710
108.68960
119.90630
114.86380
112.36200
116.35740
110.52520
115.69700
37
7669.9
7783.17
121
121
1
2
3
4
5
6
7
8
9
10
11
12
13
14
15
16
17
18
19
20
21
22
23
24
25
26
27
28
29
30
31
32
33
34
35
36
37
38
39
40
41
42
43
44
45
46
47
48
49
50
51
52
53
54
55
56
57
58
1
17
2
3
4
5
6
7
24
8
28
9
36
1
31
10
11
19
12
2
18
10
32
27
16
25
3
11
26
15
22
5
13
14
20
15
16
29
30
17
12
19
14
21
21
22
24
23
26
28
29
32
33
31
34
30
35
37
17
2
3
4
5
6
7
24
8
28
9
36
1
31
10
11
19
12
4
18
10
32
27
16
25
8
11
26
15
22
7
13
14
20
15
16
29
30
9
18
13
20
21
6
22
23
23
25
27
29
33
33
34
34
35
35
36
1
51.40
32.60
32.60
32.60
26.00
16.00
20.40
16.00
51.40
16.00
20.40
40.80
51.40
147.20
130.80
90.00
51.40
61.40
51.40
32.60
32.60
102.20
114.60
102.20
61.40
61.40
20.40
61.40
73.60
51.40
20.40
20.40
26.00
61.40
90.00
114.60
16.00
16.00
26.00
40.80
40.80
61.40
51.40
51.40
61.40
20.40
26.00
16.00
90.00
16.00
20.40
32.60
20.40
40.80
32.60
26.00
26.00
130.80
132.760
374.680
119.740
312.720
289.090
336.330
135.810
201.260
132.530
144.660
175.720
112.170
210.740
75.410
181.420
146.960
162.690
99.640
52.980
162.970
83.960
49.820
78.500
99.270
82.290
147.490
197.320
83.300
113.800
80.820
340.970
77.390
112.370
37.340
108.850
182.820
136.020
56.700
124.080
234.600
203.830
248.050
65.190
210.090
147.570
103.800
210.950
75.080
180.290
149.050
215.050
144.440
34.740
59.930
165.670
119.970
83.170
1.000
0
0
0
0
0
0
0
0
0
0
0
0
0
0
0
0
0
0
0
0
0
0
0
0
0
0
0
0
0
0
0
0
0
0
0
0
0
0
0
0
0
0
0
0
0
0
0
0
0
0
0
0
0
0
0
0
0
0
3.272000
0.715200
0.351300
-0.371800
0.291300
-0.093800
0.109900
-0.052900
-1.076400
0.109600
-0.244200
-1.223600
-2.308600
27.839400
24.925900
7.172600
2.760800
3.195100
1.473100
-0.676100
-1.409400
15.233900
13.655000
9.362900
2.740100
1.766000
-0.296900
2.365000
3.547000
2.079300
0.097200
-0.244900
-0.592900
-2.376900
-5.621200
-5.253500
0.159300
-0.175700
-0.439400
1.286800
0.811900
-2.314300
1.244000
0.993700
-0.709700
0.302400
0.353500
-0.204100
-2.872100
0.053900
-0.231100
0.549000
-0.452200
2.013500
0.821300
-0.276300
-0.615000
33.910000
