268
4
317
1
2
3
4
5
6
7
8
9
10
11
12
13
14
15
16
17
18
19
20
21
22
23
24
25
26
27
28
29
30
31
32
33
34
35
36
37
38
39
40
41
42
43
44
45
46
47
48
49
50
51
52
53
54
55
56
57
58
59
60
61
62
63
64
65
66
67
68
69
70
71
72
73
74
75
76
77
78
79
80
81
82
83
84
85
86
87
88
89
90
91
92
93
94
95
96
97
98
99
100
101
102
103
104
105
106
107
108
109
110
111
112
113
114
115
116
117
118
119
120
121
122
123
124
125
126
127
128
129
130
131
132
133
134
135
136
137
138
139
140
141
142
143
144
145
146
147
148
149
150
151
152
153
154
155
156
157
158
159
160
161
162
163
164
165
166
167
168
169
170
171
172
173
174
175
176
177
178
179
180
181
182
183
184
185
186
187
188
189
190
191
192
193
194
195
196
197
198
199
200
201
202
203
204
205
206
207
208
209
210
211
212
213
214
215
216
217
218
219
220
221
222
223
224
225
226
227
228
229
230
231
232
233
234
235
236
237
238
239
240
241
242
243
244
245
246
247
248
249
250
251
252
253
254
255
256
257
258
259
260
261
262
263
264
265
266
267
268
1650094.630
1650348.880
1650592.630
1650829.500
1651029.880
1651232.380
1651227.630
1650986.000
1650757.000
1650577.500
1650064.500
1649881.130
1650029.250
1649770.500
1649922.380
1650100.250
1650073.750
1649896.880
1650065.000
1649998.630
1650051.000
1650379.130
1650670.250
1651438.880
1651852.380
1652162.250
1652182.250
1651699.380
1652135.630
1652188.250
1652250.750
1652137.880
1652747.880
1653164.750
1653238.380
1652471.500
1652974.130
1653000.500
1652997.880
1653465.130
1653953.130
1653669.250
1653412.880
1653325.380
1653405.750
1653576.750
1653305.500
1653327.630
1654320.880
1653865.630
1654128.630
1654151.000
1651249.880
1651009.130
1651234.380
1651454.000
1651631.750
1651706.130
1652209.750
1651938.880
1652230.250
1652461.250
1651242.380
1651105.250
1651206.000
1651172.750
1651089.500
1651047.880
1650871.630
1650699.500
1650643.500
1650545.130
1650520.880
1650299.250
1650312.000
1650129.500
1650062.380
1651328.750
1652035.130
1652295.380
1652274.000
1652177.130
1652378.500
1652613.250
1652813.000
1652520.500
1652776.000
1652571.630
1653166.630
1653208.380
1653384.130
1653347.250
1653436.500
1652876.630
1652898.750
1652902.500
1653228.750
1653309.500
1653025.750
1652573.750
1652700.000
1653007.750
1653126.880
1653249.500
1653037.880
1653240.250
1653586.000
1653657.000
1653793.750
1653877.130
1654144.250
1653650.880
1653850.250
1653644.130
1654038.250
1654814.750
1655054.130
1654981.880
1654952.130
1654764.130
1655205.880
1654560.500
1654911.500
1655494.630
1655475.630
1654567.880
1654739.500
1655066.000
1655412.500
1655182.000
1655000.880
1653583.880
1653737.000
1654039.880
1654630.130
1654391.750
1654787.380
1653500.250
1652763.880
1650107.630
1650145.630
1650352.500
1650357.880
1650376.250
1650381.380
1651251.130
1651260.130
1651237.250
1651579.000
1651645.380
1652019.130
1652208.250
1652519.130
1651329.500
1652392.630
1652393.380
1653184.250
1654010.500
1654455.630
1654626.380
1654827.250
1654111.880
1654341.000
1653947.880
1653878.000
1655342.500
1655290.500
1655221.380
1654399.380
1653136.130
1653035.250
1653147.880
1653102.130
1655032.000
1655018.250
1655514.130
1655702.380
1655636.250
1655473.380
1655702.000
1655004.880
1654848.630
1654504.880
1654147.630
1654320.630
1654196.130
1653374.000
1654034.000
1653117.880
1652987.500
1652919.500
1652879.750
1652625.500
1652295.380
1652739.130
1652044.500
1652433.000
1652664.750
1652626.630
1652531.630
1652665.130
1652217.380
1652211.630
1652469.380
1652212.000
1651102.750
1650501.500
1650496.130
1650076.630
1649932.250
1649851.130
1649984.880
1649627.880
1650151.880
1649929.630
1650210.880
1650325.750
1652407.250
1652869.630
1654186.380
1652715.750
1654757.000
1655204.380
1655307.380
1655520.500
1655510.630
1655546.630
1655316.130
1655280.250
1651133.000
1651333.630
1651621.000
1652620.250
1653535.380
1653638.500
1654106.250
1653382.380
1653496.880
1653901.250
1654462.380
1655230.880
1655162.750
1654925.750
1654858.250
1655479.000
1655494.880
1654742.880
1653702.880
1652127.000
1652323.250
1651497.630
1650826.880
1650026.000
1653025.750
1653405.250
1654542.000
1651141.130
1650052.630
1650012.630
1649989.630
1650020.380
1650106.880
1650209.750
1650017.880
1652260.880
1652433.000
1652708.250
1653541.750
4944639.00
4944585.00
4945068.00
4945554.00
4945905.50
4946354.50
4946378.00
4946490.50
4946024.50
4945659.50
4945875.00
4945376.00
4945313.50
4945419.00
4944957.00
4944685.50
4944698.00
4946121.00
4946470.50
4946733.50
4946979.00
4946826.00
4946655.00
4946731.50
4946763.00
4946635.00
4946677.00
4946109.00
4945859.50
4945828.00
4945788.50
4946048.50
4946233.50
4946233.50
4946135.50
4947147.50
4946893.00
4947593.00
4947950.00
4947628.00
4947276.50
4946887.50
4946500.50
4946374.50
4946332.50
4946261.50
4946224.00
4946206.00
4947050.50
4946305.00
4946356.50
4946388.00
4944650.00
4945449.00
4945272.50
4945036.00
4944839.00
4944872.00
4945096.00
4944437.00
4944648.50
4944548.00
4944380.50
4944112.50
4944094.00
4943897.00
4943759.50
4943688.50
4943730.00
4943831.00
4943741.50
4943797.50
4943731.00
4943830.50
4943864.00
4944033.00
4944332.50
4943618.50
4943543.00
4943960.00
4943915.00
4943728.00
4944227.50
4944096.00
4944165.50
4944765.50
4944502.50
4944946.00
4944737.00
4944863.50
4945164.00
4944479.50
4944350.00
4943584.00
4943338.00
4943296.00
4943125.00
4943022.00
4943691.50
4945380.00
4945571.00
4945362.00
4945561.50
4945739.00
4945841.50
4945242.50
4945851.50
4945938.00
4945830.50
4945776.00
4945621.50
4945006.00
4944888.50
4944567.00
4945213.00
4946886.50
4946778.50
4946686.50
4946733.50
4946651.50
4946327.00
4945469.50
4945305.00
4944952.50
4944804.50
4944497.00
4944761.00
4944789.00
4944625.00
4944156.00
4943750.00
4943834.50
4944072.00
4943759.50
4943284.00
4942756.00
4943123.00
4945096.50
4945531.50
4944676.50
4944665.00
4944579.50
4944574.50
4944620.50
4944614.00
4944414.50
4944416.50
4944384.00
4944230.50
4944302.00
4944321.50
4944271.00
4944189.50
4943687.50
4943383.50
4943359.50
4943033.00
4942993.00
4942851.00
4942950.50
4943438.00
4943677.50
4943549.50
4943634.00
4943632.00
4944429.00
4944410.00
4944282.00
4944572.00
4944368.00
4944362.50
4944201.00
4944214.00
4945217.50
4945301.50
4945400.50
4945732.00
4945947.50
4946058.00
4945843.50
4946866.00
4946920.00
4947010.00
4947127.50
4946836.00
4946476.50
4946313.50
4946220.50
4945984.50
4945869.00
4945750.50
4945759.50
4947099.50
4946618.50
4946283.50
4946708.50
4945703.00
4945450.00
4945439.50
4945339.50
4945336.00
4945696.50
4945412.00
4945212.50
4945062.50
4946039.00
4946742.50
4946770.00
4946503.50
4946560.50
4946001.00
4945956.00
4945098.00
4944850.00
4944395.00
4944252.00
4943930.50
4944555.50
4945446.50
4945631.50
4945564.50
4943407.50
4945090.00
4945032.50
4945027.50
4945305.50
4945480.00
4946179.00
4946245.50
4944753.00
4946515.00
4946776.50
4945096.50
4945415.00
4945351.50
4945524.00
4945500.00
4944266.00
4943949.00
4943456.50
4944258.00
4944163.00
4944801.00
4944795.00
4944922.50
4944873.00
4946936.50
4947431.00
4945847.00
4945747.50
4944781.50
4944939.50
4946453.50
4943589.50
4943607.00
4946550.00
4944445.00
4944638.00
4944551.50
4944541.50
4944365.00
4944325.50
4944195.50
4946758.00
4945816.50
4943954.00
4944155.00
4944409.50
39.490
39.620
38.700
37.250
36.270
35.950
35.950
36.090
36.180
37.000
36.500
37.390
38.070
37.020
41.260
39.350
39.530
36.590
36.760
37.720
37.310
37.620
36.990
35.200
35.110
34.650
34.330
36.150
36.300
36.100
36.140
35.800
33.260
33.340
33.510
32.700
32.650
32.560
33.560
31.590
31.380
32.670
33.500
33.570
33.770
34.140
33.680
33.710
31.680
33.340
32.830
32.780
39.280
37.120
36.480
36.420
36.130
36.050
36.770
35.480
35.050
35.100
37.950
38.440
37.810
38.220
38.730
38.950
39.700
40.590
40.810
41.060
41.450
41.830
41.440
41.090
40.740
38.600
36.910
36.750
36.810
37.050
35.880
36.450
36.160
34.990
35.610
34.890
35.590
35.700
35.200
35.640
35.930
37.640
37.170
37.100
36.970
37.000
36.740
34.780
34.260
33.660
33.780
33.750
33.380
34.850
34.270
34.300
33.950
33.920
32.320
34.760
34.210
34.920
32.960
30.690
30.590
30.730
30.700
31.020
31.030
31.750
32.000
32.050
32.100
33.760
32.270
31.860
32.420
33.000
33.630
36.370
35.690
35.520
35.560
35.920
35.370
35.060
34.120
39.350
39.100
39.840
39.840
39.450
39.700
37.950
37.610
37.950
35.690
35.320
35.810
35.810
36.020
38.250
37.500
37.540
37.080
36.760
35.880
35.770
34.700
35.370
34.990
35.930
36.270
32.670
32.750
32.880
34.090
36.090
36.050
36.040
36.020
31.760
31.910
31.800
31.480
31.120
31.100
31.190
30.390
30.550
31.130
31.810
32.340
32.830
33.690
33.170
33.230
33.340
33.770
33.770
32.200
34.410
33.390
34.340
35.030
34.440
34.530
34.940
34.700
36.700
36.200
35.030
36.770
36.200
37.880
38.030
36.860
37.240
36.660
36.490
37.300
40.300
39.850
41.000
41.160
35.050
33.920
32.140
34.170
35.100
31.550
31.750
32.070
31.940
31.660
31.040
31.050
38.490
35.680
35.390
34.890
34.860
34.990
32.540
34.410
36.160
35.300
35.170
32.920
33.070
31.910
32.000
32.050
32.050
30.700
31.330
36.300
35.830
36.950
38.010
36.650
36.910
36.770
31.500
38.650
39.540
39.580
39.580
40.550
40.790
40.950
37.760
35.960
36.810
36.210
35.610
0.060
1.450
5.130
2.760
0.960
0.780
1.030
2.120
1.160
1.780
0.440
0.030
0.570
0.360
3.300
0.030
2.100
4.670
0.000
1.530
4.610
1.060
1.320
2.740
0.590
0.450
0.640
7.110
0.930
0.040
0.020
2.930
2.340
1.940
1.190
1.410
2.980
2.110
7.740
4.290
7.780
3.750
2.370
1.420
0.320
1.140
1.230
1.370
1.180
1.810
0.970
0.550
2.770
0.650
1.380
8.280
1.220
3.850
2.620
2.780
1.560
1.160
1.220
2.930
1.130
1.120
0.480
1.370
2.260
1.310
1.060
0.380
1.760
0.560
0.000
4.640
1.030
3.080
1.600
4.490
1.250
0.870
0.720
0.490
3.920
0.940
3.330
4.170
1.440
1.840
2.000
2.240
0.200
2.270
1.440
2.670
0.600
2.760
0.050
2.060
3.190
4.690
1.700
0.020
0.100
1.110
1.020
0.880
2.330
0.310
0.450
2.960
8.120
1.760
5.960
0.000
6.340
0.000
0.000
3.030
1.850
1.770
1.480
0.000
1.320
2.240
1.260
5.390
1.000
1.610
4.710
2.640
2.110
1.510
0.840
1.050
1.160
2.450
1.660
0.000
0.000
0.000
0.800
0.330
0.340
1.020
1.230
0.090
0.430
1.560
0.800
1.380
0.530
0.590
2.330
0.030
0.310
8.490
0.320
0.210
0.020
1.230
0.990
0.550
0.780
0.270
0.270
0.070
9.470
2.640
1.020
0.880
0.490
0.000
1.120
0.000
0.000
0.010
0.000
0.000
0.000
0.010
1.840
0.040
1.680
2.370
0.090
1.230
3.900
1.170
1.700
2.150
4.000
4.460
0.050
0.010
4.120
0.390
0.150
1.820
3.430
0.620
4.170
2.260
1.010
0.540
0.770
0.330
1.150
1.530
0.000
0.300
0.320
0.560
0.000
0.190
1.420
0.590
1.480
0.920
0.330
0.060
0.460
0.720
0.000
0.000
0.200
0.080
1.300
1.070
1.030
0.030
1.150
1.430
4.860
4.710
1.340
1.870
0.820
0.940
0.090
1.280
0.430
0.510
0.000
0.010
0.010
0.000
1.750
1.030
1.260
1.360
0.140
0.000
1.960
2.210
0.620
0.000
0.500
0.110
0.120
0.220
1.280
0.190
0.220
1.190
1.690
0.430
61.88470
61.31970
61.09600
60.37380
60.26130
59.93710
59.98120
61.43260
60.58580
60.58940
62.08310
61.36380
61.26950
61.33620
61.28910
61.71470
61.56510
65.15130
73.07260
69.84720
67.37510
65.00030
63.06410
57.73890
57.18700
56.90570
56.61930
58.46630
59.39170
59.71530
60.10870
59.57140
59.56250
62.55330
63.93270
55.79950
56.22720
57.02070
58.55470
59.30810
62.34020
63.81820
65.61810
66.29830
66.86730
68.04450
65.34090
65.46030
62.68540
69.99780
71.88200
71.99430
63.26800
60.34100
60.33940
60.45360
63.89950
63.98120
64.68640
61.66190
61.62170
61.69020
62.90340
62.74480
62.63760
62.48650
62.37560
62.21600
62.16130
62.03450
61.98050
61.93340
61.90610
61.84380
61.62480
61.09220
61.17760
60.53000
59.59680
60.37000
60.20800
59.83140
60.95420
60.92070
61.15090
62.43370
61.90140
63.30550
63.62050
63.84510
68.23300
63.13870
59.11950
58.78430
58.83950
58.86400
60.03200
60.99820
58.19700
65.60100
65.91340
66.83910
65.67870
65.11240
64.50250
67.88440
68.06250
68.18960
70.54100
70.35240
60.58970
62.93900
60.15280
59.29650
59.36780
61.33710
61.10310
61.16540
61.27090
62.08520
58.21890
57.14540
55.42890
54.57140
53.98860
55.81620
55.01560
53.55350
53.59460
53.34010
53.64350
57.14670
57.66190
56.75570
57.68880
73.00510
61.52200
68.53750
66.03400
61.89490
61.93390
62.12620
61.96380
62.16670
61.99570
62.82930
62.93590
62.89170
62.03680
61.85250
61.33300
61.03720
60.92610
60.41430
58.91450
58.91080
60.43930
67.64820
70.48770
66.33660
55.99350
56.76290
56.92280
56.78340
56.81330
53.45750
53.43030
53.37950
56.01200
62.74440
62.23520
61.89620
61.76930
55.05530
55.16750
55.45010
56.25580
56.76170
57.18700
56.49580
61.17820
61.30130
61.92920
62.53190
64.78280
70.04330
65.90100
71.52340
63.95080
64.51000
64.60840
64.70000
55.80200
55.97620
59.37320
57.02050
61.26230
65.75190
65.70190
65.48440
64.59330
60.35360
61.28610
65.21100
64.52790
60.12340
64.07080
64.23260
73.77470
71.88250
64.09640
62.94450
61.29900
61.43330
61.37120
61.10710
61.21400
61.66330
66.27650
60.18640
65.94070
56.49950
54.77480
54.66500
54.72570
55.26540
55.61710
57.61710
57.78760
61.87050
58.86860
57.48930
63.67140
68.78160
69.00180
59.75800
67.88520
58.68430
57.01140
57.13120
53.37130
53.34180
54.08100
54.37700
54.44490
54.25150
61.49070
61.75630
59.33290
60.50090
63.67720
61.51720
72.21260
58.43600
57.31170
67.63090
63.04070
61.80370
61.61970
61.58350
61.24310
61.15520
61.09080
69.54110
60.04830
60.48610
60.99910
59.17000
269
270
271
272
1654257.630
1650149.750
1650191.750
1654428.630
4946332.50
4946528.50
4944416.50
4942467.00
72.00
73.80
73.00
74.50
72.00
73.80
73.00
74.50
1
2
3
4
5
6
7
8
9
10
11
12
13
14
15
16
17
18
19
20
21
22
23
24
25
26
27
28
29
30
31
32
33
34
35
36
37
38
39
40
41
42
43
44
45
46
47
48
49
50
51
52
53
54
55
56
57
58
59
60
61
62
63
64
65
66
67
68
69
70
71
72
73
74
75
76
77
78
79
80
81
82
83
84
85
86
87
88
89
90
91
92
93
94
95
96
97
98
99
100
101
102
103
104
105
106
107
108
109
110
111
112
113
114
115
116
117
118
119
120
121
122
123
124
125
126
127
128
129
130
131
132
133
134
135
136
137
138
139
140
141
142
143
144
145
146
147
148
149
150
151
152
153
154
155
156
157
158
159
160
161
162
163
164
165
166
167
168
169
170
171
172
173
174
175
176
177
178
179
180
181
182
183
184
185
186
187
188
189
190
191
192
193
194
195
196
197
198
199
200
201
202
203
204
205
206
207
208
209
210
211
212
213
214
215
216
217
218
219
220
221
222
223
224
225
226
227
228
229
230
231
232
233
234
235
236
237
238
239
240
241
242
243
244
245
246
247
248
249
250
251
252
253
254
255
256
257
258
259
260
261
262
263
264
265
266
267
268
269
270
271
272
273
274
275
276
277
278
279
280
281
282
283
284
285
286
287
288
289
290
291
292
293
294
295
296
297
298
299
300
301
302
303
304
305
306
307
308
309
310
311
312
313
330
331
335
336
1
16
2
3
4
5
206
1
140
143
145
146
148
63
149
150
60
61
1
141
142
144
257
53
251
57
58
53
230
252
3
13
12
1
258
259
260
215
261
77
262
216
263
76
217
75
74
73
72
71
70
69
68
78
154
79
155
156
95
96
97
157
98
158
136
159
160
137
135
222
161
131
242
130
241
168
167
166
129
125
246
245
124
225
176
227
177
180
178
179
228
229
121
118
117
181
182
116
49
184
41
248
40
226
247
183
39
38
37
193
36
194
27
26
195
26
196
25
232
24
231
7
6
28
249
7
8
23
207
208
22
21
20
210
209
264
19
253
18
211
212
11
10
59
203
202
265
32
33
34
265
59
205
88
89
90
91
234
138
235
102
106
48
108
109
110
59
204
200
100
199
198
29
30
31
250
197
101
221
139
139
192
219
191
190
105
189
105
104
102
91
138
112
112
257
147
63
64
65
65
66
67
80
266
84
267
85
173
172
93
268
89
92
93
238
133
239
134
162
163
240
114
113
115
236
111
220
122
123
175
174
223
224
16
17
214
15
213
14
4
54
55
56
10
9
9
58
60
151
152
83
153
218
62
87
171
170
85
85
95
94
254
99
255
132
79
82
81
80
83
62
86
88
233
201
132
165
164
134
126
113
169
127
244
243
128
106
237
107
109
188
51
52
256
120
120
119
119
119
35
47
187
44
43
42
49
185
186
44
45
46
50
47
272
271
269
270
16
2
3
4
5
206
6
140
143
145
146
148
63
149
150
60
61
218
141
142
144
257
53
251
57
58
59
230
252
3
13
12
11
258
259
260
215
261
77
262
216
263
76
217
75
74
73
72
71
70
69
68
78
154
79
155
156
95
96
97
157
98
158
136
159
160
137
135
222
161
131
242
130
241
168
167
166
129
125
246
245
124
225
226
227
177
180
178
179
228
229
121
118
117
181
182
116
247
184
41
248
40
39
176
183
49
38
37
193
36
194
27
26
195
33
196
25
232
24
231
7
6
28
249
29
8
23
207
208
22
21
264
210
209
19
20
253
18
211
212
11
10
4
203
202
31
32
33
34
35
31
205
88
89
90
91
234
109
235
110
106
91
108
109
110
111
204
200
100
199
198
101
30
31
250
197
101
221
139
219
192
191
102
190
105
189
35
104
103
103
138
112
113
92
147
63
64
65
80
66
67
68
266
84
267
85
173
172
92
268
114
92
93
238
133
239
134
162
163
240
135
113
115
236
111
220
122
123
175
174
223
224
124
17
214
15
213
14
12
54
55
56
57
9
8
5
60
151
152
83
153
84
62
87
171
170
92
87
94
94
254
99
255
132
133
82
81
80
83
62
86
88
233
201
100
165
164
134
126
127
169
126
244
243
128
129
237
107
108
188
51
52
256
120
118
119
117
116
118
47
187
44
43
42
41
185
186
52
45
46
50
51
48
136
1
52
209
125
100
100
100
100
100
100
100
100
100
100
100
100
100
100
100
100
100
100
100
100
100
300
300
300
350
350
100
150
125
100
100
100
100
100
100
100
100
100
100
100
100
100
150
100
100
200
200
200
200
200
250
100
100
100
100
100
100
100
100
100
100
100
125
100
100
100
100
100
100
100
100
100
100
100
100
100
100
100
100
100
100
100
100
100
100
100
100
100
100
100
100
100
100
100
100
100
100
100
100
200
150
200
100
100
100
125
150
125
100
100
100
100
100
100
100
100
100
100
100
100
100
100
100
100
125
150
150
150
150
150
150
150
150
100
150
100
100
100
100
100
100
100
100
100
100
100
100
100
100
100
100
100
100
300
200
100
100
500
450
350
400
100
100
500
100
350
350
350
400
400
400
100
100
100
100
100
400
400
400
100
100
350
100
100
100
100
100
100
100
450
100
150
250
300
300
300
250
100
250
250
200
100
100
125
125
100
100
100
100
100
300
100
150
150
125
150
100
100
100
100
100
100
100
100
100
100
100
100
100
100
100
100
100
125
125
100
100
100
100
100
100
100
100
100
100
100
100
100
100
100
100
100
100
200
150
200
150
100
100
100
100
100
100
100
100
100
100
100
100
100
100
100
100
100
100
100
100
150
125
125
100
100
100
100
100
100
100
100
500
500
500
125
100
100
100
100
100
100
100
100
100
200
200
200
100
100
100
200
200
200
200
100
150
100
450
150
46.840
267.680
541.070
542.290
404.720
151.670
341.570
39.910
269.730
45.920
890.090
33.790
6.030
367.920
97.660
322.190
359.480
199.590
57.060
223.410
47.030
782.670
231.870
279.840
145.700
81.100
550.170
155.630
357.810
267.320
612.500
160.500
531.710
41.910
95.220
25.130
158.120
95.400
52.920
44.920
127.050
56.680
181.290
220.900
67.650
36.060
242.290
70.450
112.830
105.720
199.420
180.640
288.760
69.260
718.450
390.780
24.000
504.520
41.780
367.930
101.860
125.360
699.760
448.050
114.290
197.300
235.980
224.870
176.730
76.440
356.940
443.790
20.550
113.330
25.960
145.040
55.240
208.220
190.430
70.980
52.040
34.030
79.470
277.990
86.030
296.250
111.300
123.370
196.270
198.460
75.620
110.140
423.570
116.570
100.610
164.840
47.490
87.540
189.270
244.800
293.470
308.640
566.570
95.140
248.550
187.780
357.670
700.570
404.460
160.860
557.420
127.020
46.660
674.320
50.760
138.540
199.330
231.120
187.060
240.640
173.440
23.580
526.740
500.720
15.290
265.920
355.510
189.780
28.180
129.340
361.240
223.520
185.170
154.950
34.710
31.140
42.520
356.450
128.820
140.660
113.320
555.230
272.680
315.880
284.930
97.930
262.940
635.820
415.730
122.600
29.560
33.800
377.120
629.170
133.280
348.050
292.890
488.990
289.880
486.720
260.920
163.580
424.070
173.660
99.550
307.920
283.840
141.490
58.270
79.590
39.410
126.250
61.390
73.730
83.160
118.220
297.210
17.080
58.110
135.500
255.850
40.650
161.590
136.290
57.230
164.020
192.860
234.580
215.820
231.930
134.120
175.330
231.120
607.940
122.130
40.060
301.370
102.070
1094.730
199.730
160.590
82.490
137.420
229.410
111.380
105.080
292.340
47.390
324.070
120.760
187.570
314.620
157.180
103.320
308.210
205.050
234.720
109.110
262.040
152.570
240.230
381.950
374.770
318.590
104.730
43.250
406.870
386.740
106.490
85.640
214.060
117.610
203.240
29.270
170.940
252.740
325.900
350.990
118.260
207.600
285.730
322.720
265.110
406.850
518.870
397.020
493.320
140.280
195.400
175.120
145.500
132.260
54.370
317.190
294.190
100.680
238.220
339.220
585.540
247.160
148.810
102.140
387.720
289.010
282.410
232.850
210.570
49.940
280.350
331.040
225.620
187.690
157.870
243.890
101.290
356.710
69.680
155.340
906.520
315.000
632.680
184.150
123.240
67.540
140.380
382.620
294.040
406.020
111.830
457.930
165.680
38.630
422.280
243.490
220.110
204.870
111.090
205.380
55.480
110.860
112.890
77.840
153.460
464.020
481.270
214.320
383.550
96.320
90.520
184.640
291.380
260.280
28.450
100.000
1000.000
1.000
1.000
0
0
0
0
0
0
0
0
0
0
0
0
0
0
0
0
0
0
0
0
0
0
0
0
0
0
0
0
0
0
0
0
0
0
0
0
0
0
0
0
0
0
0
0
0
0
0
0
0
0
0
0
0
0
0
0
0
0
0
0
0
0
0
0
0
0
0
0
0
0
0
0
0
0
0
0
0
0
0
0
0
0
0
0
0
0
0
0
0
0
0
0
0
0
0
0
0
0
0
0
0
0
0
0
0
0
0
0
0
0
0
0
0
0
0
0
0
0
0
0
0
0
0
0
0
0
0
0
0
0
0
0
0
0
0
0
0
0
0
0
0
0
0
0
0
0
0
0
0
0
0
0
0
0
0
0
0
0
0
0
0
0
0
0
0
0
0
0
0
0
0
0
0
0
0
0
0
0
0
0
0
0
0
0
0
0
0
0
0
0
0
0
0
0
0
0
0
0
0
0
0
0
0
0
0
0
0
0
0
0
0
0
0
0
0
0
0
0
0
0
0
0
0
0
0
0
0
0
0
0
0
0
0
0
0
0
0
0
0
0
0
0
0
0
0
0
0
0
0
0
0
0
0
0
0
0
0
0
0
0
0
0
0
0
0
0
0
0
0
0
0
0
0
0
0
0
0
0
0
0
0
0
0
0
0
0
0
0
0
0
0
0
0
0
0
0
0
0
0
0
0
0
0
0
0
0
0
0
0
0
0
0
0
0
0
0
0
8.502000
2.813100
1.363100
2.654400
1.085400
2.137300
1.597300
-1.033600
-1.033600
-1.833600
-2.173600
-3.193600
-3.283600
3.663100
3.233100
1.673100
0.640600
-0.919400
-2.072300
-2.072300
-2.072300
-2.402300
-42.517400
-53.041700
-54.301700
-65.048400
-74.299900
7.754400
6.684400
5.324400
-1.096900
-1.666900
-2.678000
3.276600
3.276600
2.776600
2.666600
2.666600
2.546600
1.516600
1.296600
1.106600
-0.173400
-4.813400
-6.233400
-6.233400
-6.793400
-8.553400
-8.933400
-9.993400
-11.303400
-13.563400
6.097900
3.017900
2.427900
3.093900
0.763900
0.733900
-1.663200
-4.333200
-4.933200
-5.243200
-8.003200
-16.493200
12.764200
12.444200
12.234200
11.074200
6.601300
6.541300
6.521300
1.811300
0.531300
-1.078700
-1.168700
-1.238700
-1.508700
-1.778700
-3.405000
-4.725000
-4.735000
-4.735000
-3.285100
-3.285100
-3.285100
-3.485100
-3.485100
-3.485100
-3.495100
-3.495100
-3.575100
-4.875100
-6.725100
1.578300
-1.911300
-1.911300
-1.921300
-3.102400
2.002900
1.962900
21.359500
21.359500
17.069500
-3.285100
-3.112400
-4.952400
9.329500
7.219500
4.239500
0.239500
-1.170500
-5.630500
-6.270500
-4.693300
-4.743300
-2.027200
-2.037200
-2.627200
-2.657200
-5.397200
-6.427200
3.214300
4.031600
-3.078400
-4.828400
-10.671500
-15.769600
-17.089600
-17.859600
-18.189600
-19.249600
-23.859600
-25.579600
-27.109600
12.176100
-24.049600
12.176100
12.036100
7.366100
7.366100
7.066100
3.948100
1.974300
8.578300
4.408300
3.788300
3.161100
0.231100
-6.852200
-8.792200
-3.381100
5.394300
4.384300
-1.521000
-57.369800
-59.209800
-3.220400
-4.650400
-216.166100
-221.026100
-139.010300
-140.054000
-6.439000
-9.745400
236.947300
15.611200
-90.892500
-93.152500
-94.972500
-105.242400
-105.392400
-105.782400
-5.758400
-5.798400
-5.411200
-6.441200
-10.561200
-119.533600
-119.863600
-127.247300
5.723700
3.573700
-128.727300
1.873700
0.703700
4.476700
0.576700
-3.873000
-3.893000
5.593000
-198.043400
15.672700
26.917200
-14.204500
39.495100
38.265100
30.098400
27.168400
3.407200
22.631200
21.511200
21.031200
-2.050000
-3.240000
-3.379100
-5.069100
-3.447900
-3.937900
-4.817900
-1.372600
-1.802600
54.408800
13.862500
15.035200
13.165200
7.883600
7.063600
-0.472900
-1.702900
-2.692900
-3.632900
-3.562600
3.428700
-2.531300
-7.241300
7.919900
6.999900
5.229900
3.749900
2.629900
2.629900
2.169900
1.449900
5.658900
3.558900
2.998900
-0.301100
-0.621100
-0.981100
0.783300
0.133300
-1.246700
-9.526700
0.193800
-2.978100
2.011800
5.401500
3.653900
2.853900
1.473900
0.880900
0.350900
-1.509400
-1.790100
-15.623800
-16.643800
-19.283800
-10.503700
4.962600
0.957100
3.649700
3.649700
3.599700
1.639700
-3.171600
-2.266100
-3.136100
-4.386100
-3.418900
-3.545900
-4.425200
-5.365200
-3.629900
-4.779900
-8.209900
2.171200
1.391200
0.841200
6.867700
6.963600
11.805900
2.335900
5.703600
5.193600
4.763600
-0.626400
-0.066300
-1.406300
-2.426300
-253.673000
-254.903000
-299.516100
15.212700
13.002700
5.056400
4.916300
2.850300
-1.181000
3.247000
-9.405500
-5.566500
-5.656500
33.296600
30.926600
27.176600
-8.135300
-9.815300
-12.185300
-40.373100
-40.693100
-41.833100
-43.643100
-5.069000
30.307400
8.732800
327.464100
40.435700
