19
1
42
2
3
4
5
6
7
8
9
10
11
12
13
14
15
16
17
18
19
20
1407.770
873.790
809.060
792.880
987.050
1197.410
1747.570
2702.270
2038.830
3673.140
3996.760
4110.030
3867.310
3042.070
4255.660
1132.690
5906.150
7944.980
5339.810
8608.410
7702.270
6893.200
6019.420
5210.360
4207.120
3559.870
2718.450
1779.940
3721.680
5000.000
6569.580
7847.900
8883.500
1731.390
663.430
5048.540
5113.270
3220.060
0.00
0.00
0.00
0.00
0.00
0.00
0.00
0.00
0.00
0.00
0.00
0.00
0.00
0.00
0.00
0.00
0.00
0.00
0.00
2093.18130000
2093.18130000
1998.03680000
1998.03669500
1998.03669500
1998.03669500
1998.03669500
3851.09113700
22.65347727
3851.09113700
2652.72218900
2652.72218900
2093.18130000
2093.18130000
3851.09113700
1302.57494300
2652.72218900
2652.72218900
3851.09113700
89.041800
85.806700
84.895600
84.127700
83.063600
81.545600
80.736700
79.532700
79.043000
80.307400
82.113300
83.335500
86.336400
89.405400
77.777700
77.738200
79.260000
77.776300
79.151600
1
1957.93
9449.84
91.44
91.44
1
2
3
4
5
6
7
8
9
10
11
12
13
14
15
16
17
18
19
20
21
22
23
24
25
26
27
28
29
30
31
32
33
34
35
36
37
38
39
40
41
42
1
2
3
4
5
6
7
8
9
11
12
13
14
15
1
10
12
18
11
20
9
1
2
3
4
5
6
7
8
9
11
12
13
14
15
1
10
12
18
11
20
9
2
3
4
5
6
7
8
9
10
9
11
12
13
14
15
17
18
19
20
16
16
2
3
4
5
6
7
8
9
10
9
11
12
13
14
15
17
18
19
20
16
16
2438.40
2438.40
2438.40
2438.40
2133.60
2133.60
2133.60
1524.00
1219.20
1828.80
2438.40
3048.00
3048.00
3048.00
3352.80
1219.20
1828.80
1524.00
1828.80
1219.20
1524.00
2438.40
2438.40
2438.40
2438.40
2133.60
2133.60
1524.00
1524.00
1219.20
1828.80
2438.40
3048.00
3048.00
3048.00
3048.00
1219.20
1828.80
1524.00
1828.80
1219.20
1524.00
3535.680
6035.040
2225.040
2529.840
2621.280
5821.680
2926.080
3810.000
2926.080
3413.760
4419.600
3718.560
7345.680
6431.280
4724.400
8046.720
9509.760
7315.200
4389.120
11704.320
8046.720
3535.680
6035.040
2225.040
2529.840
2621.280
5821.680
2926.080
3810.000
2926.080
3413.760
4419.600
3718.560
7345.680
6431.280
4724.400
8046.720
9509.760
7315.200
4389.120
11704.320
8046.720
0
0
0
0
0
0
0
0
0
0
0
0
0
0
0
0
0
0
0
0
0
0
0
0
0
0
0
0
0
0
0
0
0
0
0
0
0
0
0
0
0
0
8776.93850
7730.34810
6683.75730
5684.73930
4685.72070
3686.70240
3805.32420
1688.66560
662.61420
2279.39310
6676.13090
10655.21390
11981.57520
13028.16600
15822.09570
651.28750
2652.72220
1326.36110
2471.19210
545.64670
1379.89890
8776.93850
7730.34810
6683.75730
5684.73930
4685.72070
3686.70240
1570.04370
1688.66560
662.61420
2279.39310
6676.13090
10655.21390
11981.57520
13028.16600
12327.41800
651.28750
2652.72220
1326.36110
2471.19210
545.64670
1379.89890
