68
3
99
1
2
3
4
5
6
7
8
9
10
11
12
13
14
17
18
19
20
21
22
23
24
25
26
27
28
29
30
31
32
33
34
35
36
37
38
39
40
41
42
44
45
46
47
48
49
50
51
52
53
54
55
56
57
58
59
60
61
62
76
82
83
84
85
86
87
88
89
656582.88
657289.06
656852.19
657294.63
657933.44
661346.75
661252.19
661547.63
660262.19
659947.69
659120.75
661689.69
661623.88
662482.81
662131.88
661006.88
660673.44
661012.00
661221.06
661856.94
661860.75
662326.00
662031.81
662135.06
661853.69
661141.50
661319.63
660878.69
660390.13
660381.19
660557.31
660596.63
661308.00
660857.63
660500.44
660618.31
660651.25
660461.31
660533.31
659046.31
659015.00
660704.56
660447.38
659504.06
659732.88
660377.06
660375.88
659734.19
660371.38
659739.94
659230.13
659229.19
659457.44
659097.25
658198.44
658026.94
658114.75
658119.75
658025.81
662523.13
662454.00
662458.63
659408.69
662548.06
659408.69
658728.69
659408.69
659408.69
963296.25
963069.50
963283.19
963262.25
963588.94
960658.38
960607.19
960688.13
961842.69
961952.63
962107.19
962215.25
962717.69
962917.75
963005.56
962760.81
962792.06
963102.44
963474.69
963711.13
963473.88
962957.19
962086.69
963007.19
963051.00
961352.25
961368.81
961712.13
962876.63
963121.00
961781.06
962340.81
961400.00
962345.56
962822.94
962796.50
962646.69
962359.19
962348.81
962535.19
962761.75
963432.50
963119.13
963179.19
963154.94
963121.75
963276.44
963310.88
963483.06
963467.50
963333.94
963481.63
963155.31
963096.19
963134.44
963233.88
963350.06
963536.75
963147.50
960626.31
963567.13
963565.25
963212.44
963787.94
963642.06
962454.75
963325.81
963476.63
2.90
5.00
3.50
3.80
2.20
7.00
6.50
5.20
4.30
5.20
28.00
3.20
3.20
19.20
4.00
3.50
2.80
2.70
1.80
2.10
2.00
18.70
3.20
1.60
3.80
4.30
3.60
3.20
2.80
1.80
3.80
2.90
3.70
2.10
6.70
6.70
4.20
2.90
2.90
28.50
27.30
1.10
2.50
2.80
3.30
1.80
1.80
1.60
1.80
1.60
3.30
2.50
2.80
3.20
3.60
3.80
3.10
3.00
4.20
4.20
2.10
2.10
3.30
2.10
1.50
19.20
2.10
1.50
10.0100
12.4300
8.5000
8.5000
12.1200
1.6300
0.0000
33.6000
4.3800
16.4000
29.7700
0.4900
7.4900
6.0600
2.7700
5.0300
4.8100
21.0400
16.9400
10.4100
2.1700
6.5500
10.4100
2.7800
5.3200
3.6300
33.0000
6.0000
6.4000
2.9600
3.0900
3.0900
8.7900
1.6800
12.6400
12.6400
12.6400
5.5600
2.6000
4.5700
7.5600
6.2100
3.0900
0.5900
12.6300
3.4100
13.2100
3.8700
6.4300
2.5500
0.0000
11.3000
3.9900
7.7500
1.9100
0.8800
5.1400
5.1400
7.4400
0.0000
0.0100
0.0000
0.5400
0.3700
6.4600
25.0000
2.1500
1.7500
25.32700
29.58900
26.36500
28.67300
38.61600
47.23700
47.23700
47.80800
26.97900
33.23400
50.74900
34.76900
49.24500
56.86800
55.44500
49.10100
48.20800
50.08800
43.66700
44.01300
45.46600
56.37900
38.29600
55.39300
54.34900
34.59300
36.58600
29.31100
47.19200
46.61100
27.17900
24.76900
36.29000
35.62000
47.43100
48.04400
24.28100
24.67100
24.76900
51.84500
47.30100
42.18800
44.78800
44.13300
44.76700
46.57100
43.60900
44.07000
42.40300
42.93200
42.32800
42.03800
44.02500
42.54900
37.63800
36.93900
37.87100
38.28900
36.71600
53.14800
50.61400
50.62500
42.67100
50.06800
41.64200
52.33400
42.95400
42.59000
15
43
65
662492.56
658738.69
662568.19
962874.81
962454.75
960492.44
57.00
53.08
55.00
57.000
53.080
55.000
1
2
3
4
5
6
7
8
11
12
13
14
15
16
17
18
19
20
21
22
24
25
26
27
28
29
30
31
32
33
34
35
36
37
38
39
41
42
43
44
45
46
47
48
49
50
51
52
53
54
55
56
57
58
59
60
61
62
63
64
65
66
68
70
71
72
73
74
75
76
78
79
81
82
83
84
85
86
87
88
89
90
92
93
94
95
96
97
98
100
102
103
104
105
106
107
108
109
110
1
3
3
3
6
6
9
10
15
13
18
18
20
21
22
24
14
24
26
26
21
23
27
20
19
28
28
30
31
30
34
35
31
37
37
19
40
40
9
33
41
34
39
12
25
35
29
8
42
43
44
45
47
32
46
50
49
48
51
50
52
51
54
56
44
56
57
58
59
55
52
45
61
60
58
62
62
59
4
2
65
65
86
76
82
82
22
26
5
54
83
43
55
89
55
88
84
88
55
2
4
5
1
7
8
6
11
14
17
13
19
18
20
23
25
24
17
17
27
22
21
23
27
20
29
30
28
32
33
30
36
11
31
38
38
39
41
40
9
33
41
34
39
12
25
35
29
11
42
42
46
48
49
32
46
50
49
48
51
50
53
55
47
57
44
56
57
60
61
53
52
5
61
60
58
2
62
59
4
6
76
45
8
83
85
85
83
86
84
85
87
89
53
88
51
88
89
86
100
100
100
100
100
100
100
125
450
100
100
300
300
100
100
125
450
400
300
400
125
100
100
350
250
150
100
125
400
125
100
100
300
350
300
350
100
100
100
100
100
100
100
100
100
100
100
200
350
350
125
100
100
300
100
100
100
350
300
100
100
100
100
100
100
100
100
100
200
200
100
100
200
250
100
100
150
200
100
100
100
250
100
300
100
100
100
100
250
100
100
100
100
100
300
300
100
100
250
977.360
443.170
1410.770
269.610
116.520
203.060
2309.140
1479.980
43.970
589.160
618.530
341.100
341.920
434.240
240.590
957.440
171.040
235.570
3.590
324.360
749.740
639.700
422.950
843.520
609.230
179.040
570.900
575.730
250.280
442.110
762.350
1124.900
1903.750
125.510
121.270
55.320
424.860
72.800
554.080
305.530
568.350
63.810
310.760
1217.170
365.820
1408.330
33.250
720.900
441.690
332.990
229.850
500.920
232.070
5.430
66.240
232.130
154.780
645.100
157.870
645.790
206.690
156.750
152.810
52.370
394.670
774.690
435.580
899.670
198.500
1116.150
631.800
350.970
226.030
186.770
337.240
173.090
784.450
86.390
732.930
193.780
1744.270
154.180
1635.690
1072.690
5.000
240.050
841.630
601.580
1600.000
180.000
240.000
10.000
179.540
331.400
332.350
325.030
113.350
150.820
165.430
0
0
0
0
0
0
0
0
0
0
0
0
0
0
0
0
0
0
0
0
0
0
0
0
0
0
0
0
0
0
0
0
0
0
0
0
0
0
0
0
0
0
0
0
0
0
0
0
0
0
0
0
0
0
0
0
0
0
0
0
0
0
0
0
0
0
0
0
0
0
0
0
0
0
0
0
0
0
0
0
0
0
0
0
0
0
0
0
0
0
0
0
0
0
0
0
0
0
0
-5.17900
-5.72000
-7.61100
4.83100
0.00000
-4.04700
-7.65400
-16.40000
230.67500
-8.47100
-0.98000
73.14900
77.19800
-10.23400
-6.21500
21.23600
224.61500
196.82900
-185.58900
175.57600
-2.65800
4.04800
12.43300
-157.82300
-49.35100
-25.75700
7.88500
-14.24200
146.74100
9.96000
-6.16700
1.68000
-60.73200
92.40900
-105.04900
117.68900
2.14900
-2.66200
5.04700
1.77200
-5.09800
0.16400
-2.91300
7.57800
8.06800
-2.75800
7.71200
66.47000
106.90200
133.25100
-21.77900
-5.70900
-3.98400
129.34300
-14.43800
-5.63900
11.80700
-114.12600
-97.51200
-1.86100
-6.09700
6.88600
3.24700
-3.39400
9.12900
-5.09000
-4.49400
-5.87300
-34.35800
28.55800
-2.04000
-1.70700
-17.90800
-41.32600
-1.82800
-5.79100
23.02500
24.67400
-8.80400
5.41700
5.23800
104.11600
-1.20600
104.11600
-3.60000
3.59000
-6.85300
7.23300
-37.63900
-3.24700
3.63300
25.00000
-4.25800
-2.29600
-75.24600
-84.89500
-3.78700
3.71200
42.89200
