39
1
67
1
2
3
4
5
6
7
8
9
10
11
12
13
14
15
16
17
18
19
20
21
22
23
24
25
26
27
28
29
30
31
32
33
34
35
36
37
38
39
0.00
0.00
0.00
0.00
0.00
100.00
100.00
100.00
100.00
100.00
300.00
300.00
300.00
300.00
300.00
480.00
480.00
480.00
480.00
480.00
700.00
700.00
700.00
700.00
900.00
900.00
900.00
900.00
900.00
1080.00
1080.00
1080.00
1080.00
1080.00
1230.00
1230.00
1230.00
1230.00
1230.00
0.00
80.00
230.00
330.00
450.00
450.00
330.00
230.00
80.00
0.00
0.00
80.00
230.00
330.00
450.00
450.00
330.00
230.00
80.00
0.00
0.00
80.00
230.00
330.00
450.00
330.00
230.00
80.00
0.00
0.00
80.00
230.00
330.00
450.00
450.00
330.00
230.00
80.00
0.00
0.00
0.00
0.00
0.00
0.00
0.00
0.00
0.00
0.00
0.00
0.00
0.00
0.00
0.00
0.00
0.00
0.00
0.00
0.00
0.00
0.00
0.00
0.00
0.00
0.00
0.00
0.00
0.00
0.00
0.00
0.00
0.00
0.00
0.00
0.00
0.00
0.00
0.00
0.00
1.40
3.10
3.60
3.10
1.80
5.40
9.40
10.70
9.80
3.60
4.50
12.60
13.90
12.10
6.70
10.70
13.00
14.80
13.40
4.50
5.00
13.90
15.20
13.40
10.30
12.10
13.90
12.60
4.50
4.00
11.20
12.10
10.70
5.80
2.70
5.00
5.40
5.00
1.80
20.187130
20.129760
20.151130
20.334140
20.367420
22.500310
26.108040
25.382050
23.887030
21.810200
20.001590
20.337750
21.476590
28.978630
22.679110
35.052860
33.171940
27.783370
24.926950
21.073140
27.589880
28.719690
33.025150
35.216240
34.538110
32.957870
25.040350
20.524690
20.446780
22.962600
25.224890
26.966260
30.051660
23.248040
21.956940
23.595810
21.255810
21.678030
21.501410
40
700
450
40
40
1
2
3
4
5
6
7
8
9
10
11
12
13
14
15
16
17
18
19
20
21
22
23
24
25
26
27
28
29
30
31
32
33
34
35
36
37
38
39
40
41
42
43
44
45
46
47
48
49
50
51
52
53
54
55
56
57
58
59
60
61
62
63
64
65
66
67
2
3
4
5
6
6
7
8
9
15
15
14
13
12
16
16
17
18
19
40
40
24
23
22
40
25
26
27
28
25
34
33
32
31
34
35
36
37
38
30
21
20
11
1
10
29
2
31
9
28
12
22
19
3
32
8
27
13
23
18
4
33
7
26
14
24
17
1
2
3
4
5
7
8
9
10
6
14
13
12
11
15
17
18
19
20
16
24
23
22
21
25
26
27
28
29
34
33
32
31
30
35
36
37
38
39
39
29
21
20
10
11
30
9
38
12
31
19
28
22
8
37
13
32
18
27
23
7
36
14
33
17
26
24
50
50
50
50
50
75
200
150
75
50
50
50
75
75
50
200
100
100
50
200
250
200
150
100
150
150
50
50
50
50
50
150
150
75
50
50
50
50
50
50
50
50
50
50
50
50
50
75
75
50
75
75
100
50
50
75
75
75
75
100
50
75
200
200
200
200
200
80.00
150.00
100.00
120.00
100.00
120.00
100.00
150.00
80.00
200.00
120.00
100.00
150.00
80.00
180.00
120.00
100.00
150.00
80.00
220.51
120.93
100.00
150.00
80.00
200.56
120.00
100.00
150.00
80.00
180.00
120.00
100.00
150.00
80.00
150.00
120.00
100.00
150.00
80.00
150.00
200.00
220.00
180.00
100.00
200.00
180.00
100.00
150.00
200.00
180.00
180.00
200.00
220.00
100.00
150.00
200.00
180.00
180.00
200.00
220.00
100.00
150.00
200.00
180.00
180.00
200.00
220.00
0
0
0
0
0
0
0
0
0
0
0
0
0
0
0
0
0
0
0
0
0
0
0
0
0
0
0
0
0
0
0
0
0
0
0
0
0
0
0
0
0
0
0
0
0
0
0
0
0
0
0
0
0
0
0
0
0
0
0
0
0
0
0
0
0
0
0
-0.281300
0.125100
0.484600
0.160800
1.960800
-7.040900
43.711800
24.233400
6.489300
0.319900
-3.246800
3.961100
3.264400
2.339300
3.773100
66.721600
20.909800
11.775600
3.094900
81.194700
199.358600
80.152000
43.380200
9.976100
42.146600
28.261200
4.081500
2.379200
0.336500
3.585400
-3.389200
45.133500
26.363000
6.805300
1.174700
-1.525300
2.065600
-0.620900
0.540000
1.260000
2.618200
-2.357800
-0.952700
-1.681300
1.208000
-1.545300
-2.693600
6.160800
5.250500
-2.196800
-6.424500
8.360400
-11.143700
-3.240400
2.713500
5.538000
-3.957000
-7.665300
8.240800
-13.331100
-3.423800
8.591000
-63.576500
67.813700
-82.884500
55.733900
-50.072600
