62
1
71
5
10
15
20
22
25
30
35
37
40
45
50
55
57
60
65
70
75
80
82
85
87
90
92
95
100
105
110
112
115
120
125
130
131
135
140
145
147
148
149
150
155
157
160
162
165
170
172
175
180
181
182
185
190
195
198
200
203
205
210
212
215
17.200
15.600
13.800
14.600
14.900
15.800
16.300
19.100
19.300
20.600
21.700
25.500
29.800
34.600
32.200
14.900
12.250
11.000
12.300
11.800
17.450
19.000
22.900
23.500
28.500
8.850
12.350
12.900
13.800
13.300
13.600
13.900
5.300
14.000
7.400
9.800
9.450
11.250
11.750
11.900
12.300
11.550
12.300
11.250
11.200
12.100
12.950
12.500
12.250
7.800
8.700
7.800
11.050
6.050
7.500
12.200
6.400
4.900
4.000
4.400
4.100
0.450
8.500
9.900
8.900
8.400
7.800
6.500
10.350
11.700
13.400
13.900
13.000
12.650
12.000
15.000
15.800
10.500
11.300
12.000
14.400
16.400
13.800
14.500
16.000
17.850
15.500
14.400
10.950
9.900
10.100
8.600
7.700
7.100
16.700
2.600
12.200
10.750
10.000
9.700
8.400
9.800
8.750
7.600
7.400
6.550
5.400
5.900
4.650
3.000
2.150
10.300
9.650
8.650
7.750
10.200
8.300
4.600
7.900
9.300
11.000
6.100
4.350
2.650
2135.320
2168.000
2156.180
2167.640
2165.940
2135.530
2161.880
2151.000
2138.020
2137.540
2164.590
2170.990
2170.990
2165.000
2152.000
2164.700
2134.440
2137.720
2135.640
2143.840
2140.000
2140.000
2140.000
2169.000
2141.250
2182.000
2135.530
2142.470
2152.860
2154.450
2168.300
2167.720
2162.940
2142.000
2145.990
2137.220
2134.450
2136.690
2151.860
2138.270
2148.390
2160.480
2164.710
2145.740
2132.850
2148.980
2133.740
2139.040
2143.660
2133.000
2134.190
2136.000
2157.730
2145.630
2135.680
2133.000
2138.980
2154.940
2165.060
2132.040
2128.000
2128.000
0.0000
0.2700
0.0600
0.1200
0.2700
0.1400
0.4000
0.5500
0.0000
0.0900
0.2500
0.2500
0.6100
0.0200
0.0500
0.4000
0.5500
0.0900
0.0900
0.2200
0.0400
0.0000
0.0900
0.0100
0.0300
0.2600
0.1700
0.0700
0.1400
0.1400
0.1300
0.1500
0.3500
0.0100
0.2600
0.1100
0.2500
0.2500
0.0300
0.1900
0.2800
0.1200
0.1300
0.3400
0.0000
0.2100
0.2700
0.0500
0.0600
0.1600
0.0000
0.3900
0.4600
0.0700
0.2600
0.0100
0.1400
0.0500
0.0700
0.1300
0.0600
0.0300
2192.21400
2192.14800
2192.08500
2192.11400
2192.09900
2192.09800
2192.13100
2192.10300
2192.10200
2192.10200
2192.08600
2192.08100
2192.07900
2192.07900
2192.07800
2192.13100
2192.04600
2192.04000
2192.03900
2192.03800
2192.03900
2192.03900
2192.03900
2192.03900
2192.03900
2192.03600
2192.04600
2192.05700
2192.05700
2192.08100
2192.08100
2192.08400
2192.03100
2192.06800
2192.03400
2192.03900
2192.03900
2192.04200
2192.04400
2192.04300
2192.04300
2192.05300
2192.06900
2192.05100
2192.03800
2192.07000
2192.06800
2192.06800
2192.06800
2192.03300
2192.03900
2192.03800
2192.04600
2192.03600
2192.03800
2192.03800
2192.03700
2192.03600
2192.03600
2192.03600
2192.03600
2192.03600
1
20.000
5.70
2192.37
2192.37
1
2
3
4
5
6
7
8
9
10
11
12
13
14
15
16
17
18
19
20
21
22
23
24
25
26
27
28
29
30
31
32
33
34
35
36
37
38
39
40
41
42
43
44
45
46
47
48
49
50
51
52
53
54
55
56
57
58
59
60
61
62
63
64
65
66
67
68
69
70
71
1
5
10
20
22
10
65
70
75
80
80
85
87
90
90
30
10
30
35
37
35
45
50
55
57
20
15
125
120
115
110
110
70
105
149
149
149
150
148
147
145
140
75
75
120
157
155
185
185
145
181
182
195
200
200
203
200
210
212
155
195
162
165
125
165
170
172
172
135
135
22
5
10
20
22
125
65
70
75
80
82
85
87
90
92
95
65
30
35
37
40
45
50
55
57
60
15
115
120
115
110
112
105
105
149
150
150
147
148
147
145
140
135
140
100
157
155
185
148
182
181
182
195
200
190
203
205
210
212
215
160
162
198
157
165
170
172
131
175
130
180
25
304.80
152.40
76.20
76.20
76.20
76.20
76.20
76.20
76.20
76.20
76.20
76.20
76.20
76.20
76.20
76.20
76.20
76.20
76.20
76.20
76.20
76.20
76.20
76.20
76.20
76.20
76.20
76.20
76.20
76.20
76.20
76.20
76.20
76.20
76.20
76.20
76.20
76.20
76.20
76.20
76.20
76.20
76.20
76.20
76.20
76.20
76.20
76.20
76.20
76.20
76.20
76.20
76.20
76.20
76.20
76.20
76.20
76.20
76.20
76.20
76.20
76.20
76.20
76.20
76.20
76.20
76.20
76.20
76.20
76.20
76.20
2135.32400
32.74900
1.83800
1.82800
2.15800
3.42600
30.38600
3.57900
3.43200
8.45500
6.77400
1.70100
4.17900
29.06500
5.76000
3.15200
6.17600
11.31500
13.09200
1.47300
13.89700
7.45100
4.34900
8.24100
13.24400
11.49900
1.82600
0.88700
13.88200
12.05700
10.43100
7.04000
1.14900
3.00500
10.18200
10.18200
1.71100
3.53100
15.23400
2.88900
2.89100
9.20700
1.80300
44.39700
3.83000
4.30100
2.79900
5.94700
21.99000
0.86800
2.25500
0.56100
3.50100
7.04500
16.09100
10.30100
7.44300
4.41300
4.02600
14.78000
5.48700
1.28900
15.80300
18.86400
15.31500
5.56900
3.34200
4.70400
17.66200
13.13400
30.45100
0.00
0.00
0.00
0.00
0.00
0.00
0.00
0.00
0.00
0.00
0.00
0.00
0.00
0.00
0.00
0.00
0.00
0.00
0.00
0.00
0.00
0.00
0.00
0.00
0.00
0.00
0.00
0.00
0.00
0.00
0.00
0.00
0.00
0.00
0.00
0.00
0.00
0.00
0.00
0.00
0.00
0.00
0.00
0.00
0.00
0.00
0.00
0.00
0.00
0.00
0.00
0.00
0.00
0.00
0.00
0.00
0.00
0.00
0.00
0.00
0.00
0.00
0.00
0.00
0.00
0.00
0.00
0.00
0.00
0.00
0.00
10.4000000
10.4000000
5.5710000
3.6250000
3.2150000
2.6420000
1.9390000
1.5110000
0.4800000
0.2200000
0.1700000
0.1300000
0.1300000
0.0100000
0.0300000
-0.3030000
1.9170000
1.8200000
0.0900000
0.0900000
1.1800000
0.9300000
0.6800000
0.0700000
0.0500000
1.8260000
1.7660000
2.1740000
-0.0350000
1.5920000
0.1400000
1.3820000
-0.1220000
1.0900000
-0.0300000
-0.0300000
0.9610000
-0.3410000
0.3250000
1.0360000
0.1990000
0.7700000
0.6810000
0.2600000
2.0790000
2.2390000
1.7790000
0.6960000
0.6230000
0.5870000
0.5870000
0.8200000
0.5500000
0.0700000
0.1200000
0.0700000
0.2200000
0.0900000
0.0300000
0.3400000
0.0100000
0.0100000
0.2910000
0.8910000
0.3900000
0.1200000
0.0100000
0.0600000
0.3500000
0.1600000
0.1400000
