19
1
31
1
2
3
4
5
6
7
8
9
10
11
12
13
14
15
16
17
18
19
560.00
560.00
560.00
560.00
560.00
360.00
360.00
360.00
360.00
360.00
200.00
200.00
200.00
200.00
0.00
0.00
0.00
0.00
0.00
999.83400
849.83400
699.83400
549.83400
199.83400
999.83400
849.83400
699.83400
549.83400
199.83400
999.83400
849.83400
699.83400
549.83400
1199.83400
999.83400
849.83400
699.83400
549.83400
75.00
75.00
75.50
76.00
76.00
71.00
72.00
74.00
75.00
76.00
68.00
69.00
71.00
73.00
63.00
64.00
67.00
69.00
71.00
23.14800
23.14800
23.14800
23.14800
23.14800
11.57400
23.14800
23.14800
34.72200
34.72200
11.57400
23.14800
34.72200
34.72200
23.14800
11.57400
23.14800
23.14800
34.72200
90.101800
92.101400
93.732800
97.058000
96.774000
90.794700
93.744900
97.064500
99.864700
107.772300
88.448000
89.132400
90.626800
97.101800
84.657000
89.504700
90.082200
91.983300
93.340800
20
13.494
0.00
113.98
113.98
1
2
3
4
5
6
7
8
9
10
11
12
13
14
15
16
17
18
19
20
21
22
23
24
25
26
27
28
29
30
31
1
2
3
4
6
7
8
9
10
6
7
8
9
11
12
13
14
20
11
12
13
15
16
17
18
19
15
16
17
18
19
2
3
4
5
1
2
3
4
5
7
8
9
10
6
7
8
9
10
12
13
14
11
11
12
13
14
16
17
18
19
20
100.00
150.00
150.00
100.00
150.00
100.00
100.00
200.00
100.00
150.00
200.00
250.00
350.00
100.00
100.00
100.00
250.00
400.00
100.00
100.00
100.00
100.00
100.00
100.00
100.00
200.00
100.00
200.00
200.00
250.00
150.00
150.00000000
150.00083300
150.00083300
350.00000000
200.03999600
200.02249900
200.00562500
200.00250000
200.00000000
150.00333300
150.01333300
150.00333300
350.00142900
160.02812300
160.02812300
160.02812300
160.01250000
401.79909900
150.00333300
150.01333300
150.01333300
282.88690300
200.03999600
200.01000000
200.01000000
200.01000000
200.00250000
150.02999700
150.01333300
150.01333300
551.67635100
0
0
0
0
0
0
0
0
0
0
0
0
0
0
0
0
0
0
0
0
0
0
0
0
0
0
0
0
0
0
0
-9.6615000
-25.4297000
-37.6441000
2.0035000
13.4865000
7.3798000
10.9336000
62.7956000
21.1445000
-35.2474000
-80.5862000
-132.4697000
-356.9341000
-10.1868000
-14.8110000
-17.8019000
-126.9469000
412.8006000
-5.3113000
-8.2163000
-18.5061000
-9.6896000
5.7655000
5.4320000
6.6303000
-73.7188000
-13.4584000
-30.7978000
-59.3779000
-89.1562000
-50.1594000

