6
1
8
2
3
4
5
6
7
1000
0
1000
0
1000
0
2000
2000
1000
1000
0
0
150
160
155
150
165
160
27.7780
27.7780
33.3330
75.0000
91.6670
55.5560
205.193800
194.168850
200.464460
180.907900
195.885510
191.261200
1
2000.0
2000.0
210.0
210.0
1
2
3
4
5
6
7
8
1
2
2
4
4
6
3
7
2
3
4
5
6
7
5
5
457.20
203.20
406.40
152.40
355.60
254.00
152.40
101.60
1000.012
1000.012
1000.012
1000.012
1000.012
1000.012
1000.012
1000.012
0
0
0
0
0
0
0
0
311.112000
57.370500
225.963500
36.649500
155.981000
64.314000
29.592500
8.758000
