10
2
17
2
3
4
6
7
8
9
10
11
12
6000.0000
7628.3500
9241.4500
5999.4400
7628.3500
9241.4500
5999.4400
7628.3500
9241.4500
10696.4100
3000.0000
3002.4000
3002.4000
1199.5200
1199.5200
1199.5200
-540.1000
-540.1000
-540.1000
-540.1000
320.0400
326.1400
332.2300
298.7000
295.6600
292.6100
289.5600
289.5600
292.6100
289.5600
12.620
12.620
0.000
18.930
18.930
18.930
12.620
18.930
18.930
12.620
335.1260
343.0400
348.4060
322.7700
320.8170
338.2230
315.0380
314.4000
314.3950
309.7530
1
5
4924.040
10680.590
4283.390
4726.200
365.760
371.860
365.760
371.860
1
2
3
4
5
6
7
8
9
10
11
12
13
14
101
104
105
1
2
3
5
2
4
6
7
6
7
8
9
10
11
1
5
2
2
3
4
4
6
8
7
8
9
10
11
10
11
12
2
4
6
152.00
152.00
203.00
152.00
152.00
254.00
152.00
152.00
152.00
152.00
152.00
152.00
152.00
152.00
152.00
305.00
152.00
4828.00
1609.00
1609.00
6437.00
1609.00
1609.00
1609.00
1609.00
1609.00
1609.00
1609.00
1609.00
1609.00
1609.00
4828.00
6437.00
1609.00
0.00
0.00
0.00
0.00
0.00
0.00
0.00
0.00
0.00
0.00
0.00
0.00
0.00
0.00
0.00
0.00
0.00
19.55300
-16.97800
-29.59800
14.37000
21.73300
76.42500
7.77600
-26.26400
16.75900
15.11000
31.23100
4.13900
0.31900
12.62000
19.55300
91.65300
21.73300
