49
1
49
1
2
3
4
5
6
7
8
9
10
11
12
13
14
15
16
18
19
20
21
22
23
24
25
26
27
28
29
30
31
32
33
34
35
36
37
38
39
40
41
42
43
44
45
46
47
48
49
50
1106379.2300
1106394.1900
1106640.5300
1106662.0100
1106939.7100
1106977.2600
1106910.4700
1107028.2900
1107108.3400
1107204.3400
1107114.7300
1107225.4300
1107172.4900
1105503.6100
1105340.8200
1105509.0800
1106390.4800
1106393.1200
1106396.9100
1106380.9600
1106635.0400
1106643.1600
1106656.4900
1107100.7100
1107140.6000
1106657.3000
1106830.9600
1106833.8300
1106840.0600
1107038.8300
1107208.6200
1107694.6800
1107656.5800
1107442.2800
1107330.1900
1107298.6100
1106387.0300
1106931.3200
1107021.7000
1106956.3200
1107229.3500
1107272.7700
1106915.2500
1107257.7700
1107161.8300
1105489.0400
1106828.9600
1107339.8100
1106660.6900
962028.5300
962680.1500
962485.2300
962505.7800
962904.4500
962977.0200
963029.1600
963045.5300
962921.9300
962839.3000
963189.3500
963117.6600
963288.3200
961061.2600
960747.1200
961056.2300
962025.9600
962030.4400
962029.1900
962031.8600
962489.5800
962489.3300
962487.2400
962331.8000
962292.2400
962498.3900
962748.3300
962746.5000
962755.8000
963028.7100
962844.9700
962601.0400
962613.2300
962681.7900
962768.7200
962788.5100
962026.7500
962909.7000
963050.7000
962510.8300
963064.2100
963074.0300
963421.1100
963432.7200
962959.1300
960692.0500
962739.5600
961992.9800
962496.2900
940.0000
939.9850
941.5450
941.9180
942.8270
942.5090
941.3250
942.3690
944.1690
945.0610
941.8480
940.8850
940.4320
941.0950
941.7110
941.7650
940.0000
940.0000
940.0000
940.0000
941.4690
941.5940
941.7970
949.9310
950.0000
941.8240
943.1880
943.2280
943.2190
942.6390
945.0280
950.0000
949.4650
947.3880
946.1810
945.8820
940.0000
942.6910
942.2520
945.5090
941.4210
940.1750
938.5300
940.0000
944.0580
953.5000
943.1800
953.5100
941.8620
0.000000000000
0.182229838000
0.212739766000
0.134713896000
0.017748149000
0.000000000000
0.000000000000
0.036795910000
0.069388800000
0.000000000000
0.079627158000
0.144392755000
0.110297968000
0.000000000000
0.000000000000
0.000000000000
0.000000000000
0.000000000000
0.058857134000
0.000000000000
0.137936186000
0.000000000000
0.011361388000
0.168245400000
0.000000000000
0.004361299000
0.000000000000
0.000000000000
0.049268955000
0.037391925000
0.022860033000
0.000000000000
0.000000000000
0.000000000000
0.000000000000
0.034917934000
0.000000000000
0.000000000000
0.000000000000
0.022670841000
0.055407844000
0.030041894000
0.000000000000
0.017603475000
0.052181065000
0.000000000000
0.091364949000
0.000000000000
0.000000000000
965.45500
965.23300
965.24500
964.87800
964.61100
964.61100
964.61100
964.53000
964.52200
964.52100
964.49500
964.48500
964.49300
966.26300
967.13100
966.28100
965.44200
965.43600
965.43200
965.45300
965.24400
965.24500
965.24500
964.86500
964.86500
964.88700
964.71000
964.70800
964.70200
964.52800
964.52100
964.52000
964.52000
964.52000
964.52000
964.52000
965.44600
964.61100
964.61100
964.52000
964.48500
964.48500
964.49300
964.49200
964.52200
967.51200
965.24100
964.86500
964.88700
100
1105585.140
960662.950
967.7670
967.7670
1
2
3
4
5
6
7
8
9
10
11
12
13
14
15
16
17
18
19
20
21
22
23
24
25
26
27
28
29
30
31
32
33
34
35
36
37
38
39
40
41
42
43
44
45
46
47
48
49
100
14
16
15
47
37
36
35
34
33
32
31
30
29
28
27
27
26
4
25
24
22
21
18
20
19
18
9
13
13
11
12
11
8
10
9
8
5
6
7
6
5
4
3
2
1
1
23
12
47
1
14
16
15
32
37
36
35
34
10
9
5
30
29
50
4
49
25
26
48
3
3
38
27
20
19
46
45
44
13
43
12
11
41
32
31
8
39
6
40
39
28
23
22
21
38
24
42
76.20
101.60
76.20
76.20
76.20
76.20
76.20
76.20
76.20
76.20
76.20
76.20
76.20
76.20
76.20
76.20
76.20
76.20
76.20
76.20
76.20
76.20
76.20
76.20
76.20
76.20
76.20
76.20
76.20
76.20
76.20
76.20
76.20
76.20
76.20
76.20
76.20
76.20
76.20
76.20
76.20
76.20
76.20
76.20
76.20
76.20
76.20
76.20
76.20
106.010
1319.660
7.430
352.570
158.130
106.240
37.260
142.670
225.000
40.000
7.100
127.560
178.960
11.200
3.400
3.990
8.770
366.490
487.100
56.190
305.630
7.000
522.960
3.540
537.640
4.000
5.200
65.150
167.700
339.010
114.590
65.490
132.340
167.790
411.590
126.410
19.840
166.580
81.490
84.730
86.050
9.900
295.590
4.870
307.130
3.760
8.000
17.240
67.130
0.00
0.00
0.00
0.00
0.00
0.00
0.00
0.00
0.00
0.00
0.00
0.00
0.00
0.00
0.00
0.00
0.00
0.00
0.00
0.00
0.00
0.00
0.00
0.00
0.00
0.00
0.00
0.00
0.00
0.00
0.00
0.00
0.00
0.00
0.00
0.00
0.00
0.00
0.00
0.00
0.00
0.00
0.00
0.00
0.00
0.00
0.00
0.00
0.00
1.78200
1.78200
1.78200
1.78200
1.78200
-0.03500
0.00000
0.00000
0.00000
0.00000
0.02300
0.20200
0.73100
0.78100
0.78100
0.00000
1.08400
0.00000
0.16800
0.00000
0.09100
-0.32000
0.63600
-1.14700
1.08800
1.14700
1.14700
0.05200
0.01800
0.00000
0.12800
0.03000
0.23000
0.43700
0.02300
0.08100
0.24000
0.71400
0.00000
0.00000
0.00000
0.00000
0.78100
0.10300
-0.18200
0.63600
1.14700
0.10300
0.05500
