716
1
894
1
2
3
4
5
7
8
9
11
12
13
14
15
16
17
18
19
20
21
22
23
24
25
26
27
28
29
31
32
33
34
35
36
37
38
39
41
42
43
44
45
46
48
49
50
51
52
53
55
56
57
58
59
61
62
63
64
65
67
68
69
70
71
72
73
74
75
76
77
79
80
81
82
83
84
85
86
87
88
89
90
91
92
93
94
95
96
97
98
99
100
102
103
104
105
106
107
109
111
112
116
120
121
122
123
124
126
129
130
131
132
133
134
135
136
137
138
139
140
142
143
145
146
147
148
149
150
152
153
155
156
159
160
161
162
163
164
165
166
167
168
169
170
171
172
173
174
175
176
177
179
180
181
182
183
184
185
187
188
189
190
191
192
193
195
196
197
198
199
201
202
203
204
205
206
207
208
209
211
212
213
214
215
216
217
218
219
220
221
222
223
225
226
227
228
229
230
231
232
235
238
239
240
241
242
244
245
246
248
249
251
255
257
261
262
265
266
267
268
269
271
272
273
274
275
277
278
279
280
281
282
283
284
285
286
287
288
289
290
291
292
293
294
295
296
297
298
299
300
302
303
304
305
306
307
308
309
310
311
312
313
314
315
316
318
319
320
321
322
323
324
325
326
327
332
333
334
335
337
338
339
340
341
342
343
344
345
347
349
350
351
353
354
355
356
357
358
359
360
361
362
363
364
365
366
367
368
369
373
377
378
379
380
381
382
383
384
385
386
387
388
389
391
394
396
398
399
403
404
408
409
412
413
414
415
417
419
420
421
422
424
425
426
427
428
429
430
431
432
433
434
435
436
437
438
440
441
442
443
444
445
446
447
448
449
453
454
455
456
459
460
462
464
465
466
469
470
472
473
474
475
478
479
480
481
482
483
484
485
486
487
488
489
490
491
492
493
494
495
496
497
498
499
500
503
505
507
508
509
510
512
513
514
520
521
525
529
530
531
532
535
536
537
538
539
540
541
542
543
544
545
546
547
548
549
550
551
553
554
555
556
557
558
560
561
562
563
565
567
571
572
573
577
579
580
581
582
584
585
587
588
589
590
592
593
594
595
596
597
598
599
600
602
604
605
606
608
609
610
611
612
613
614
616
617
618
619
620
621
622
623
624
626
628
631
634
635
636
637
638
639
640
643
644
646
647
649
650
651
653
656
657
658
660
662
665
669
671
674
675
676
677
678
679
680
682
683
687
688
689
690
691
692
693
696
697
700
704
705
707
708
711
714
715
716
717
718
719
720
721
723
724
725
726
728
729
730
731
733
734
735
736
737
738
739
741
742
743
745
746
747
748
750
751
752
753
754
755
756
757
758
759
760
761
762
763
764
765
766
767
768
769
771
772
776
779
781
782
784
785
786
787
788
791
792
793
794
795
796
798
799
800
801
803
804
805
806
808
811
812
814
815
816
817
818
819
820
821
823
824
825
826
827
828
829
830
831
832
833
834
835
836
840
841
842
843
844
850
852
854
855
857
858
859
861
863
864
865
867
868
869
870
871
872
873
874
875
876
877
882
883
884
885
886
887
888
889
890
891
892
893
894
900
903
904
905
906
907
908
909
910
912
913
914
915
916
921
923
924
925
926
927
929
930
931
932
933
934
935
936
937
938
939
940
941
942
-8386491.0200
-8386109.6700
-8386413.7700
-8386338.2100
-8386144.5800
-8385975.0500
-8386365.7300
-8386660.7000
-8386532.8600
-8386330.9100
-8386350.1000
-8385810.4600
-8386527.7400
-8385848.0200
-8386301.5300
-8386386.3300
-8385928.7400
-8386277.7500
-8386027.6000
-8386003.8700
-8386236.0600
-8386239.0100
-8386408.1600
-8386087.6500
-8386110.6000
-8385559.9500
-8386610.2800
-8385953.1000
-8386222.5700
-8385496.5700
-8386308.7400
-8386045.0700
-8385924.8000
-8387565.3700
-8385915.3400
-8386428.4100
-8386323.5400
-8386799.8900
-8386009.4400
-8385900.8200
-8385957.1600
-8386229.7800
-8386507.7400
-8386295.5600
-8386469.5400
-8386350.4000
-8386150.8900
-8386361.1200
-8386197.6400
-8386320.1500
-8386314.5200
-8386160.8900
-8385840.7500
-8386486.4000
-8386505.8200
-8386574.6500
-8385912.1300
-8385899.8200
-8386568.7700
-8386485.5400
-8386761.2700
-8385881.9900
-8386304.7100
-8386321.3000
-8386517.0800
-8386299.0300
-8386094.8700
-8386065.1600
-8386220.4400
-8386244.6300
-8386254.0600
-8386521.3700
-8386162.3300
-8386065.7000
-8386527.6800
-8385890.5300
-8386228.8500
-8386540.1400
-8386609.3600
-8385855.3200
-8386266.3600
-8386312.5500
-8386334.2200
-8386121.7800
-8386705.9900
-8386080.6800
-8386038.7700
-8385563.6600
-8385857.8800
-8386516.9200
-8386013.5600
-8386105.2700
-8386399.2400
-8386352.7000
-8386146.0800
-8386416.3200
-8386416.8800
-8386422.1100
-8386429.9900
-8386099.6500
-8386123.3100
-8385940.7900
-8386477.7200
-8386439.9500
-8386390.0700
-8385718.7000
-8385721.7700
-8385962.5900
-8385662.8400
-8385655.0600
-8385646.9700
-8385646.9300
-8385646.6700
-8385648.6700
-8385655.5300
-8385668.5100
-8385686.4900
-8385715.0100
-8385731.8100
-8385746.5800
-8385830.6000
-8385858.9900
-8385867.5300
-8386427.1100
-8385685.8200
-8385711.7100
-8385726.4400
-8385853.1800
-8385866.6800
-8385916.7200
-8385929.5700
-8386435.9600
-8386437.0400
-8386604.9400
-8386478.6900
-8385967.6600
-8386187.2300
-8386042.0600
-8386028.4700
-8385920.6400
-8385955.4600
-8385991.9400
-8386121.6500
-8386196.3100
-8386261.5000
-8385955.4500
-8385940.5200
-8385894.2200
-8385914.1100
-8385947.2200
-8385889.0700
-8385884.9700
-8385885.0900
-8385884.4400
-8385886.0800
-8385915.2600
-8385921.2300
-8385940.3400
-8385954.0800
-8385965.4200
-8386275.5800
-8386306.4500
-8386080.4500
-8386114.5900
-8386131.6500
-8386145.8600
-8386111.8400
-8386261.6600
-8386320.1500
-8386430.2100
-8386528.4500
-8386145.5500
-8386045.8300
-8386554.9200
-8386535.1400
-8386470.2400
-8386200.5200
-8386183.6600
-8386180.7100
-8386210.4900
-8386271.1700
-8386277.3600
-8385988.5500
-8385949.3900
-8386195.2100
-8386314.6300
-8386251.6000
-8386355.6900
-8386169.2200
-8386277.2000
-8386315.5500
-8386178.6200
-8386129.9100
-8386106.8500
-8386081.1700
-8386061.0300
-8386040.2100
-8386007.3700
-8385970.7600
-8385857.1500
-8386083.1500
-8386061.1700
-8386045.8200
-8386009.6900
-8385990.7200
-8386131.7100
-8385967.7100
-8386148.4400
-8385959.6800
-8385978.1800
-8385852.1200
-8385828.9400
-8385811.8000
-8385784.5700
-8385780.5400
-8385757.5500
-8385734.9700
-8385713.1900
-8385701.4200
-8385697.6800
-8386039.6400
-8386049.7600
-8385592.1300
-8385638.1400
-8386132.7000
-8386589.0300
-8386883.4000
-8386910.3600
-8386030.4700
-8385901.4900
-8386691.2000
-8386034.3200
-8386048.6900
-8386003.8200
-8386691.7600
-8386746.4700
-8387019.4800
-8386567.8800
-8386418.2900
-8386529.2200
-8386626.9600
-8386523.8700
-8386419.6900
-8386221.9700
-8385655.5400
-8386482.8100
-8386428.6300
-8385845.2400
-8386270.6900
-8387528.0000
-8386670.6700
-8385561.1300
-8385749.8600
-8386343.7600
-8386412.9400
-8386113.9500
-8386258.8300
-8385980.5700
-8385996.1500
-8386027.2900
-8386416.1000
-8386530.8000
-8386520.5900
-8386506.3700
-8385976.5000
-8386450.6300
-8386173.2800
-8386158.6800
-8385994.0600
-8386756.9100
-8386311.3200
-8386150.9200
-8386193.8600
-8386835.4300
-8386220.7800
-8385917.7300
-8386017.8700
-8385994.6900
-8386259.4900
-8386209.4900
-8386297.3000
-8386321.5500
-8386321.5500
-8386349.6000
-8386514.1600
-8386056.0900
-8386028.7800
-8386488.5400
-8386499.5900
-8386189.1700
-8386186.5400
-8386165.3700
-8386152.2700
-8386149.7900
-8386137.2500
-8385975.3200
-8386389.4800
-8386384.9700
-8385881.9500
-8385838.7300
-8386498.2000
-8386493.8800
-8386952.7600
-8386398.2300
-8386525.5000
-8385921.9300
-8385405.0600
-8385412.3500
-8385445.7700
-8385476.9600
-8386107.5300
-8386212.2100
-8386337.9300
-8386300.8600
-8386248.4200
-8386226.7500
-8385984.2000
-8385966.7300
-8386163.2900
-8386469.8100
-8386455.4800
-8386415.1400
-8386494.1900
-8386376.5500
-8386349.6700
-8386325.8300
-8385912.6300
-8385915.9500
-8385919.5700
-8385898.4800
-8386456.8600
-8385919.2700
-8385921.1300
-8385923.8900
-8385926.9000
-8386004.1200
-8386041.6600
-8386060.7800
-8386078.5400
-8386119.7300
-8386146.3600
-8386180.9400
-8386211.5700
-8386242.1100
-8386269.7000
-8386277.0600
-8386344.3400
-8386385.6900
-8386551.3100
-8386549.7300
-8386556.8100
-8386588.1900
-8386596.8400
-8386597.1800
-8386636.4600
-8386591.0700
-8386602.1200
-8386609.5400
-8386620.9400
-8386687.5500
-8386648.2100
-8386618.6900
-8386615.2900
-8386552.2500
-8386653.7300
-8386603.6900
-8386620.8800
-8385818.0000
-8385812.3200
-8385267.9500
-8385216.9500
-8385238.6800
-8385256.9600
-8385262.2700
-8385278.7000
-8385305.5700
-8385318.1100
-8385359.3800
-8385373.0500
-8385390.9700
-8385406.2000
-8385431.8700
-8385455.4600
-8385470.9800
-8385479.0400
-8385483.5300
-8385485.6100
-8385495.7600
-8385509.8000
-8385523.8400
-8385527.7100
-8385529.8100
-8385529.8100
-8385531.6000
-8385538.7700
-8385563.2500
-8385573.4000
-8385589.8200
-8385610.1200
-8385620.2800
-8385630.1300
-8385639.0900
-8385653.7200
-8385674.0200
-8386323.0900
-8386245.0700
-8386104.2700
-8386338.9900
-8386330.2800
-8386300.1300
-8386241.9200
-8386325.7700
-8386246.5600
-8386218.3900
-8386256.9100
-8386232.7200
-8386198.1100
-8386168.8200
-8386140.4400
-8386127.8100
-8386261.9800
-8386222.4700
-8386204.5600
-8386250.7100
-8386268.6200
-8386608.1600
-8386004.2900
-8386123.3200
-8386097.3300
-8386218.7200
-8386199.1500
-8386176.3600
-8386160.0300
-8386154.0600
-8386146.0700
-8386232.4200
-8386248.3200
-8386313.5400
-8386350.8300
-8386371.5800
-8385993.5000
-8386099.1300
-8386081.3000
-8386039.2600
-8386034.1800
-8386033.7400
-8386028.0600
-8386004.1800
-8385989.7000
-8385974.3200
-8385974.0300
-8385962.8100
-8385927.9800
-8385903.8600
-8385895.8200
-8385887.7100
-8385891.3200
-8385899.0600
-8385932.2300
-8385937.1500
-8385944.7500
-8385949.5200
-8385953.5500
-8386059.5200
-8386258.6800
-8386204.5900
-8386382.4800
-8386380.1000
-8386366.0500
-8386352.9800
-8386341.0000
-8386327.8900
-8386312.7500
-8386290.2800
-8386266.8400
-8386313.1800
-8386319.6500
-8386294.2700
-8386283.7500
-8386272.9900
-8386263.6100
-8386204.5000
-8386330.7100
-8386336.3500
-8386334.5600
-8386339.9300
-8386246.5500
-8386252.1600
-8386256.6800
-8386271.4100
-8385863.3700
-8385865.5700
-8385883.5600
-8385909.4900
-8385915.4500
-8385947.4900
-8385970.1400
-8385988.4300
-8385992.8300
-8386013.4400
-8386025.1600
-8386029.8100
-8386031.7700
-8386026.5700
-8386002.0900
-8385998.5900
-8385988.0500
-8385994.0300
-8386018.5100
-8386033.7400
-8386012.1100
-8386006.6500
-8385999.8100
-8385988.4000
-8385972.5200
-8385962.0800
-8385899.9800
-8385858.8000
-8385818.7900
-8385810.0900
-8385800.6500
-8385785.1900
-8385773.4500
-8385763.8700
-8385749.4800
-8385697.8300
-8385855.3600
-8385942.3900
-8385882.2300
-8385979.2500
-8385958.6900
-8385914.1500
-8386531.9800
-8386322.3800
-8386311.6100
-8386313.3300
-8386068.8500
-8386073.9100
-8386068.8500
-8386064.9700
-8386068.8500
-8386073.0300
-8386044.5500
-8385571.0600
-8385577.9300
-8385580.6100
-8385584.4000
-8385631.7300
-8385592.5300
-8386571.3700
-8386931.7300
-8386910.7400
-8386895.2800
-8386888.8600
-8386827.1300
-8386815.7900
-8386813.3900
-8386774.2600
-8386737.3100
-8386717.2600
-8386673.5500
-8386531.2600
-8386525.8900
-8387465.9900
-8387430.7400
-8387394.2800
-8387354.1200
-8387340.3200
-8387304.1400
-8387288.2200
-8387248.7000
-8387215.0800
-8387178.6100
-8387142.0600
-8387052.1100
-8387022.3900
-8387008.2500
-8386980.8700
-8386968.1900
-8386922.2000
-8386892.5200
-8386866.7600
-8386854.5200
-8386813.0000
-8386801.6100
-8386784.3900
-8386771.7000
-8386753.0000
-8386703.1200
-8386680.8600
-8386387.4200
-8386071.1200
-8386415.8000
-8386317.0800
-8386034.7800
-8386075.6800
-8386090.0200
-8386081.9500
-8386062.9000
-8385721.7900
-8385718.2100
-8385703.2900
-8385682.0800
-8385645.3600
-8385623.9200
-8385601.5300
-8385557.3400
-8385535.7700
-8385516.4300
-8385485.6800
-8385482.0900
-8385476.0600
-8385461.2100
-8385419.6900
-8385396.9300
-8385353.3400
-8385338.4700
-8385282.3400
-8385237.7900
-8385208.5300
-8385759.0000
-8385685.5600
-8385774.9300
-8385748.5400
-8385642.7200
-8385634.0000
-8385635.9300
-8385633.4100
-8385488.9000
-8385534.0400
-8385834.2200
-8385696.1100
-8386072.3200
-8386037.2300
-8386004.1900
-8385972.7600
-8386044.7000
-8386085.3900
-8386097.2900
-8386108.2000
-8386061.1100
-8386028.9100
-8386227.4100
-8386194.0200
-8386183.3700
-8386368.6000
-8386707.4300
-8385850.5300
-8385832.0200
-8385889.3500
-8385897.1200
-8385927.9000
-8385933.5400
-8386072.3900
-8386097.4700
-8385696.6200
-8385685.7200
-8385655.9400
-8385619.0600
-8386422.6700
-8385804.5800
-8386167.0500
-8386196.7100
-8386347.7000
-8386339.2300
-8386285.1800
-8386224.3500
-8386225.9400
-8386885.2000
-8386917.4400
-8386979.6300
-8386961.0200
-8386868.0600
-8386842.2600
-8386807.4500
-8386774.0600
-8385469.5500
-8385484.4800
-8385494.0300
-8385518.6600
-8385550.3100
-8385559.7200
-8385947.2800
-8386750.2100
-8386743.9000
-8386790.1500
-8386823.4400
-8386712.6200
-8386289.7500
-8386236.6100
-8386424.7100
-8386115.9800
-8386118.3600
-8386118.3600
-8386113.5900
-8387324.6400
-8387313.2900
-8387329.4200
-8387207.2900
-8387187.0000
-8387179.2300
-8387176.2400
-8387027.8400
-8386995.6100
-8386969.3200
-8386947.8300
-8386912.0000
-8386870.1900
-8386975.3000
-8386757.9300
-8386830.7900
-8386636.1100
-8386584.1600
-8386565.0400
-8386548.9200
-8385547.4800
679439.5300
679457.8400
679107.5100
679109.9500
679006.6100
679486.3800
678174.3100
678407.3600
678307.0300
678480.4000
678486.3200
677529.5100
679106.8300
677271.8200
679498.7100
678570.7100
677565.2000
678506.4000
679727.9200
678282.9500
678644.4500
678030.3400
678124.6700
676753.6600
678396.0200
676842.4900
679352.7300
677285.2500
678037.6900
676750.5000
678396.3000
677823.2800
676892.3200
680256.2100
678289.3500
678344.0700
678991.4200
679485.8500
678087.7600
677732.2800
677862.9200
679770.4500
678204.2600
679640.5300
678527.6800
678686.6900
678583.2100
679470.1600
677787.2200
679196.0500
679201.3800
678073.8200
677759.4800
678632.2500
678308.2800
678582.3600
678082.6200
676996.2000
678476.3900
678989.2300
679480.9300
677688.6000
679670.0500
677842.6400
679534.0300
678007.6700
677492.1800
677453.3300
677845.0800
679452.8600
678129.7400
679555.8100
677869.4500
678113.9600
678497.6300
677485.9400
679290.5400
678398.4600
678367.6000
677168.7800
678527.2400
678196.0700
678094.4800
677789.6800
679569.7500
677909.6100
677419.0100
676995.9700
677259.2800
678467.2600
678187.1800
678898.9700
678257.0300
678277.8200
678582.2700
679164.0400
679198.1900
679269.0300
679304.3900
678509.3600
678538.8000
677387.3900
678160.7100
678192.4100
678234.2500
678419.6400
678440.9800
678298.5000
676713.4400
676799.4100
676888.7400
676895.0500
676932.3400
676948.0300
676969.9900
677019.7700
677088.6800
677139.6100
677219.5700
677244.0200
677295.9400
677389.7200
677435.4900
678660.8900
678453.4000
678453.4000
678453.4000
678466.9400
678470.6900
678490.2100
678490.2100
679349.7700
679381.6200
679507.4200
679365.5200
678463.2900
678356.6500
678168.6600
678132.5900
678078.6300
678062.3000
678046.5500
677987.9100
677954.1600
677924.6900
677965.3300
678032.9800
678138.1500
678186.6500
678267.3900
677997.6600
678012.6500
678048.4700
678074.1000
678140.3800
678296.6500
678341.4400
678411.3100
678441.1700
678457.2900
678120.4300
678106.7800
678819.6300
678894.7600
678957.4100
678781.7900
678708.8100
679288.2500
679280.7900
679269.0900
679256.8600
678690.5700
678733.8600
679388.7300
679344.1500
678741.1600
678941.3200
678865.7400
678763.2600
678748.4000
678721.9500
678719.2000
678252.6600
678169.7700
678155.1600
678807.4600
678835.5900
678873.5700
678953.8100
678909.1900
678889.4700
677554.2600
677407.8700
677374.0200
677336.3000
677306.7400
677276.1400
677432.7000
677448.6600
677299.7900
677697.8800
677648.0700
677613.2900
677531.4800
677491.1400
677676.1400
677549.9700
678272.9800
678471.3200
678472.1600
678445.6600
678413.7500
678405.6500
678380.3700
678373.9400
678358.7000
678361.9200
678365.9500
678371.0300
678380.5100
678527.0100
678535.3300
676860.5500
676889.5200
679306.0200
678341.4700
679539.6000
679481.8200
678030.0600
677306.3100
679025.5100
678235.1300
678263.3100
677732.6100
678407.8600
678398.0000
679965.8900
678471.3200
678848.0500
679600.4300
679560.6400
679569.2600
678758.6000
678233.2000
677018.2600
678608.7700
678343.9900
677605.2000
678314.4500
680222.7300
679671.2800
676796.4500
677730.8500
678990.2500
678989.2200
678198.5900
678079.1600
677684.7700
678147.3900
677474.8700
678843.9900
678989.0100
678923.8800
678837.9300
678326.0300
678438.3700
678672.2000
678679.5000
677948.4700
678395.1400
678609.4900
678482.4300
678562.3800
679482.7000
677642.0300
677981.6300
677388.0000
677350.6800
677536.6000
679002.1500
678993.4600
679110.4900
679166.4700
678688.3500
678304.4300
677250.2700
677259.3700
678661.5000
678795.7500
677757.8600
677746.2900
677661.0600
677613.7800
677608.2500
677570.9600
677320.1900
678779.8400
678770.5800
677314.2800
677323.6500
678780.0400
678731.3700
679533.5400
678356.4600
679193.8000
677348.3900
676768.1800
676776.9200
676813.0100
676829.1200
677626.9500
678008.9300
678383.3000
678418.6400
678447.3500
678441.9300
677692.4200
677649.9100
678922.8200
678232.6300
678213.2200
678038.5100
678183.9900
678060.3700
678070.2200
678073.9200
677963.5600
677934.9800
677930.2000
678050.4100
678121.5900
677921.2900
677902.6300
677888.1400
677878.8000
679474.4300
679467.3000
679463.3800
679461.6500
679460.6400
679456.2000
679447.8100
679442.0100
679436.6200
679435.5800
679434.3500
679416.1000
679403.3500
678587.3300
678569.2300
678650.4000
678740.9400
678765.8700
678767.3700
678637.4500
678735.0900
678721.3600
678710.3500
678700.4600
679024.4400
679012.9700
679005.1500
679004.4200
678990.8200
679080.6000
679067.3200
678915.7000
677715.2000
677717.5700
677983.1500
677866.5700
677923.1300
677977.1500
677982.2500
677979.8600
677982.8500
677999.2700
678055.8700
678063.1700
678071.5300
678081.6800
678093.0300
678088.2500
678081.6800
678082.5700
678086.4600
678091.2400
678114.5200
678148.8600
678183.8000
678194.8500
678212.1600
678234.8600
678242.9200
678240.5200
678229.4800
678229.1800
678233.3600
678242.6100
678250.0800
678267.9900
678288.0000
678308.6000
678335.7800
677851.0100
677895.1500
677317.1400
677462.6100
677464.1700
677469.5500
677482.8600
677427.9200
677488.4800
677527.2300
677546.3300
677550.9600
677594.8300
677541.1100
677495.2000
677474.7900
677761.1700
677747.7000
677741.4300
677797.2700
677720.9200
678458.6000
677628.6600
679661.6700
679730.5800
679470.1800
679486.7000
679518.3400
679548.0700
679560.2200
679583.7200
679830.6700
679826.6800
679810.5400
679797.5200
679786.1200
679616.1100
679454.9100
679446.5800
679400.2600
679372.3400
679328.1500
679318.0000
679316.2100
679323.0700
679363.8300
679392.7900
679430.9800
679461.8000
679471.8600
679475.8600
679477.8600
679487.0000
679505.3300
679591.6500
679599.4100
679601.3200
679601.0100
679595.0500
679639.2800
679857.8000
679587.8100
679770.3500
679756.6200
679724.1100
679692.1500
679657.7800
679628.1300
679593.8800
679543.0800
679555.3200
679529.3800
679826.7300
679748.5200
679714.8900
679680.7800
679668.8100
679779.0600
679736.1300
679060.5700
679017.5700
679004.4200
679208.2100
679235.8500
679260.9300
679376.8200
677192.3700
677195.7100
677234.5000
677175.9800
677126.4900
677088.5400
677067.2900
677045.8600
677040.7100
677005.0300
676979.7600
676971.7800
676946.6500
676931.1300
676871.1200
676861.5800
676825.4400
676815.5800
676803.3400
676791.9900
676763.1400
676759.1700
676753.8100
676738.3600
676717.3400
676675.5400
676669.2800
676663.4300
676659.4500
676667.2400
676680.9400
676701.3000
676712.5900
676718.9900
676721.5300
676717.6500
677153.6500
676934.7700
676959.2600
676919.7700
676974.1000
676866.6100
679627.5100
679285.9100
679258.2400
679230.5000
676933.7800
676889.5500
676876.1500
676857.3500
676840.9200
676814.3500
676798.1800
676959.4200
676925.5400
676912.2900
676893.6400
677015.4900
677006.6400
679427.6700
679636.0700
679627.9300
679624.8900
679624.9300
679629.1600
679633.1000
679633.9300
679647.8200
679659.0800
679664.9800
679677.3500
679321.3600
679202.1100
680189.0600
680170.8300
680162.7200
680171.4600
680172.5700
680172.5800
680166.8700
680144.2500
680127.4600
680123.2500
680120.6300
680128.4700
680129.4700
680125.2200
680109.1000
680098.6400
680060.7400
680033.6800
680004.7600
679987.8500
679922.3600
679898.8700
679876.5700
679856.2000
679825.7500
679742.7900
679696.3300
678937.1100
678911.8900
678298.1400
678055.0300
678846.1800
678686.3800
678637.4200
678564.3600
678528.4000
677482.9600
677729.3500
677724.2800
677708.7500
677680.6900
677681.1500
677678.7600
677686.2300
677697.4000
677708.6200
677737.2800
677741.4600
677742.7800
677739.7300
677731.3100
677736.5200
677750.8600
677759.3800
677819.0900
677818.9300
677816.2500
677555.9000
677417.0000
677451.8500
677408.5400
676973.7000
676937.6100
676904.1300
676930.1800
676781.2700
676980.6300
676835.3700
676805.7600
679601.3600
679588.7000
679576.7700
679565.4000
679683.3200
679562.5800
679527.2500
679494.8700
679515.2500
679504.5600
679274.9200
679745.5700
679709.8200
679583.8400
679088.5700
679492.6700
679523.7200
679685.5600
679690.3300
679682.2400
679670.6300
676855.8700
676805.1000
677241.4800
677244.9100
677247.5300
677282.3100
678935.4900
677620.5600
679300.9600
679296.6800
679511.6100
679486.8800
679170.2800
679237.6300
679262.9400
679704.1700
679536.9300
679518.9900
679603.2600
679467.8700
679524.1900
679508.8200
679520.2300
676414.8500
676462.7800
676479.2000
676570.8600
676679.8400
676742.2400
679485.1700
679578.5100
679559.2200
679565.7700
679555.9200
679590.5000
678066.3100
678089.0000
678779.9200
679427.8500
679414.7000
679396.7900
679323.3400
680047.7000
680138.4600
680160.5600
680063.5200
680067.4100
680070.4000
680074.5700
680008.8900
680048.8900
679780.7600
679801.0700
679826.1500
679851.2400
679599.2300
679727.6200
679682.2400
679196.7500
679195.5500
679199.1300
679201.5100
676904.8200
2150.50
2130.50
2151.50
2147.50
2137.50
2133.50
2161.50
2152.50
2163.50
2152.50
2152.50
2148.50
2158.50
2155.50
2139.50
2149.50
2156.50
2150.50
2126.50
2144.50
2146.50
2161.50
2169.50
2183.50
2142.50
2176.50
2160.50
2161.50
2161.50
2175.50
2155.50
2156.50
2163.50
2149.50
2134.50
2162.50
2145.50
2150.50
2147.50
2145.50
2149.50
2124.50
2168.50
2133.50
2154.50
2146.50
2142.50
2145.50
2164.50
2149.50
2149.50
2155.50
2145.50
2155.50
2163.50
2155.50
2139.50
2161.50
2159.50
2156.50
2156.50
2149.50
2133.50
2172.50
2148.50
2169.50
2163.50
2163.50
2171.50
2140.50
2159.50
2148.50
2164.50
2150.50
2159.50
2150.50
2141.50
2158.50
2158.50
2153.50
2150.50
2159.50
2161.50
2164.50
2164.50
2153.50
2168.50
2173.50
2155.50
2159.50
2146.50
2135.50
2170.50
2156.50
2142.50
2146.50
2146.50
2149.50
2147.50
2139.50
2144.50
2156.50
2169.50
2170.50
2159.50
2163.50
2163.50
2144.50
2166.50
2172.50
2170.50
2170.50
2170.50
2170.50
2170.50
2168.50
2165.50
2165.50
2159.50
2155.50
2157.50
2155.50
2155.50
2150.50
2163.50
2163.50
2163.50
2146.50
2146.50
2146.50
2138.50
2147.50
2147.50
2151.50
2147.50
2138.50
2150.50
2150.50
2150.50
2139.50
2147.50
2147.50
2160.50
2160.50
2167.50
2148.50
2147.50
2137.50
2137.50
2146.50
2139.50
2139.50
2139.50
2139.50
2137.50
2134.50
2134.50
2138.50
2138.50
2138.50
2159.50
2161.50
2134.50
2134.50
2137.50
2136.50
2139.50
2141.50
2147.50
2149.50
2152.50
2139.50
2129.50
2152.50
2152.50
2150.50
2137.50
2134.50
2136.50
2142.50
2142.50
2142.50
2146.50
2147.50
2153.50
2144.50
2140.50
2144.50
2137.50
2140.50
2144.50
2174.50
2180.50
2168.50
2172.50
2172.50
2172.50
2156.50
2153.50
2155.50
2159.50
2159.50
2165.50
2156.50
2153.50
2165.50
2156.50
2151.50
2138.50
2138.50
2138.50
2150.50
2150.50
2150.50
2150.50
2141.50
2158.50
2158.50
2163.50
2163.50
2139.50
2139.50
2176.50
2167.50
2135.50
2158.50
2166.50
2145.50
2150.50
2155.50
2162.50
2150.50
2150.50
2154.50
2138.50
2138.50
2154.50
2159.50
2152.50
2146.50
2151.50
2148.50
2151.50
2157.50
2168.50
2151.50
2162.50
2150.50
2154.50
2148.50
2148.50
2176.50
2146.50
2145.50
2150.50
2151.50
2161.50
2154.50
2147.50
2163.50
2152.50
2156.50
2151.50
2151.50
2144.50
2156.50
2139.50
2139.50
2148.50
2138.50
2149.50
2144.50
2142.50
2150.50
2177.50
2138.50
2156.50
2156.50
2184.50
2143.50
2143.50
2147.50
2149.50
2146.50
2163.50
2177.50
2172.50
2153.50
2153.50
2164.50
2164.50
2165.50
2174.50
2174.50
2174.50
2161.50
2144.50
2144.50
2155.50
2155.50
2153.50
2153.50
2158.50
2162.50
2153.50
2155.50
2174.50
2174.50
2165.50
2171.50
2159.50
2161.50
2155.50
2155.50
2151.50
2151.50
2154.50
2154.50
2134.50
2170.50
2170.50
2167.50
2168.50
2169.50
2169.50
2169.50
2138.50
2138.50
2138.50
2139.50
2169.50
2138.50
2142.50
2142.50
2149.50
2133.50
2130.50
2130.50
2130.50
2137.50
2137.50
2137.50
2140.50
2140.50
2140.50
2140.50
2145.50
2145.50
2155.50
2155.50
2153.50
2157.50
2152.50
2152.50
2161.50
2157.50
2157.50
2157.50
2157.50
2162.50
2161.50
2161.50
2161.50
2156.50
2166.50
2166.50
2156.50
2146.50
2146.50
2173.50
2170.50
2173.50
2173.50
2173.50
2173.50
2173.50
2173.50
2173.50
2176.50
2176.50
2176.50
2173.50
2176.50
2170.50
2170.50
2170.50
2168.50
2168.50
2168.50
2163.50
2163.50
2163.50
2163.50
2163.50
2163.50
2167.50
2167.50
2167.50
2167.50
2167.50
2167.50
2167.50
2158.50
2158.50
2172.50
2171.50
2172.50
2184.50
2184.50
2184.50
2193.50
2175.50
2193.50
2193.50
2184.50
2184.50
2174.50
2174.50
2177.50
2177.50
2173.50
2173.50
2164.50
2173.50
2173.50
2152.50
2154.50
2129.50
2126.50
2140.50
2137.50
2137.50
2137.50
2137.50
2129.50
2124.50
2124.50
2134.50
2134.50
2134.50
2124.50
2130.50
2130.50
2130.50
2131.50
2131.50
2131.50
2131.50
2131.50
2131.50
2131.50
2133.50
2133.50
2132.50
2132.50
2132.50
2132.50
2126.50
2124.50
2124.50
2124.50
2124.50
2124.50
2127.50
2124.50
2129.50
2134.50
2140.50
2140.50
2140.50
2133.50
2133.50
2133.50
2135.50
2135.50
2139.50
2134.50
2131.50
2131.50
2131.50
2133.50
2127.50
2140.50
2147.50
2145.50
2145.50
2141.50
2141.50
2141.50
2144.50
2153.50
2153.50
2153.50
2153.50
2157.50
2156.50
2156.50
2163.50
2163.50
2163.50
2176.50
2176.50
2173.50
2173.50
2169.50
2169.50
2169.50
2169.50
2173.50
2173.50
2179.50
2179.50
2179.50
2179.50
2179.50
2178.50
2174.50
2174.50
2170.50
2170.50
2170.50
2166.50
2166.50
2166.50
2166.50
2166.50
2157.50
2164.50
2163.50
2164.50
2163.50
2168.50
2146.50
2147.50
2147.50
2147.50
2173.50
2173.50
2173.50
2173.50
2173.50
2173.50
2173.50
2167.50
2167.50
2167.50
2167.50
2173.50
2173.50
2150.50
2159.50
2159.50
2159.50
2159.50
2166.50
2166.50
2166.50
2166.50
2160.50
2160.50
2149.50
2152.50
2153.50
2144.50
2144.50
2142.50
2142.50
2142.50
2149.50
2149.50
2149.50
2150.50
2150.50
2150.50
2152.50
2160.50
2160.50
2160.50
2160.50
2151.50
2149.50
2149.50
2148.50
2153.50
2153.50
2153.50
2156.50
2151.50
2149.50
2149.50
2145.50
2135.50
2162.50
2169.50
2135.50
2129.50
2135.50
2135.50
2139.50
2148.50
2147.50
2147.50
2144.50
2151.50
2151.50
2151.50
2151.50
2156.50
2156.50
2159.50
2159.50
2159.50
2159.50
2162.50
2162.50
2164.50
2164.50
2167.50
2170.50
2170.50
2146.50
2151.50
2148.50
2157.50
2173.50
2167.50
2167.50
2167.50
2175.50
2173.50
2168.50
2172.50
2127.50
2127.50
2126.50
2126.50
2126.50
2129.50
2129.50
2129.50
2129.50
2129.50
2141.50
2127.50
2127.50
2133.50
2162.50
2126.50
2128.50
2125.50
2125.50
2123.50
2124.50
2173.50
2173.50
2159.50
2159.50
2159.50
2159.50
2150.50
2146.50
2135.50
2136.50
2139.50
2145.50
2138.50
2141.50
2141.50
2169.50
2166.50
2158.50
2160.50
2145.50
2168.50
2168.50
2168.50
2188.50
2188.50
2188.50
2178.50
2176.50
2177.50
2133.50
2164.50
2164.50
2168.50
2168.50
2160.50
2161.50
2161.50
2151.50
2137.50
2137.50
2137.50
2135.50
2142.50
2140.50
2142.50
2150.50
2150.50
2150.50
2150.50
2154.50
2160.50
2167.50
2165.50
2165.50
2165.50
2160.50
2149.50
2158.50
2166.50
2166.50
2153.50
2153.50
2168.50
0.3500
0.0000
0.2000
0.0000
0.0500
0.0500
0.0500
0.3000
0.1000
0.0500
0.2000
0.0000
0.1500
0.0500
0.0500
0.2000
0.1500
0.0500
0.0500
0.0500
0.2500
0.0500
0.2000
0.1000
0.0000
0.1000
0.6000
0.1000
0.0500
0.2000
0.1000
0.1000
0.1500
0.0500
0.2000
0.1000
0.1000
0.1000
0.0500
0.1500
0.1500
0.1000
0.0500
0.0500
0.1000
0.0500
0.1500
0.1000
0.0500
0.0500
0.0000
0.1000
0.3000
0.0000
0.1000
0.0500
0.0500
0.2000
0.1000
0.2000
0.2000
0.0500
0.0500
0.0500
0.1500
0.3500
0.0000
0.0500
0.1000
0.1000
0.0000
0.0500
0.2000
0.0000
0.0000
0.3000
0.0000
0.0000
0.0000
0.1000
0.1000
0.2000
0.1000
0.0500
0.0500
0.2500
0.2000
0.1500
0.0500
0.0500
0.1000
0.0500
0.0000
0.0500
0.0000
0.0500
0.1500
0.0000
0.0500
0.0500
0.0000
0.1000
0.0000
0.0000
0.0000
0.0000
0.1000
0.0000
0.4000
0.0500
0.0500
0.0500
0.0500
0.0500
0.0500
0.1500
0.1000
0.4000
0.1500
0.1000
0.0500
0.0000
0.1500
0.2000
0.1500
0.1000
0.0500
0.1000
0.0000
0.0500
0.0500
0.1000
0.1000
0.1500
0.0000
0.0500
0.1500
0.0500
0.0500
0.1000
0.0000
0.1500
0.2500
0.0500
0.2000
0.0000
0.1000
0.0000
0.2000
0.0500
0.2500
0.3000
0.0500
0.2000
0.3000
0.1500
0.1000
0.1500
0.0500
0.1000
0.0500
0.0500
0.1000
0.1000
0.0000
0.1000
0.1000
0.0500
0.0000
0.0500
0.0500
0.0000
0.1000
0.1500
0.0500
0.0500
0.1000
0.0000
0.1000
0.1000
0.1500
0.1500
0.0500
0.0000
0.2500
0.1500
0.1500
0.1000
0.1000
0.1500
0.0000
0.0000
0.1000
0.0000
0.0500
0.0500
0.0000
0.0500
0.1000
0.0500
0.0500
0.0500
0.0500
0.0500
0.1000
0.0500
0.0500
0.1000
0.0500
0.0500
0.0500
0.0500
0.0500
0.0500
0.0500
0.0500
0.0500
0.0500
0.0000
0.0000
0.1500
0.0500
0.0000
0.0000
0.2500
0.2500
0.0500
0.2000
0.1000
0.0000
0.0500
0.1000
0.1000
0.1000
0.0500
0.1000
0.4500
0.0500
0.0000
0.0500
0.0500
0.0500
0.0000
0.0000
0.0500
0.1500
0.0000
0.2000
0.1500
0.0500
0.1500
0.0500
0.0000
0.0500
0.1500
0.3500
0.0000
0.0000
0.0000
0.1000
0.0500
0.1000
0.2500
0.1500
0.2000
0.2000
0.0500
0.0500
0.1500
0.0500
0.3500
0.0500
0.1000
0.1500
0.0500
0.0500
0.1000
0.1000
0.0500
0.1000
0.1500
0.0500
0.0000
0.0500
0.0500
0.1000
0.1000
0.0500
0.1000
0.0000
0.1500
0.0000
0.0500
0.0000
0.0500
0.0500
0.1500
0.0500
0.0000
0.1500
0.1000
0.0000
0.0000
0.0500
0.0500
0.0500
0.1500
0.0000
0.0000
0.0500
0.1500
0.1000
0.0500
0.0000
0.0000
0.2000
0.0000
0.1000
0.0500
0.0500
0.0000
0.0500
0.0500
0.1000
0.0500
0.0000
0.0000
0.0500
0.0000
0.0500
0.0500
0.0500
0.1000
0.1000
0.1000
0.0000
0.0000
0.0500
0.0000
0.0000
0.0000
0.1500
0.0500
0.0000
0.0000
0.1000
0.0500
0.1000
0.0500
0.0500
0.3000
0.1000
0.0500
0.0500
0.1500
0.0500
0.0500
0.0500
0.0500
0.0000
0.2500
0.1000
0.0500
0.0500
0.0500
0.0500
0.3500
0.1000
0.0500
0.0000
0.0500
0.1000
0.0000
0.0000
0.0500
0.1500
0.4000
0.0500
0.0500
0.0500
0.0500
0.1000
0.0500
0.1000
0.3500
0.3000
0.1000
0.3500
0.3500
0.0500
0.0500
0.0500
0.0500
0.2000
0.0500
0.0500
0.1000
0.3000
0.1500
0.1000
0.1000
0.1500
0.2000
0.0500
0.0500
0.0500
0.0000
0.1000
0.1000
0.1000
0.0000
0.0500
0.0000
0.0000
0.0500
0.0000
0.0500
0.0500
0.1000
0.0000
0.0500
0.0500
0.0500
0.0500
0.0500
0.2000
0.1000
0.0500
0.1500
0.1500
0.0500
0.0500
0.0000
0.0000
0.0000
0.0500
0.0000
0.0000
0.0500
0.4500
0.1000
0.0500
0.0000
0.0500
0.0500
0.1500
0.0500
0.0500
0.0000
0.1000
0.1000
0.1000
0.0500
0.0500
0.0500
0.0000
0.0500
0.0500
0.1000
0.0000
0.0000
0.1000
0.0500
0.0500
0.0500
0.2000
0.2500
0.0500
0.1500
0.0000
0.0000
0.1000
0.1000
0.0000
0.0000
0.0500
0.3500
0.0000
0.0000
0.0000
0.1000
0.1500
0.0000
0.1000
0.1500
0.1000
0.0500
0.0000
0.0500
0.2500
0.0500
0.0000
0.1000
0.0500
0.0500
0.2000
0.1000
0.0000
0.1500
0.0500
0.0500
0.0000
0.0500
0.0500
0.0500
0.0500
0.0500
0.0500
0.1000
0.0000
0.1000
0.0500
0.0500
0.0500
0.1500
0.0000
0.1000
0.1000
0.1000
0.0500
0.1500
0.0500
0.0500
0.1000
0.0500
0.1000
0.2500
0.0500
0.1500
0.1000
0.0500
0.0500
0.4000
0.0500
0.0000
0.1000
0.0000
0.0000
0.0500
0.0500
0.0500
0.0000
0.0000
0.1000
0.0500
0.0500
0.0000
0.2500
0.0500
0.0000
0.0500
0.1000
0.0000
0.0000
0.0500
0.0000
0.0500
0.0500
0.0000
0.1000
0.0000
0.1000
0.0000
0.3500
0.2000
0.0500
0.1000
0.1500
0.1500
0.0500
0.1000
0.0500
0.0000
0.2500
0.3000
0.1500
0.0500
0.2000
0.1000
0.1500
0.1000
0.1000
0.3000
0.5000
0.1000
0.0500
0.3000
0.2000
0.2000
0.1000
0.0500
0.0000
0.0500
0.0000
0.0500
0.0500
0.0500
0.0500
0.0500
0.1500
0.2000
0.2000
0.2500
0.1500
0.0500
0.1000
0.0500
0.0500
0.0500
0.0500
0.6000
0.0500
0.1000
0.0500
0.0500
0.1000
0.0500
0.1500
0.0500
0.1000
0.3000
0.1000
0.1000
0.1000
0.0000
0.0000
0.0500
0.0500
0.0000
0.2500
0.3500
0.3500
0.1500
0.0500
0.0000
0.0500
0.0500
0.0500
0.0000
0.2000
0.0000
0.0500
0.0500
0.1500
0.0500
0.1500
0.2500
0.1000
0.1000
0.0500
0.0000
0.1000
0.1500
0.0500
0.1000
0.1000
0.2000
0.0500
0.1000
0.2500
0.3000
0.0500
0.1000
0.0500
0.0500
0.0500
0.0500
0.0500
0.3000
0.1000
0.1000
0.0000
0.8000
0.0000
0.0000
0.0000
0.9000
0.1000
0.3500
0.5000
0.2000
0.0500
0.0500
0.1500
0.1000
0.0000
0.0500
0.0500
0.0500
0.0500
0.1000
0.0500
0.0500
0.1000
0.0000
0.1500
0.0500
0.0500
0.1500
0.0500
0.1000
0.0500
0.2000
0.1500
0.0500
0.0500
0.0500
0.2000
0.0500
0.1000
0.1500
0.3500
0.3000
0.0500
0.1000
0.0500
2192.47700
2193.66000
2197.06700
2197.05900
2200.38300
2193.59800
2204.94000
2203.18100
2203.37000
2203.15400
2203.06900
2213.44100
2197.06600
2219.74700
2193.77900
2202.66300
2212.95100
2203.00000
2193.63500
2205.57900
2202.02800
2206.19800
2204.37000
2221.87600
2204.01200
2239.88600
2193.11600
2215.96500
2206.35400
2240.21700
2203.67100
2208.95800
2221.30600
2178.59600
2205.29600
2203.57700
2199.46600
2187.88800
2206.33300
2210.91900
2207.73900
2193.52500
2204.37300
2193.56400
2202.69800
2201.87000
2202.64000
2194.10500
2208.63300
2195.14400
2195.00300
2206.35400
2211.00000
2202.04500
2203.40700
2201.87900
2206.33600
2221.22700
2202.91700
2199.07200
2187.96900
2211.42000
2193.55900
2208.12200
2191.03600
2206.19900
2212.76400
2214.12400
2208.04400
2193.75500
2205.63500
2190.83000
2208.00100
2206.36600
2202.82400
2214.52300
2194.19700
2203.15500
2203.19900
2219.98600
2202.76300
2204.94700
2205.57900
2208.96400
2187.72100
2207.92300
2214.63600
2235.37500
2219.80900
2202.82400
2206.04600
2200.81500
2204.19800
2204.23500
2202.66600
2196.27800
2195.81200
2194.91000
2194.64600
2203.15900
2202.93300
2215.67400
2204.37300
2204.37400
2204.38500
2199.37200
2199.49400
2205.57900
2231.00300
2233.22500
2236.01200
2236.21000
2235.23300
2234.82300
2234.23600
2232.93900
2230.09200
2227.76900
2224.55100
2223.42000
2219.63300
2216.79200
2215.75500
2202.32200
2199.58800
2199.58800
2199.68800
2200.58200
2200.68400
2202.05500
2202.44500
2194.32100
2194.10700
2190.96200
2193.84300
2203.70900
2204.11500
2206.13100
2206.23200
2206.35700
2206.45100
2206.56100
2207.11000
2207.15200
2207.19200
2206.89700
2206.54600
2206.21600
2205.95900
2205.58300
2206.55000
2206.47000
2206.30100
2206.18200
2205.89300
2205.22900
2204.83000
2204.19900
2203.92400
2203.76100
2205.60800
2205.61600
2201.03500
2200.81500
2200.47200
2201.25500
2201.46300
2194.39300
2194.55600
2194.91700
2195.00800
2201.59200
2201.46000
2193.14000
2194.12700
2201.41800
2200.38500
2200.89000
2201.43900
2201.47700
2201.60300
2201.62100
2205.63400
2205.95900
2205.63500
2201.07000
2201.08300
2200.14500
2200.42200
2199.98300
2199.95900
2211.67700
2214.53900
2214.77200
2215.29300
2215.47600
2215.60500
2214.51000
2214.53100
2218.92200
2210.56200
2211.13500
2211.75300
2212.83300
2214.02100
2210.81600
2212.75000
2204.97300
2203.40900
2203.65800
2200.45000
2200.11500
2199.98200
2199.72600
2199.67500
2199.46500
2199.28600
2199.15100
2199.07000
2199.12600
2203.36000
2203.31900
2239.40100
2236.48400
2193.88400
2203.24400
2187.73200
2187.72200
2206.74300
2216.88500
2198.72300
2205.64300
2205.49300
2210.41100
2203.17900
2203.17800
2180.17700
2202.93200
2200.31500
2190.42300
2189.67600
2190.70500
2201.20400
2204.97400
2233.35200
2202.07900
2203.57600
2212.73400
2204.25200
2178.59600
2187.73100
2240.46400
2211.03400
2199.23100
2199.06500
2205.63400
2205.72700
2211.13300
2206.14300
2214.24200
2200.33200
2198.79400
2199.45100
2200.42800
2205.57800
2203.10900
2201.74500
2201.74300
2207.21000
2203.17800
2202.29900
2203.20400
2202.66800
2187.80800
2211.06200
2206.73400
2215.29200
2215.50300
2211.66100
2200.27400
2199.78600
2196.74100
2195.69000
2201.86000
2203.40900
2215.54200
2215.61300
2201.78200
2201.04700
2208.92400
2209.00100
2210.81600
2211.21700
2211.24100
2211.69900
2215.76400
2201.11300
2201.17600
2218.18900
2218.68500
2201.22000
2201.42100
2187.72500
2203.70200
2195.81200
2215.99400
2240.07800
2240.07900
2240.08000
2240.08000
2211.09800
2206.62400
2203.68000
2203.51200
2203.22000
2203.21400
2211.01100
2211.66500
2200.42100
2204.37300
2204.37300
2205.66400
2204.37300
2205.66400
2205.66500
2205.66600
2206.83400
2206.99000
2206.98200
2206.54600
2204.37300
2207.09700
2207.24400
2207.36000
2207.45700
2193.62300
2193.63800
2193.64400
2193.65000
2193.67400
2193.78300
2193.84700
2193.87200
2193.87200
2193.87300
2193.90200
2194.10600
2194.10600
2201.87900
2201.87900
2201.72600
2201.56900
2201.49100
2201.48700
2201.65400
2201.57200
2201.58000
2201.58800
2201.59700
2198.72300
2198.72900
2198.74000
2198.74200
2198.78000
2198.72300
2198.74100
2199.43700
2211.09100
2211.08500
2192.25400
2191.99200
2192.10700
2192.22700
2192.24200
2192.27800
2192.34400
2192.39700
2192.65200
2192.71100
2192.78900
2192.86400
2192.98400
2193.09400
2193.17800
2193.21900
2193.25600
2193.29700
2193.49500
2193.83700
2194.24700
2194.37600
2194.57300
2194.83300
2194.93000
2195.02700
2195.37900
2195.51300
2195.74600
2196.08900
2196.29200
2196.63400
2197.01300
2197.50000
2198.15700
2208.08700
2207.73300
2215.36000
2211.64900
2211.64900
2211.65200
2211.66100
2211.64900
2211.66100
2211.66500
2211.66200
2211.66300
2211.28000
2211.80400
2212.23200
2212.43200
2208.61300
2208.80700
2208.90800
2208.61300
2208.61300
2202.91600
2211.84200
2193.63600
2193.63500
2193.70200
2193.67900
2193.66000
2193.64800
2193.64500
2193.64300
2193.52000
2193.52000
2193.51800
2193.51800
2193.51500
2193.63500
2193.65600
2193.65000
2193.63500
2193.62900
2193.62200
2193.61800
2193.61100
2193.60700
2193.59600
2193.59200
2193.58800
2193.58600
2193.57900
2193.57700
2193.57500
2193.57500
2193.57500
2193.57400
2193.57400
2193.57400
2193.57400
2193.57600
2193.63500
2193.52000
2193.64100
2193.51500
2193.51700
2193.52400
2193.53900
2193.55800
2193.57200
2193.61900
2193.70000
2193.69100
2193.73100
2193.51600
2193.52500
2193.53800
2193.55500
2193.56500
2193.52700
2193.52400
2197.91200
2198.68100
2198.94700
2194.80300
2194.72500
2194.59700
2194.07200
2219.99000
2219.99000
2219.95300
2220.06600
2220.35900
2220.66000
2220.86900
2221.07500
2221.09000
2221.19400
2221.27500
2221.30100
2221.30100
2221.32100
2221.40600
2221.42000
2221.60700
2221.66600
2221.81200
2221.92100
2222.53900
2222.64700
2222.79000
2223.10900
2223.55700
2224.34100
2225.47600
2226.24100
2227.02600
2227.25400
2227.58500
2228.12200
2228.46500
2228.71200
2229.03400
2230.19200
2219.98500
2221.25600
2221.25500
2221.25600
2221.22900
2221.30500
2190.41800
2194.53700
2194.62700
2194.76200
2221.43800
2221.55100
2221.58800
2221.64000
2221.68800
2221.77100
2221.87700
2236.19600
2237.07300
2237.47700
2238.04700
2233.86600
2234.71900
2192.46900
2187.72500
2187.72500
2187.72600
2187.72600
2187.73100
2187.73200
2187.73300
2187.72400
2187.70100
2187.67500
2187.62500
2194.35500
2195.69200
2178.59700
2178.60600
2178.62200
2178.64100
2178.64900
2178.69400
2178.71900
2178.79100
2178.85800
2178.92700
2179.02600
2179.32900
2179.45900
2179.52900
2179.68300
2179.77400
2180.20700
2180.59500
2180.98700
2181.20700
2182.13900
2182.51800
2182.99700
2183.41600
2184.10300
2186.06600
2187.17500
2199.51200
2200.81500
2203.71800
2205.75500
2200.81400
2201.45900
2201.45900
2203.31800
2203.27500
2213.42800
2211.00900
2211.00000
2210.99200
2210.98700
2210.98600
2210.98600
2191.54300
2191.54300
2191.54300
2191.54400
2191.54400
2191.54800
2191.55800
2191.59200
2191.61300
2191.65600
2191.67500
2191.77500
2191.84100
2191.88700
2213.42900
2213.42700
2213.42900
2213.42900
2235.65400
2236.51500
2236.65600
2236.54600
2240.21900
2235.37100
2233.18500
2233.20600
2193.63700
2193.63800
2193.63700
2193.63200
2193.63500
2193.64200
2193.64800
2193.65900
2193.64400
2193.63900
2193.87100
2193.53300
2193.53800
2193.72900
2198.71800
2193.57200
2193.57100
2193.56900
2193.56900
2193.56900
2193.56900
2221.55000
2221.77100
2224.54200
2224.54100
2224.54000
2224.53900
2199.50900
2212.72900
2193.92000
2194.00000
2193.77900
2193.77900
2195.69000
2194.72500
2194.59700
2187.71700
2187.72500
2187.72400
2187.72500
2187.68600
2187.80900
2187.88900
2187.97000
2255.15700
2254.46400
2253.41100
2248.17300
2242.03300
2241.18800
2193.59300
2187.73600
2187.73600
2187.79200
2187.79200
2187.72100
2205.71600
2205.69300
2201.16600
2193.65100
2193.64700
2193.64300
2193.63300
2178.64500
2178.64700
2178.64800
2178.91900
2178.91900
2178.92000
2178.92000
2179.76300
2179.76600
2182.50400
2182.50400
2182.50500
2182.50600
2187.72400
2187.70000
2187.73100
2195.65300
2195.66100
2195.67000
2195.67800
2235.37000
943
-8385428.040
675934.4300
2262.0000
2262.0000
945
946
947
948
951
952
953
954
955
956
957
958
959
961
963
967
968
969
970
971
972
973
974
975
976
977
978
979
980
981
982
984
985
986
987
988
989
990
991
992
995
997
998
999
1000
1001
1002
1003
1004
1006
1007
1008
1009
1010
1011
1012
1013
1014
1015
1016
1017
1022
1023
1024
1025
1026
1027
1028
1029
1030
1031
1032
1033
1034
1035
1036
1037
1039
1040
1041
1042
1043
1045
1046
1047
1048
1049
1050
1051
1052
1053
1054
1055
1058
1062
1070
1071
1072
1073
1079
1080
1081
1082
1083
1084
1085
1086
1087
1088
1091
1094
1095
1096
1097
1098
1101
1104
1107
1108
1109
1110
1111
1112
1113
1114
1115
1116
1117
1118
1119
1120
1121
1122
1123
1124
1125
1126
1127
1128
1129
1130
1131
1134
1135
1136
1137
1138
1139
1140
1143
1144
1145
1146
1147
1148
1149
1150
1153
1154
1157
1158
1159
1160
1161
1162
1163
1164
1165
1166
1167
1168
1169
1170
1171
1172
1173
1174
1177
1178
1179
1180
1181
1182
1183
1184
1185
1186
1187
1188
1189
1190
1191
1192
1193
1194
1195
1196
1197
1198
1199
1200
1201
1202
1203
1204
1206
1207
1208
1209
1210
1211
1212
1213
1214
1215
1216
1223
1224
1225
1226
1227
1230
1231
1232
1233
1234
1235
1249
1253
1254
1255
1256
1257
1258
1259
1260
1263
1264
1265
1266
1267
1268
1269
1270
1271
1272
1273
1276
1277
1278
1279
1280
1281
1283
1284
1285
1286
1287
1288
1289
1290
1292
1293
1294
1295
1296
1297
1298
1299
1302
1304
1305
1306
1307
1308
1309
1310
1311
1312
1314
1317
1318
1319
1320
1321
1322
1323
1324
1325
1326
1327
1328
1329
1330
1331
1332
1333
1335
1337
1338
1339
1340
1343
1344
1345
1346
1347
1348
1349
1350
1351
1352
1353
1362
1363
1364
1365
1366
1367
1368
1369
1370
1371
1372
1373
1374
1375
1376
1377
1378
1379
1380
1383
1384
1395
1398
1404
1405
1406
1407
1408
1409
1412
1413
1414
1415
1420
1421
1422
1425
1426
1427
1428
1429
1430
1431
1432
1433
1434
1435
1436
1437
1438
1439
1440
1442
1443
1444
1445
1447
1448
1449
1450
1451
1452
1453
1458
1459
1461
1462
1468
1469
1473
1476
1477
1478
1482
1483
1484
1485
1486
1487
1488
1489
1490
1491
1492
1493
1494
1495
1496
1497
1498
1499
1500
1501
1502
1503
1511
1512
1513
1514
1517
1526
1527
1529
1538
1539
1543
1544
1545
1546
1547
1548
1549
1550
1551
1552
1553
1554
1555
1556
1557
1558
1559
1560
1561
1562
1563
1564
1565
1566
1567
1568
1571
1572
1573
1582
1583
1591
1592
1593
1596
1599
1600
1601
1604
1605
1606
1607
1608
1609
1614
1615
1616
1617
1618
1619
1621
1622
1623
1624
1625
1626
1627
1628
1629
1630
1631
1632
1633
1634
1635
1636
1637
1638
1639
1641
1642
1643
1644
1655
1656
1657
1658
1659
1660
1664
1667
1670
1671
1677
1678
1695
1696
1697
1698
1699
1700
1703
1708
1709
1710
1711
1712
1713
1714
1715
1716
1717
1718
1719
1720
1721
1722
1723
1724
1728
1729
1737
1740
1747
1748
1749
1750
1751
1752
1753
1754
1755
1756
1758
1759
1760
1763
1764
1765
1768
1769
1770
1771
1772
1773
1774
1775
1776
1777
1778
1779
1780
1781
1784
1785
1788
1789
1792
1793
1794
1797
1798
1799
1800
1801
1802
1803
1804
1805
1806
1807
1808
1809
1810
1811
1812
1813
1814
1815
1816
1817
1818
1819
1820
1821
1822
1823
1824
1825
1826
1827
1828
1829
1830
1831
1832
1834
1835
1847
1848
1850
1852
1853
1854
1858
1859
1860
1861
1864
1865
1866
1869
1870
1871
1877
1880
1881
1882
1883
1884
1885
1886
1887
1888
1889
1890
1891
1893
1894
1895
1896
1897
1898
1899
1900
1901
1902
1903
1904
1905
1906
1907
1908
1909
1910
1911
1912
1913
1914
1915
1916
1917
1918
1919
1925
1926
1929
1930
1931
1932
1933
1945
1948
1949
1954
1955
1956
1959
1960
1961
1962
1963
1964
1965
1966
1967
1968
1969
1970
1971
1972
1973
1974
1975
1976
1977
1978
1979
1985
1986
1988
1989
1990
1991
1992
1993
1994
1995
1996
1997
1998
1999
2000
2001
2002
2004
2005
2014
2015
2016
2017
2018
2019
2020
2021
2022
2023
2024
2025
2026
2029
2030
2031
2032
2033
2034
2042
2045
2046
2047
2048
2049
2050
2051
2052
2053
2054
2055
2056
2057
2058
2059
2060
2061
2062
2063
10000
10001
10002
10003
10004
10005
10006
10007
10008
10009
10010
10011
10012
10013
10014
10015
10016
10017
10018
10019
10020
10021
10022
10023
10024
10025
10026
10027
10028
10029
10030
10031
10032
10033
10034
10035
10036
10037
10038
10039
10040
10041
10042
10043
10044
10045
10046
10047
10048
10049
10050
10051
10052
10053
10054
10055
10056
10057
10058
10059
10060
10061
10062
10063
10064
10065
10066
10067
10068
10069
10070
10071
10072
10073
10074
10075
10076
10077
10078
10079
10080
10081
10082
10083
10084
10085
10086
10087
10088
10089
10090
10091
10092
10093
10094
10095
10096
10097
10098
10099
10100
10101
10102
10103
10104
10105
10106
10107
10108
10109
10110
10111
10112
10113
10114
10115
10116
10117
10118
10119
10120
10121
10122
10123
10124
10125
10126
10127
10128
10129
10130
10131
10132
10133
10134
10135
10136
10137
10138
10139
3
453
35
95
366
68
290
24
20
365
91
339
322
198
608
326
90
903
343
542
73
306
307
68
283
284
306
15
357
74
83
338
339
140
70
291
422
324
18
13
408
341
56
24
32
34
295
386
925
347
342
324
343
95
173
50
84
14
299
382
943
297
50
319
715
219
22
314
280
319
531
683
229
53
163
87
83
550
82
35
75
76
95
82
52
326
272
360
59
464
147
103
104
105
3
334
120
121
122
130
131
132
133
134
135
136
137
138
139
142
361
145
146
148
149
152
155
111
159
73
1
27
164
165
165
64
167
168
169
280
170
171
166
43
169
333
174
168
175
175
176
38
179
180
181
182
183
38
184
187
188
189
190
91
92
191
192
195
197
109
201
67
289
87
321
203
197
29
25
160
162
18
147
207
166
338
208
211
212
342
51
213
214
215
177
308
217
80
308
283
363
218
219
209
220
316
195
221
208
222
223
359
207
294
212
225
226
227
228
229
230
176
216
96
231
232
238
239
240
241
242
353
244
245
246
295
129
261
265
266
267
248
163
249
271
28
883
364
322
345
31
311
100
232
120
367
238
324
196
106
73
14
503
34
300
220
318
332
225
61
599
226
325
19
735
41
285
309
82
819
12
13
23
44
45
286
287
27
277
320
241
268
22
129
196
96
513
4
5
85
84
62
340
358
359
344
362
355
315
316
55
350
353
354
334
335
313
281
349
273
274
211
368
377
310
239
378
32
298
39
365
380
381
382
383
35
285
384
310
385
19
387
48
391
412
403
121
391
388
379
384
385
413
414
415
432
419
420
421
424
425
426
427
428
429
430
431
63
433
432
434
435
436
438
434
435
440
441
442
437
282
444
445
446
447
448
454
455
455
59
465
459
469
472
473
474
478
479
480
481
482
483
484
485
486
487
488
489
490
491
492
493
494
495
496
497
498
499
507
507
508
509
512
529
530
337
532
75
535
536
537
538
535
529
227
228
540
356
240
541
244
542
79
544
545
546
547
548
549
553
554
592
2
557
560
561
562
571
572
579
580
581
584
587
588
589
555
595
596
597
598
599
604
593
551
594
605
604
553
609
610
611
612
613
46
609
614
616
617
618
606
17
57
619
620
621
198
622
89
623
16
634
635
636
637
638
639
643
646
649
650
656
657
674
675
676
677
678
679
682
688
687
628
647
65
690
691
36
687
690
230
357
81
293
291
430
693
696
697
704
707
714
97
716
717
718
137
296
719
720
303
723
724
725
728
729
730
733
734
292
161
721
205
206
736
202
737
366
15
23
213
302
738
741
742
745
746
747
750
751
752
753
754
755
756
757
758
759
760
761
762
763
764
765
766
767
218
768
307
217
58
170
298
771
103
123
8
92
398
772
74
172
505
771
193
102
784
112
814
305
786
787
791
792
794
795
798
799
800
803
804
805
811
785
14
816
816
818
820
274
820
821
819
818
28
33
823
304
824
825
826
827
828
829
21
831
592
827
832
833
834
828
835
830
419
836
547
833
835
594
549
546
427
598
841
71
611
605
12
854
857
858
26
863
864
175
231
312
868
869
425
870
426
871
554
600
49
841
872
873
874
696
697
86
875
876
279
882
884
885
278
327
886
42
887
69
888
721
889
890
891
892
893
731
870
275
888
905
906
905
903
94
907
908
309
909
294
910
912
913
914
915
924
926
923
288
929
930
931
932
933
934
935
936
937
772
908
541
938
939
940
941
882
824
927
510
725
470
462
460
812
443
422
417
7
403
409
610
396
394
865
351
356
363
861
255
332
350
235
520
859
209
199
193
185
179
153
150
143
140
855
333
126
124
109
107
9
850
577
204
769
711
708
700
640
199
624
671
665
662
653
640
631
628
573
567
72
525
921
521
512
514
500
475
466
456
449
404
399
389
373
369
88
321
37
11
269
262
257
545
251
153
143
156
116
112
503
894
806
801
782
779
428
916
900
877
852
581
844
558
808
796
788
748
743
739
731
726
723
705
2
680
669
660
658
651
647
644
626
98
4
606
602
600
143
590
585
582
577
565
563
558
551
77
4
447
45
35
107
290
313
309
12
104
104
222
173
199
553
90
20
904
11
592
161
307
68
314
284
27
223
3
31
24
58
339
41
863
44
292
2
18
50
18
174
56
57
32
58
381
217
221
926
61
324
90
62
322
333
84
67
299
70
20
889
50
319
298
716
212
215
315
83
87
532
89
335
430
27
88
166
551
93
93
76
96
82
77
326
23
784
361
455
465
61
104
300
52
106
120
145
122
123
131
132
133
134
135
136
137
138
139
140
143
145
146
85
149
150
153
156
159
160
1
162
164
300
100
166
167
168
169
280
170
171
172
43
169
173
174
168
311
64
176
177
177
180
181
182
183
38
184
185
188
189
163
91
8
191
190
193
5
196
201
202
289
87
62
203
197
204
205
122
162
206
147
207
349
311
208
209
212
213
51
147
214
342
216
215
217
80
190
283
215
207
219
209
193
313
290
221
208
222
223
220
218
294
359
320
356
227
228
229
230
345
216
311
231
232
85
239
240
241
242
232
244
238
19
295
91
177
262
266
267
268
163
249
271
272
273
364
882
280
31
281
100
283
120
367
281
93
23
192
107
81
814
72
300
295
768
129
529
530
297
71
76
326
299
303
306
238
190
171
716
13
319
320
45
322
287
323
325
88
321
245
269
284
22
211
334
509
340
338
14
99
298
341
359
342
345
363
356
316
349
350
351
354
355
335
357
358
360
362
274
133
203
369
28
239
378
355
379
39
365
380
34
382
383
325
285
384
310
385
19
85
388
387
388
413
404
391
48
122
171
44
70
414
415
45
297
420
421
422
425
426
427
428
429
430
431
160
432
432
434
435
436
437
434
347
440
441
442
443
362
444
445
446
447
448
314
315
456
70
44
459
466
470
473
474
475
479
480
481
482
483
484
485
486
487
488
489
490
491
492
493
494
495
496
497
498
499
500
228
344
509
510
514
225
531
521
75
241
536
537
351
535
539
354
96
334
67
240
541
385
378
543
544
545
546
547
548
549
542
554
555
556
557
558
561
562
563
572
573
580
581
582
585
588
589
590
595
596
597
598
599
600
79
551
46
605
604
606
609
610
611
612
594
46
609
614
597
617
618
306
17
429
619
620
621
198
622
429
623
624
98
635
636
637
638
639
640
644
647
650
651
657
658
675
676
677
678
679
680
130
687
689
624
36
690
643
36
687
690
636
357
367
293
291
692
693
199
697
57
705
708
653
715
717
718
273
296
719
720
97
292
724
725
726
729
730
731
734
735
161
721
205
206
736
202
737
366
15
314
213
218
738
739
742
743
746
747
748
751
752
753
754
755
756
757
758
759
760
761
762
763
764
765
766
767
735
220
307
3
58
170
95
771
103
123
8
92
398
772
74
172
505
77
343
102
769
112
325
785
786
787
788
792
793
795
796
799
800
801
804
805
806
812
815
816
817
785
715
718
820
821
819
818
296
304
823
377
823
97
826
131
828
829
830
831
592
827
832
833
834
422
835
421
417
836
829
833
835
836
548
832
834
840
610
842
611
842
544
381
855
858
589
714
864
865
43
312
242
768
299
870
871
871
86
614
49
71
613
873
17
341
621
620
198
620
621
882
278
364
278
886
886
887
887
888
888
292
1
890
891
892
893
894
903
275
424
905
730
905
903
907
907
733
309
909
80
910
358
913
914
915
562
925
927
743
757
930
756
932
933
934
762
884
733
729
908
191
245
939
940
941
737
723
942
750
512
278
472
464
462
460
438
424
419
417
412
121
841
398
396
867
353
75
347
711
257
353
93
360
225
704
196
109
195
187
333
155
152
361
142
857
399
149
126
111
109
286
852
900
779
776
714
711
704
700
696
626
674
669
665
656
643
634
631
577
571
535
520
923
525
520
337
268
478
469
305
444
173
403
394
377
373
9
52
302
277
124
265
261
422
255
251
235
248
105
116
505
304
808
803
272
781
79
921
7
726
854
850
282
421
811
798
791
750
745
741
733
728
884
707
912
682
671
662
660
653
649
646
628
626
616
843
604
602
16
7
587
584
579
567
565
560
553
55
76.20
76.20
76.20
152.40
76.20
76.20
76.20
76.20
76.20
76.20
76.20
76.20
76.20
76.20
76.20
76.20
76.20
76.20
76.20
76.20
76.20
76.20
76.20
76.20
76.20
76.20
76.20
76.20
76.20
76.20
76.20
76.20
76.20
76.20
76.20
76.20
76.20
76.20
76.20
152.40
76.20
76.20
76.20
76.20
76.20
152.40
152.40
76.20
76.20
76.20
76.20
76.20
76.20
76.20
76.20
76.20
76.20
76.20
76.20
76.20
203.20
76.20
76.20
76.20
152.40
76.20
76.20
101.60
76.20
76.20
76.20
76.20
76.20
76.20
76.20
76.20
76.20
76.20
76.20
76.20
76.20
76.20
76.20
76.20
76.20
76.20
76.20
76.20
76.20
76.20
76.20
76.20
76.20
76.20
76.20
76.20
76.20
76.20
76.20
76.20
76.20
76.20
76.20
76.20
76.20
76.20
152.40
152.40
152.40
152.40
152.40
152.40
152.40
76.20
76.20
76.20
76.20
76.20
76.20
76.20
76.20
76.20
76.20
76.20
76.20
76.20
76.20
76.20
76.20
76.20
76.20
76.20
76.20
76.20
76.20
76.20
76.20
76.20
76.20
76.20
76.20
76.20
101.60
101.60
101.60
101.60
101.60
101.60
101.60
101.60
101.60
101.60
76.20
76.20
76.20
76.20
76.20
76.20
76.20
76.20
76.20
76.20
76.20
76.20
76.20
76.20
76.20
76.20
76.20
76.20
76.20
152.40
101.60
101.60
76.20
76.20
76.20
76.20
76.20
76.20
76.20
76.20
76.20
76.20
76.20
76.20
76.20
76.20
76.20
76.20
76.20
76.20
76.20
76.20
76.20
76.20
76.20
76.20
76.20
76.20
76.20
76.20
76.20
76.20
76.20
76.20
76.20
76.20
76.20
76.20
76.20
76.20
76.20
76.20
76.20
76.20
76.20
76.20
76.20
76.20
76.20
76.20
76.20
76.20
76.20
76.20
76.20
76.20
76.20
76.20
76.20
76.20
76.20
76.20
76.20
203.20
76.20
76.20
76.20
76.20
76.20
76.20
76.20
76.20
76.20
76.20
76.20
76.20
76.20
76.20
76.20
76.20
76.20
152.40
152.40
76.20
76.20
76.20
76.20
76.20
76.20
76.20
76.20
76.20
76.20
76.20
76.20
76.20
76.20
76.20
152.40
76.20
76.20
76.20
76.20
76.20
76.20
76.20
76.20
76.20
76.20
76.20
76.20
76.20
76.20
76.20
76.20
76.20
76.20
76.20
76.20
76.20
76.20
76.20
76.20
76.20
76.20
76.20
101.60
101.60
76.20
76.20
76.20
76.20
76.20
76.20
76.20
76.20
76.20
76.20
101.60
76.20
76.20
76.20
76.20
76.20
76.20
76.20
76.20
76.20
76.20
76.20
76.20
76.20
76.20
152.40
152.40
152.40
152.40
152.40
152.40
76.20
76.20
76.20
101.60
76.20
76.20
76.20
76.20
76.20
76.20
76.20
101.60
101.60
101.60
76.20
76.20
76.20
76.20
76.20
76.20
76.20
76.20
76.20
76.20
76.20
76.20
76.20
76.20
76.20
76.20
76.20
76.20
76.20
76.20
76.20
76.20
76.20
76.20
76.20
76.20
76.20
76.20
76.20
76.20
76.20
76.20
76.20
76.20
76.20
76.20
76.20
76.20
76.20
76.20
76.20
76.20
76.20
76.20
76.20
76.20
76.20
76.20
76.20
76.20
76.20
76.20
76.20
76.20
76.20
76.20
76.20
76.20
76.20
76.20
76.20
76.20
76.20
76.20
76.20
76.20
76.20
76.20
76.20
76.20
76.20
76.20
76.20
76.20
76.20
76.20
76.20
76.20
76.20
76.20
76.20
76.20
76.20
76.20
76.20
76.20
76.20
76.20
76.20
76.20
76.20
76.20
76.20
76.20
76.20
76.20
76.20
76.20
76.20
76.20
76.20
76.20
76.20
76.20
76.20
76.20
76.20
76.20
76.20
76.20
76.20
76.20
76.20
76.20
76.20
76.20
76.20
76.20
76.20
76.20
76.20
76.20
76.20
76.20
76.20
76.20
76.20
76.20
76.20
76.20
76.20
76.20
76.20
76.20
76.20
76.20
76.20
76.20
76.20
76.20
76.20
76.20
76.20
76.20
76.20
76.20
76.20
76.20
76.20
76.20
76.20
76.20
76.20
76.20
76.20
76.20
76.20
76.20
76.20
76.20
76.20
76.20
76.20
76.20
76.20
76.20
76.20
76.20
76.20
76.20
76.20
76.20
76.20
76.20
76.20
76.20
76.20
76.20
76.20
76.20
76.20
76.20
76.20
76.20
76.20
76.20
76.20
152.40
152.40
152.40
152.40
152.40
152.40
152.40
152.40
76.20
76.20
76.20
76.20
76.20
76.20
76.20
76.20
76.20
76.20
76.20
76.20
76.20
101.60
101.60
101.60
101.60
101.60
101.60
76.20
76.20
76.20
76.20
76.20
76.20
76.20
76.20
76.20
76.20
76.20
76.20
76.20
76.20
76.20
76.20
76.20
76.20
76.20
76.20
76.20
76.20
76.20
76.20
76.20
76.20
76.20
76.20
76.20
76.20
152.40
152.40
152.40
76.20
76.20
76.20
76.20
76.20
76.20
76.20
76.20
76.20
76.20
76.20
76.20
76.20
76.20
76.20
76.20
76.20
76.20
76.20
76.20
76.20
76.20
76.20
76.20
76.20
76.20
76.20
76.20
76.20
76.20
76.20
76.20
76.20
76.20
76.20
76.20
76.20
76.20
76.20
76.20
76.20
76.20
203.20
76.20
76.20
76.20
76.20
76.20
76.20
76.20
76.20
76.20
76.20
76.20
76.20
76.20
76.20
76.20
76.20
76.20
76.20
76.20
76.20
76.20
76.20
76.20
76.20
76.20
76.20
76.20
76.20
76.20
76.20
76.20
76.20
76.20
152.40
76.20
76.20
76.20
76.20
76.20
76.20
76.20
76.20
76.20
76.20
76.20
76.20
76.20
76.20
76.20
76.20
76.20
76.20
76.20
76.20
76.20
76.20
76.20
76.20
76.20
76.20
76.20
76.20
76.20
76.20
76.20
76.20
76.20
76.20
76.20
76.20
76.20
76.20
76.20
203.20
152.40
152.40
152.40
203.20
76.20
76.20
76.20
76.20
76.20
76.20
76.20
76.20
76.20
76.20
76.20
76.20
76.20
76.20
76.20
76.20
76.20
76.20
76.20
76.20
76.20
76.20
76.20
76.20
76.20
76.20
76.20
76.20
76.20
76.20
76.20
76.20
76.20
76.20
76.20
76.20
76.20
76.20
76.20
76.20
76.20
76.20
76.20
76.20
76.20
76.20
76.20
76.20
76.20
76.20
76.20
76.20
101.60
76.20
76.20
76.20
76.20
76.20
76.20
76.20
76.20
76.20
76.20
76.20
76.20
76.20
76.20
76.20
76.20
76.20
76.20
101.60
101.60
76.20
76.20
152.40
152.40
76.20
101.60
76.20
76.20
76.20
76.20
76.20
76.20
76.20
76.20
76.20
76.20
76.20
76.20
76.20
76.20
76.20
76.20
76.20
76.20
76.20
76.20
76.20
76.20
76.20
76.20
76.20
76.20
76.20
76.20
76.20
76.20
76.20
76.20
76.20
76.20
76.20
76.20
101.60
76.20
76.20
76.20
76.20
76.20
76.20
76.20
76.20
76.20
76.20
76.20
76.20
76.20
76.20
76.20
76.20
76.20
76.20
203.20
76.20
76.20
76.20
76.20
76.20
76.20
76.20
76.20
76.20
76.20
76.20
76.20
76.20
76.20
76.20
76.20
76.20
76.20
76.20
76.20
76.20
76.20
76.20
76.20
76.20
76.20
76.20
76.20
76.20
76.20
76.20
76.20
76.20
76.20
76.20
76.20
76.20
76.20
76.20
76.20
76.20
76.20
76.20
76.20
76.20
76.20
75.7100
64.1500
96.6900
93.4400
108.9400
156.4300
4.6200
52.6900
59.2100
91.0600
91.1300
86.6900
42.1400
59.2700
17.3000
80.9700
23.7400
20.3000
18.8800
67.6400
91.8500
69.3600
72.8500
45.2600
31.6400
146.6600
104.6600
114.1900
41.4100
64.6600
103.4300
88.2400
26.3900
41.4500
47.7400
105.6500
12.5700
84.4400
93.8100
91.8900
46.2000
29.6100
7.7500
18.0100
71.7300
23.6900
82.6000
31.6900
8.3300
29.4000
87.7200
93.7400
9.1800
95.0700
42.2900
65.6400
46.2500
83.3200
91.1400
65.9400
482.7800
82.2200
91.3200
97.1000
34.5600
96.4100
34.0000
66.1200
91.0000
98.0300
24.0000
15.6600
81.1700
56.6000
158.0300
75.7900
41.6300
16.3900
89.4900
84.1300
48.9100
43.5900
91.6600
63.4000
47.7500
92.3700
14.8600
44.2300
49.7900
7.3700
66.0400
52.8600
89.8400
4.9000
56.8100
77.0900
81.8400
49.3200
66.0300
86.5300
89.7100
6.3100
37.2900
15.8200
23.0000
51.4900
71.2800
58.3700
81.9300
98.7900
69.1100
46.5500
55.6700
25.8900
14.7300
14.0100
15.1300
45.7800
31.8700
98.0500
75.0900
86.5200
93.6100
34.2300
38.5500
9.3900
39.2800
39.7300
42.0200
100.9500
81.9400
71.8800
48.8000
44.7700
89.0500
56.9000
32.9100
94.3200
58.3900
52.4200
87.7200
40.5300
15.5400
35.8200
25.6300
66.3400
151.8500
7.3000
45.1900
32.8700
19.7100
6.4000
84.1800
57.4900
30.3700
33.8100
82.5200
50.8700
80.5800
8.1000
99.0400
5.1500
77.9700
96.6200
17.1800
38.3200
71.3100
66.5200
74.8400
44.6600
60.5700
98.9800
91.1200
62.0500
35.6800
61.7800
77.4900
33.8100
66.2000
1.8500
81.0300
6.7700
78.6500
91.6800
43.8800
92.1500
64.3900
23.4400
87.6300
49.1700
25.7600
69.1400
74.5700
74.9200
67.7400
88.6600
37.7400
33.6900
83.2000
43.3100
43.1700
79.4200
53.4800
37.3900
84.8600
44.6100
42.6800
45.8000
35.7700
37.0100
20.2900
40.3700
51.8300
36.3000
40.0400
88.5300
54.4500
38.4800
89.8800
44.6800
46.9300
36.8900
53.5400
41.8500
83.8100
97.9200
34.7600
7.5800
28.4500
22.1400
13.7700
11.3200
13.7600
82.3900
13.1000
36.9000
30.5600
36.3700
89.3600
80.7400
56.0600
43.4400
52.4000
68.2800
43.3300
46.7800
99.7200
83.0400
75.5900
34.1500
22.1900
57.8700
8.5500
90.2600
94.7900
71.0400
30.8400
52.4400
16.4000
24.0800
38.3100
80.9200
90.7700
92.7800
6.8000
20.2600
86.7500
44.5900
91.3500
57.3600
20.0800
111.4500
69.0000
142.3200
93.1800
55.6000
10.8300
95.3800
33.1000
16.3200
45.8700
10.1900
49.3000
44.1100
39.4700
39.2700
37.6200
16.6600
65.3400
91.1700
32.2100
85.0500
56.0200
10.3000
89.5400
29.2100
48.8700
39.3400
87.1100
42.7700
30.5500
11.8700
49.8900
6.0600
43.9400
36.4600
69.9100
21.1000
15.7700
55.1100
10.8000
80.8000
11.3800
84.2100
88.7000
50.9500
48.5900
30.5700
0.2400
32.6200
66.3800
31.9500
59.9200
22.3300
86.2500
99.6300
44.7200
8.4600
37.5100
92.8600
88.2000
24.1300
47.4000
48.5400
19.1800
5.9900
28.5300
24.3800
25.9700
57.0500
92.8600
93.3000
14.7500
12.0500
34.1700
71.8800
19.5100
17.8500
41.7900
35.5800
31.3200
31.0100
27.6200
7.4600
69.8900
43.2700
55.8000
23.8700
18.1700
63.3400
95.9000
26.8600
1.5400
81.0900
69.1600
6.5200
17.6300
13.2700
15.1000
99.8000
3.8000
40.9900
30.5400
3.4700
64.6800
21.5300
100.7400
6.1500
69.3600
65.9400
5.7500
11.2500
20.6600
15.7800
19.7800
18.3000
24.2500
17.9000
8.1100
5.9300
5.5800
25.4000
37.0900
37.9800
11.7100
17.4400
22.6900
8.2600
7.5600
27.1500
10.1600
16.9400
22.3200
12.6000
20.4400
21.9200
26.8200
33.9300
30.0100
82.5700
8.8400
30.6300
7.2900
45.0100
54.0600
10.0700
39.7900
94.0700
41.7400
21.0000
18.6700
37.8200
40.7900
49.6000
81.6100
83.2800
43.7800
101.1700
45.6200
43.1500
55.1400
73.7000
31.1700
25.7900
38.9900
33.9200
13.5300
26.0800
81.2100
39.5000
23.6800
70.0400
10.9400
19.6700
28.4000
44.1900
11.6300
28.9600
39.8500
8.9800
8.3600
9.8300
92.5000
7.8400
4.7900
7.2000
19.1600
15.1800
35.4200
34.5200
37.0600
32.4300
101.2400
32.8000
59.2000
70.4800
26.4500
26.9800
65.0200
35.2400
35.7700
15.3300
100.3000
26.8700
68.4700
39.5200
37.3300
43.0800
14.2000
14.6800
32.8000
68.8600
68.7800
28.2000
25.4800
27.7800
89.1500
57.9500
24.9300
3.9900
15.9500
31.0600
29.0300
6.7700
41.2200
30.7300
9.2400
16.3600
10.1600
11.5300
27.6600
6.7500
8.7000
11.6800
16.6400
25.8700
16.2900
11.5300
14.6100
35.2400
64.9600
39.7900
48.1500
80.1700
62.9100
78.7000
28.2700
45.9600
42.5800
77.6900
79.2000
60.6800
13.6900
31.6900
27.2200
132.0400
5.5900
27.7900
29.2100
14.3300
16.8700
12.4600
37.7700
13.5200
19.0300
35.1600
13.0600
24.4900
40.1800
30.7800
118.9900
22.5200
15.7500
6.4200
12.0100
2.5400
41.5200
20.9000
46.7400
57.6000
86.5400
42.3100
48.7700
23.1200
64.5600
54.8200
8.3200
87.1500
117.8700
85.1800
95.9400
70.6800
39.6800
41.1000
13.8500
16.9100
45.5300
37.5900
36.6500
90.3100
30.8000
14.7600
31.7800
16.4300
60.2700
40.2100
38.7300
20.9000
77.7100
26.1000
28.1800
24.1900
36.0800
96.8100
51.5200
20.3400
77.8200
58.2400
118.2900
88.3100
94.5800
88.6400
47.6100
45.0300
26.9100
64.7200
85.8200
23.6100
20.8100
50.6900
91.0900
34.0400
55.7900
98.5700
10.2700
36.5100
41.3900
58.1300
81.9000
31.7000
15.7700
26.4500
21.4500
22.5100
24.7900
22.3600
5.5100
6.1800
15.1600
23.3400
45.9300
17.1400
29.3900
75.3100
85.4000
51.5100
61.5800
73.3100
52.5900
14.7800
26.1700
7.4600
37.6100
46.6300
46.0600
31.7000
49.4800
73.8200
33.3600
141.3100
41.5300
37.3000
35.1400
33.4300
47.7700
46.4800
40.0200
40.9700
37.2800
34.1700
37.0000
77.2600
56.3700
96.4800
39.3900
76.3800
66.5900
38.1200
33.9300
58.1300
64.2600
72.5300
162.3700
73.4200
37.3000
33.5500
94.2900
97.9300
68.7400
9.1200
12.9500
71.4200
62.7700
11.4200
29.8900
126.1500
47.1600
41.2500
35.6300
43.6500
147.5200
29.9800
146.1400
33.1000
64.8900
34.6300
30.9100
35.1000
26.8200
39.9700
38.2000
55.3300
61.7000
32.9000
27.8600
30.8000
59.4000
34.1500
70.2400
76.3000
43.9700
45.7400
38.0500
30.1500
35.2900
43.0300
153.4900
81.2200
50.2000
19.0000
95.4400
113.5000
63.1100
73.3900
34.7200
150.8200
48.3000
72.0300
34.7100
42.1100
39.6600
22.1500
72.8900
33.4900
24.3000
44.3700
21.9000
35.9200
13.3600
17.9100
73.6300
80.0900
20.6600
5.1300
16.2100
135.9000
51.7200
56.8100
29.6400
43.7300
48.7600
84.3600
14.8400
72.4100
51.9900
30.6300
43.7800
86.8100
51.9700
23.3900
16.2900
23.0400
100.4000
77.1600
48.8792
61.0700
86.1192
70.0500
57.0600
60.7300
58.9729
86.2000
27.1200
38.4200
31.7300
14.0900
44.3400
95.0700
24.1900
29.3500
50.9255
87.8700
90.8200
70.0700
26.1439
18.9700
61.3800
74.5200
28.7400
55.8500
33.9885
92.3800
102.8200
65.4300
72.9200
32.8700
53.7900
128.8000
29.0800
29.4000
32.0818
18.9300
16.2300
22.2000
36.3400
71.3200
37.4500
38.3472
35.4459
56.1800
79.8300
32.7700
28.0900
45.6700
55.5600
25.8700
43.0900
41.4500
63.9100
44.1600
39.8900
26.8200
50.3100
50.4900
47.3500
43.9500
117.2400
31.5200
27.8212
25.6700
51.1300
52.5100
46.4300
28.6200
29.5800
63.9500
66.6200
63.4400
29.2500
45.8400
38.0300
52.1500
66.7600
114.2700
50.4900
67.2500
44.8100
32.5500
37.5100
83.5985
46.4100
31.6000
27.5000
36.8400
49.3300
41.7100
91.1300
54.2305
82.5771
42.5530
43.3661
51.0918
30.5807
92.0772
27.8500
79.3383
172.4500
40.0364
68.4750
15.6206
44.8906
42.8100
46.5738
36.8400
37.4100
37.8300
39.1300
62.4900
67.0200
19.2200
30.6808
51.8100
41.7100
26.5400
19.2100
19.4600
37.8100
66.4600
64.5400
35.8500
49.4500
101.2300
56.4700
37.4400
30.7900
111.1500
9.1800
21.4900
26.2300
16.3100
24.1300
63.5000
68.1000
63.1400
0.00
0.00
0.00
0.00
0.00
0.00
0.00
0.00
0.00
0.00
0.00
0.00
0.00
0.00
0.00
0.00
0.00
0.00
0.00
0.00
0.00
0.00
0.00
0.00
0.00
0.00
0.00
0.00
0.00
0.00
0.00
0.00
0.00
0.00
0.00
0.00
0.00
0.00
0.00
0.00
0.00
0.00
0.00
0.00
0.00
0.00
0.00
0.00
0.00
0.00
0.00
0.00
0.00
0.00
0.00
0.00
0.00
0.00
0.00
0.00
0.00
0.00
0.00
0.00
0.00
0.00
0.00
0.00
0.00
0.00
0.00
0.00
0.00
0.00
0.00
0.00
0.00
0.00
0.00
0.00
0.00
0.00
0.00
0.00
0.00
0.00
0.00
0.00
0.00
0.00
0.00
0.00
0.00
0.00
0.00
0.00
0.00
0.00
0.00
0.00
0.00
0.00
0.00
0.00
0.00
0.00
0.00
0.00
0.00
0.00
0.00
0.00
0.00
0.00
0.00
0.00
0.00
0.00
0.00
0.00
0.00
0.00
0.00
0.00
0.00
0.00
0.00
0.00
0.00
0.00
0.00
0.00
0.00
0.00
0.00
0.00
0.00
0.00
0.00
0.00
0.00
0.00
0.00
0.00
0.00
0.00
0.00
0.00
0.00
0.00
0.00
0.00
0.00
0.00
0.00
0.00
0.00
0.00
0.00
0.00
0.00
0.00
0.00
0.00
0.00
0.00
0.00
0.00
0.00
0.00
0.00
0.00
0.00
0.00
0.00
0.00
0.00
0.00
0.00
0.00
0.00
0.00
0.00
0.00
0.00
0.00
0.00
0.00
0.00
0.00
0.00
0.00
0.00
0.00
0.00
0.00
0.00
0.00
0.00
0.00
0.00
0.00
0.00
0.00
0.00
0.00
0.00
0.00
0.00
0.00
0.00
0.00
0.00
0.00
0.00
0.00
0.00
0.00
0.00
0.00
0.00
0.00
0.00
0.00
0.00
0.00
0.00
0.00
0.00
0.00
0.00
0.00
0.00
0.00
0.00
0.00
0.00
0.00
0.00
0.00
0.00
0.00
0.00
0.00
0.00
0.00
0.00
0.00
0.00
0.00
0.00
0.00
0.00
0.00
0.00
0.00
0.00
0.00
0.00
0.00
0.00
0.00
0.00
0.00
0.00
0.00
0.00
0.00
0.00
0.00
0.00
0.00
0.00
0.00
0.00
0.00
0.00
0.00
0.00
0.00
0.00
0.00
0.00
0.00
0.00
0.00
0.00
0.00
0.00
0.00
0.00
0.00
0.00
0.00
0.00
0.00
0.00
0.00
0.00
0.00
0.00
0.00
0.00
0.00
0.00
0.00
0.00
0.00
0.00
0.00
0.00
0.00
0.00
0.00
0.00
0.00
0.00
0.00
0.00
0.00
0.00
0.00
0.00
0.00
0.00
0.00
0.00
0.00
0.00
0.00
0.00
0.00
0.00
0.00
0.00
0.00
0.00
0.00
0.00
0.00
0.00
0.00
0.00
0.00
0.00
0.00
0.00
0.00
0.00
0.00
0.00
0.00
0.00
0.00
0.00
0.00
0.00
0.00
0.00
0.00
0.00
0.00
0.00
0.00
0.00
0.00
0.00
0.00
0.00
0.00
0.00
0.00
0.00
0.00
0.00
0.00
0.00
0.00
0.00
0.00
0.00
0.00
0.00
0.00
0.00
0.00
0.00
0.00
0.00
0.00
0.00
0.00
0.00
0.00
0.00
0.00
0.00
0.00
0.00
0.00
0.00
0.00
0.00
0.00
0.00
0.00
0.00
0.00
0.00
0.00
0.00
0.00
0.00
0.00
0.00
0.00
0.00
0.00
0.00
0.00
0.00
0.00
0.00
0.00
0.00
0.00
0.00
0.00
0.00
0.00
0.00
0.00
0.00
0.00
0.00
0.00
0.00
0.00
0.00
0.00
0.00
0.00
0.00
0.00
0.00
0.00
0.00
0.00
0.00
0.00
0.00
0.00
0.00
0.00
0.00
0.00
0.00
0.00
0.00
0.00
0.00
0.00
0.00
0.00
0.00
0.00
0.00
0.00
0.00
0.00
0.00
0.00
0.00
0.00
0.00
0.00
0.00
0.00
0.00
0.00
0.00
0.00
0.00
0.00
0.00
0.00
0.00
0.00
0.00
0.00
0.00
0.00
0.00
0.00
0.00
0.00
0.00
0.00
0.00
0.00
0.00
0.00
0.00
0.00
0.00
0.00
0.00
0.00
0.00
0.00
0.00
0.00
0.00
0.00
0.00
0.00
0.00
0.00
0.00
0.00
0.00
0.00
0.00
0.00
0.00
0.00
0.00
0.00
0.00
0.00
0.00
0.00
0.00
0.00
0.00
0.00
0.00
0.00
0.00
0.00
0.00
0.00
0.00
0.00
0.00
0.00
0.00
0.00
0.00
0.00
0.00
0.00
0.00
0.00
0.00
0.00
0.00
0.00
0.00
0.00
0.00
0.00
0.00
0.00
0.00
0.00
0.00
0.00
0.00
0.00
0.00
0.00
0.00
0.00
0.00
0.00
0.00
0.00
0.00
0.00
0.00
0.00
0.00
0.00
0.00
0.00
0.00
0.00
0.00
0.00
0.00
0.00
0.00
0.00
0.00
0.00
0.00
0.00
0.00
0.00
0.00
0.00
0.00
0.00
0.00
0.00
0.00
0.00
0.00
0.00
0.00
0.00
0.00
0.00
0.00
0.00
0.00
0.00
0.00
0.00
0.00
0.00
0.00
0.00
0.00
0.00
0.00
0.00
0.00
0.00
0.00
0.00
0.00
0.00
0.00
0.00
0.00
0.00
0.00
0.00
0.00
0.00
0.00
0.00
0.00
0.00
0.00
0.00
0.00
0.00
0.00
0.00
0.00
0.00
0.00
0.00
0.00
0.00
0.00
0.00
0.00
0.00
0.00
0.00
0.00
0.00
0.00
0.00
0.00
0.00
0.00
0.00
0.00
0.00
0.00
0.00
0.00
0.00
0.00
0.00
0.00
0.00
0.00
0.00
0.00
0.00
0.00
0.00
0.00
0.00
0.00
0.00
0.00
0.00
0.00
0.00
0.00
0.00
0.00
0.00
0.00
0.00
0.00
0.00
0.00
0.00
0.00
0.00
0.00
0.00
0.00
0.00
0.00
0.00
0.00
0.00
0.00
0.00
0.00
0.00
0.00
0.00
0.00
0.00
0.00
0.00
0.00
0.00
0.00
0.00
0.00
0.00
0.00
0.00
0.00
0.00
0.00
0.00
0.00
0.00
0.00
0.00
0.00
0.00
0.00
0.00
0.00
0.00
0.00
0.00
0.00
0.00
0.00
0.00
0.00
0.00
0.00
0.00
0.00
0.00
0.00
0.00
0.00
0.00
0.00
0.00
0.00
0.00
0.00
0.00
0.00
0.00
0.00
0.00
0.00
0.00
0.00
0.00
0.00
0.00
0.00
0.00
0.00
0.00
0.00
0.00
0.00
0.00
0.00
0.00
0.00
0.00
0.00
0.00
0.00
0.00
0.00
0.00
0.00
0.00
0.00
0.00
0.00
0.00
0.00
0.00
0.00
0.00
0.00
0.00
0.00
0.00
0.00
0.00
0.00
0.00
0.00
0.00
0.00
0.00
0.00
0.00
0.00
0.00
0.00
0.00
0.00
0.00
0.00
0.00
0.00
0.00
0.00
0.00
0.00
0.00
0.00
0.00
0.00
0.00
0.00
0.00
0.00
0.00
0.00
0.00
0.00
0.00
0.00
0.00
0.00
0.00
0.00
0.00
0.00
0.00
0.00
0.00
0.00
0.00
0.00
0.00
0.00
0.00
0.00
0.00
0.00
0.00
0.00
0.00
0.00
0.00
0.00
0.00
0.00
0.00
0.00
0.00
0.00
0.00
0.00
0.00
0.00
0.00
0.00
0.00
0.00
0.00
0.00
0.00
0.00
0.00
0.00
0.00
0.305000
-0.050000
4.526000
-26.793000
-0.045000
-3.495000
-2.255000
3.736000
-1.867000
-2.944000
3.461000
-1.725000
3.363000
-1.921000
-0.350000
-1.183000
-3.963000
0.100000
1.642000
0.049000
0.956000
1.775000
-0.276000
3.019000
2.616000
3.997000
-3.244000
-0.045000
-2.650000
0.129000
0.321000
2.851000
4.426000
0.450000
4.085000
3.273000
1.152000
-2.478000
-0.611000
16.113000
-0.050000
5.600000
5.550000
-3.657000
0.001000
20.291000
-22.385000
-0.050000
-0.200000
-3.740000
-2.693000
-2.680000
0.375000
3.383000
2.333000
-1.564000
-1.614000
3.626000
4.878000
2.146000
65.850000
-3.391000
-2.537000
-2.635000
-42.298000
-2.403000
-1.421000
-8.557000
2.422000
-0.696000
-3.590000
-0.250000
-0.570000
-0.100000
-1.566000
-0.792000
2.101000
-0.050000
-4.142000
-0.234000
-7.034000
-4.352000
-0.986000
-0.861000
-0.803000
3.236000
1.990000
-4.241000
-1.516000
-1.650000
2.434000
-0.880000
-0.414000
2.817000
4.779000
-2.679000
-4.732000
-0.086000
-0.400000
-6.730000
-7.480000
-7.530000
6.808000
6.757000
6.708000
6.658000
54.220000
54.120000
53.720000
53.020000
44.105000
39.372000
39.223000
-0.150000
-3.189000
-3.339000
-6.750000
3.278000
3.178000
-4.930000
-5.555000
-1.193000
-1.343000
1.818000
-1.868000
-1.681000
-1.781000
-1.922000
-2.488000
-2.249000
-0.735000
-0.777000
-1.634000
-2.718000
-2.301000
2.126000
1.976000
2.117000
-1.631000
2.665000
2.468000
-3.276000
5.949000
5.649000
5.599000
5.399000
5.099000
8.175000
8.025000
7.775000
7.725000
7.625000
3.472000
0.323000
-1.208000
0.471000
1.885000
1.491000
1.852000
-0.976000
-1.026000
-1.914000
-1.964000
-1.868000
3.703000
2.152000
0.200000
-0.600000
-0.200000
2.960000
-2.596000
14.045000
8.550000
6.450000
1.816000
-1.510000
-3.127000
-1.140000
-1.564000
-2.811000
-2.861000
-1.883000
-2.033000
-2.219000
-1.168000
-0.056000
-0.086000
1.168000
-0.294000
0.419000
0.327000
-0.402000
1.852000
1.082000
-1.924000
1.241000
1.276000
1.126000
2.643000
0.768000
-2.476000
1.269000
2.377000
0.916000
-2.078000
-0.718000
-2.832000
-4.276000
-2.724000
-2.203000
-0.600000
-0.003000
-2.222000
2.191000
-0.755000
0.281000
-4.091000
-5.182000
-4.406000
-6.863000
-4.167000
-0.064000
2.616000
-2.625000
-0.100000
0.511000
-0.310000
3.161000
3.061000
3.011000
2.961000
-6.850000
2.290000
2.240000
2.090000
63.200000
-0.100000
-0.099000
2.761000
-2.494000
-5.244000
1.712000
3.430000
-5.303000
-3.350000
-5.701000
5.175000
2.115000
1.985000
4.729000
3.823000
0.416000
-2.387000
-19.866000
-21.774000
3.728000
-0.200000
-2.427000
-3.440000
-1.306000
-0.076000
2.732000
2.956000
1.752000
-5.083000
4.326000
-1.481000
1.883000
3.817000
-3.913000
15.719000
-0.593000
2.411000
6.229000
2.892000
0.150000
0.050000
3.624000
1.292000
0.283000
1.504000
-2.839000
1.480000
0.110000
-2.590000
-5.299000
-0.050000
5.700000
1.441000
4.376000
0.050000
-1.594000
5.650000
-3.018000
-3.421000
-1.795000
-2.410000
-4.330000
-9.157000
-10.547000
-3.873000
-3.123000
-3.520000
-2.339000
-2.627000
-3.298000
-4.229000
-10.945000
-4.198000
10.050000
14.388000
-1.551000
-0.150000
1.738000
-0.153000
0.889000
-1.991000
-3.708000
-2.220000
-2.320000
0.574000
0.524000
2.654000
0.509000
0.309000
-31.186000
-29.804000
-30.882000
-30.729000
-30.300000
-34.827000
-0.070000
-0.020000
-0.044000
-7.413000
1.272000
0.036000
0.030000
-0.114000
-3.808000
1.078000
1.873000
-7.513000
-7.613000
-7.713000
-1.934000
-0.522000
-0.572000
-0.793000
-1.518000
-0.948000
-0.001000
-0.051000
-2.371000
-1.986000
-0.018000
-0.118000
-0.050000
-0.050000
1.784000
1.430000
1.987000
1.937000
-1.007000
-0.953000
-0.657000
-0.707000
-0.757000
-0.807000
1.887000
-0.300000
-0.350000
-0.600000
-0.700000
-0.800000
-0.850000
-0.350000
1.000000
-2.616000
1.216000
-1.650000
-1.650000
-1.850000
-2.300000
-2.350000
-2.400000
-2.550000
-2.600000
-2.700000
-3.050000
-3.350000
-3.450000
-3.800000
-4.150000
-4.200000
-4.250000
-4.300000
-4.350000
-4.550000
-4.600000
-4.650000
-4.750000
-5.050000
-5.200000
-5.300000
-5.400000
-5.550000
-5.750000
1.695000
-1.695000
-0.100000
-0.250000
-0.106000
-3.708000
-3.490000
-0.156000
-3.590000
-0.903000
-2.587000
-2.637000
-2.687000
-0.050000
0.050000
1.231000
1.444000
0.092000
-0.200000
-0.752000
-1.578000
2.402000
-2.730000
0.150000
1.460000
1.005000
0.732000
0.574000
0.496000
0.265000
0.249000
0.105000
0.329000
0.100000
0.604000
0.554000
0.427000
0.377000
0.575000
0.375000
0.275000
0.467000
0.417000
0.151000
0.051000
-0.049000
-0.049000
-0.383000
-0.120000
-0.370000
-0.420000
-0.655000
-0.744000
-0.668000
-0.760000
-0.050000
-0.253000
-0.891000
-0.585000
-1.154000
-0.302000
-0.593000
-0.709000
-0.822000
-0.922000
0.252000
-0.101000
0.191000
-0.084000
-5.495000
-5.645000
-5.745000
-1.354000
-1.504000
1.982000
1.932000
2.694000
3.343000
2.239000
1.989000
-0.350000
-0.400000
-2.330000
-3.180000
-3.280000
-1.681000
-1.831000
-1.881000
-1.931000
-1.198000
-1.298000
-2.724000
-2.774000
-5.180000
-5.230000
-5.780000
-5.830000
-5.980000
-6.030000
-6.080000
-6.180000
-6.330000
-0.150000
0.100000
1.395000
1.326000
-0.200000
-1.023000
-0.050000
1.126000
0.826000
1.599000
-1.604000
-2.301000
3.773000
3.723000
0.400000
-2.117000
-2.167000
-2.656000
-3.568000
-1.856000
-1.956000
-2.206000
-38.844000
-46.261000
-46.311000
-53.150000
-47.712000
-38.094000
-38.344000
-38.394000
-5.233000
-0.085000
-0.185000
0.044000
-0.306000
-0.456000
0.455000
1.217000
1.117000
-6.227000
-5.420000
-5.144000
-5.895000
-8.540000
-8.640000
-9.716000
-10.516000
-10.521000
-10.626000
2.690000
2.859000
-0.100000
-0.450000
-0.700000
-0.800000
-1.350000
-1.400000
-1.500000
-1.900000
-2.150000
-2.450000
-2.600000
-2.650000
-2.850000
-3.300000
-3.900000
-4.000000
-4.100000
-4.400000
-4.900000
-5.350000
-5.400000
-5.700000
-5.900000
-6.100000
-6.200000
4.380000
3.428000
5.329000
-22.605000
-22.382000
-24.146000
-2.008000
-4.125000
-3.244000
-3.644000
-3.371000
-2.263000
-2.463000
-3.694000
-4.173000
-5.150000
-2.862000
2.067000
0.100000
0.050000
1.940000
-0.927000
0.116000
0.950000
0.750000
0.550000
0.150000
0.100000
-0.050000
-0.100000
-0.200000
-0.800000
-0.850000
-1.000000
-1.050000
-1.150000
-1.400000
0.100000
0.334000
0.100000
0.134000
-3.354000
-6.840000
-4.338000
2.451000
2.401000
6.314000
9.668000
-61.562000
-0.200000
1.938000
2.138000
-0.300000
-0.350000
-0.700000
-0.035000
0.161000
0.332000
-0.050000
-0.100000
-0.201000
-0.316000
-0.350000
-0.562000
-0.655000
-0.246000
-0.298000
0.282000
-0.122000
0.172000
0.078000
0.291000
0.343000
-0.231000
0.016000
0.108000
0.050000
0.089000
-0.347000
0.284000
0.397000
-0.306000
-17.636000
0.016000
-0.084000
-0.234000
-0.100000
0.350000
0.150000
-1.034000
2.896000
2.796000
-0.250000
-0.300000
-0.720000
-1.878000
-0.997000
-2.975000
-0.275000
0.460000
0.410000
0.402000
-0.050000
-0.100000
-0.050000
0.750000
0.811000
-2.975000
-0.050000
-0.050000
-0.200000
-0.415000
0.001000
-0.800000
-1.494000
-0.150000
-1.644000
-0.100000
-1.744000
-0.200000
-4.217000
-0.276000
64.950000
64.850000
64.500000
64.000000
63.800000
-0.392000
1.108000
0.858000
2.273000
0.961000
-0.050000
1.262000
0.621000
-0.050000
0.521000
-0.549000
1.304000
1.254000
1.461000
1.361000
0.497000
0.447000
0.347000
0.347000
-0.150000
-0.300000
-0.250000
-0.450000
-0.200000
-0.350000
-0.050000
-0.100000
-0.150000
-0.350000
-0.050000
-0.100000
-0.150000
1.231000
1.729000
-4.080000
-0.350000
-0.650000
-0.700000
-0.800000
0.016000
0.050000
-0.350000
-0.350000
-0.229000
-2.250000
-1.650000
-1.550000
-1.500000
-0.857000
-2.376000
-0.643000
-0.925000
-7.363000
-0.050000
0.205000
-0.200000
-0.150000
0.100000
-5.960000
-4.346000
-2.737000
-0.100000
3.261000
2.377000
-0.750000
6.704000
-0.450000
-0.050000
-2.357000
-2.182000
2.767000
7.925000
-6.199000
-6.700000
-3.239000
48.496000
53.120000
0.016000
-6.042000
-2.939000
-2.839000
3.328000
4.534000
0.200000
0.166000
-0.392000
0.100000
0.050000
-2.106000
-2.006000
-1.806000
-1.806000
-1.907000
0.995000
-5.680000
-5.480000
-5.480000
-5.080000
-0.125000
-2.980000
-2.930000
0.175000
0.475000
-2.437000
-0.206000
-0.200000
-0.206000
-0.244000
-0.106000
-5.800000
-2.450000
-1.700000
0.950000
-0.050000
1.272000
-6.042000
-0.050000
-0.150000
-0.150000
0.500000
-3.470000
-0.050000
1.542000
-2.839000
3.111000
3.211000
0.223000
3.311000
3.361000
6.754000
-6.800000
2.817000
2.817000
2.337000
63.750000
-1.200000
-0.950000
-0.050000
0.050000
2.320000
-0.150000
-0.442000
-0.300000
0.066000
0.266000
-0.250000
0.077000
-1.350000
-0.150000
0.300000
-1.550000
-1.200000
-0.650000
0.796000
-0.256000
0.051000
-1.906000
0.547000
-6.230000
-5.580000
-5.330000
-5.280000
-2.874000
-2.674000
-1.248000
-1.485000
-2.380000
-5.395000
0.150000
-1.328000
-1.228000
-2.280000
-0.433000
-0.049000
0.101000
0.517000
0.475000
0.525000
0.477000
0.153000
-3.823000
